# Created by Octave 5.2.0, Thu Mar 17 20:19:05 2022 CET <student@gregor-Latitude-E6320>
# name: RFP
# type: scalar struct
# ndims: 2
 1 1
# length: 10
# name: vp
# type: sq_string
# elements: 1
# length: 3
V01


# name: mapping
# type: scalar
2


# name: date
# type: sq_string
# elements: 1
# length: 15
20220317T201723


# name: block
# type: scalar
3


# name: outmat
# type: matrix
# rows: 48
# columns: 14
 1 3 249 0.80000000000000004 2 3 16 2400 -1.1415926535897931 1.8851516246795654 53 0 0.81200000000000006 0.89999999999999991
 2 3 516 3 1 4 16 2400 -1.1415926535897931 0.93359255790710449 53 0 0.84599999999999997 0.69999999999999996
 3 3 307 1.2 1 3 20 2200 -1.1415926535897931 0.89885735511779785 53 0 0.84399999999999997 0.89999999999999991
 4 3 223 0.80000000000000004 1 4 16 2200 -3.1415926535897931 0.88511896133422852 59 1 0.86699999999999999 1
 5 3 327 1.2 1 4 20 2000 2.8584073464102069 1.2629992961883545 53 0 0.82899999999999996 0.89999999999999991
 6 3 150 0.40000000000000002 2 3 16 2200 2.8584073464102069 0.83093547821044922 59 1 1.0720000000000001 0.69999999999999996
 7 3 22 0 1 3 20 2400 1.8584073464102069 2.7524724006652832 59 1 1.04 1
 8 3 398 1.6000000000000001 1 3 20 2000 0.85840734641020688 1.2922172546386719 53 0 0.88100000000000001 0.89999999999999991
 9 3 407 1.6000000000000001 1 3 20 2400 -2.1415926535897931 0.9190528392791748 53 0 0.999 0.89999999999999991
 10 3 138 0.40000000000000002 1 4 20 2200 1.8584073464102069 0.8653719425201416 59 1 0.86899999999999999 1
 11 3 53 0 2 3 16 2200 -1.1415926535897931 1.1802353858947754 59 1 0.84699999999999998 0.79999999999999993
 12 3 243 0.80000000000000004 2 3 16 2000 1.8584073464102069 1.1653571128845215 53 0 1.1439999999999999 0.69999999999999996
 13 3 338 1.2 2 3 16 2000 -2.1415926535897931 1.2081804275512695 59 1 1.157 1
 14 3 535 3 2 3 16 2200 -0.14159265358979312 1.07106614112854 53 0 1.048 1
 15 3 108 0.40000000000000002 1 3 16 2400 -3.1415926535897931 1.0435259342193604 59 1 0.879 0.79999999999999993
 16 3 241 0.80000000000000004 2 3 16 2000 1.8584073464102069 1.0754320621490479 59 1 0.89700000000000002 0.89999999999999991
 17 3 419 1.6000000000000001 1 4 16 2400 1.8584073464102069 0.99722576141357422 53 0 1.008 1
 18 3 33 0 1 4 16 2400 2.8584073464102069 2.2579810619354248 59 1 1.1160000000000001 0.69999999999999996
 19 3 358 1.2 2 3 20 2400 -0.14159265358979312 1.1957323551177979 53 0 0.95299999999999996 0.89999999999999991
 20 3 235 0.80000000000000004 1 4 20 2200 0.85840734641020688 0.98479509353637695 53 0 0.94299999999999995 0.69999999999999996
 21 3 406 1.6000000000000001 1 3 20 2400 1.8584073464102069 0.95527267456054688 53 0 1.0700000000000001 0.89999999999999991
 22 3 19 0 1 3 20 2200 -1.1415926535897931 1.0571930408477783 59 1 1.0449999999999999 1
 23 3 9 0 1 3 16 2400 0.85840734641020688 0.98523473739624023 59 1 0.99299999999999999 1
 24 3 514 3 1 4 16 2400 0.85840734641020688 0.960906982421875 53 0 1.0269999999999999 0.69999999999999996
 25 3 58 0 2 3 16 2400 0.85840734641020688 1.1168761253356934 59 1 1.022 0.79999999999999993
 26 3 411 1.6000000000000001 1 4 16 2000 0.85840734641020688 1.0930476188659668 53 0 0.83199999999999996 1
 27 3 459 1.6000000000000001 2 4 16 2000 -0.14159265358979312 0.92826294898986816 53 0 0.88700000000000001 0.69999999999999996
 28 3 60 0 2 3 16 2400 1.8584073464102069 1.0202617645263672 59 1 1.153 0.69999999999999996
 29 3 525 3 1 4 20 2400 2.8584073464102069 1.9663827419281006 53 0 0.82199999999999995 0.79999999999999993
 30 3 32 0 1 4 16 2200 0.85840734641020688 1.0117723941802979 59 1 0.82399999999999995 0.89999999999999991
 31 3 479 1.6000000000000001 2 4 20 2400 2.8584073464102069 0.95712184906005859 53 0 1.0529999999999999 1
 32 3 123 0.40000000000000002 1 4 16 2000 -2.1415926535897931 0.93978047370910645 59 1 1.145 0.89999999999999991
 33 3 65 0 2 3 20 2200 1.8584073464102069 0.86589789390563965 59 1 0.98499999999999999 0.89999999999999991
 34 3 475 1.6000000000000001 2 4 20 2200 -1.1415926535897931 1.0050101280212402 53 0 1.089 1
 35 3 134 0.40000000000000002 1 4 20 2000 0.85840734641020688 0.97469806671142578 59 1 1.165 1
 36 3 282 0.80000000000000004 2 4 20 2200 -3.1415926535897931 1.0615983009338379 59 1 1.1910000000000001 0.69999999999999996
 37 3 483 3 1 3 16 2000 -2.1415926535897931 1.0117552280426025 53 0 1.052 0.89999999999999991
 38 3 35 0 1 4 16 2400 1.8584073464102069 0.9045112133026123 59 1 1.002 1
 39 3 409 1.6000000000000001 1 4 16 2000 -2.1415926535897931 0.93368983268737793 53 0 0.95799999999999996 0.89999999999999991
 40 3 474 1.6000000000000001 2 4 20 2200 0.85840734641020688 0.9529263973236084 53 0 1.016 0.69999999999999996
 41 3 551 3 2 3 20 2400 -1.1415926535897931 0.8656928539276123 53 0 1.1970000000000001 0.69999999999999996
 42 3 462 1.6000000000000001 2 4 16 2200 1.8584073464102069 1.0193550586700439 53 0 0.93000000000000005 1
 43 3 100 0.40000000000000002 1 3 16 2000 -3.1415926535897931 0.89864993095397949 59 1 0.95899999999999996 0.79999999999999993
 44 3 64 0 2 3 20 2000 2.8584073464102069 0.94246697425842285 59 1 0.97999999999999998 1
 45 3 264 0.80000000000000004 2 3 20 2400 -0.14159265358979312 1.1546287536621094 59 1 1.1890000000000001 1
 46 3 175 0.40000000000000002 2 4 16 2200 2.8584073464102069 0.83531355857849121 59 1 1.1259999999999999 0.69999999999999996
 47 3 520 3 1 4 20 2000 2.8584073464102069 0.98909831047058105 53 0 1.1850000000000001 1
 48 3 344 1.2 2 3 16 2200 -0.14159265358979312 0.91642022132873535 59 1 0.91200000000000003 0.79999999999999993


# name: resolution
# type: matrix
# rows: 1
# columns: 2
 1366 768


# name: hz
# type: scalar
60


# name: pc
# type: sq_string
# elements: 1
# length: 21
gregor-Latitude-E6320


# name: experiment
# type: sq_string
# elements: 1
# length: 4
RFPb


# name: isOctave
# type: bool
1




