# Created by Octave 5.2.0, Thu Mar 17 20:24:49 2022 CET <student@gregor-Latitude-E6320>
# name: RFP
# type: scalar struct
# ndims: 2
 1 1
# length: 10
# name: vp
# type: sq_string
# elements: 1
# length: 3
V01


# name: mapping
# type: scalar
2


# name: date
# type: sq_string
# elements: 1
# length: 15
20220317T202304


# name: block
# type: scalar
6


# name: outmat
# type: matrix
# rows: 48
# columns: 14
 1 6 569 3 2 4 20 2200 -0.14159265358979312 1.1061093807220459 53 0 0.98699999999999999 0.69999999999999996
 2 6 226 0.80000000000000004 1 4 16 2400 -0.14159265358979312 1.1172492504119873 59 1 0.81399999999999995 1
 3 6 208 0.80000000000000004 1 3 20 2000 -3.1415926535897931 1.2156050205230713 53 0 0.90000000000000002 0.79999999999999993
 4 6 335 1.2 1 4 20 2400 2.8584073464102069 0.96080136299133301 53 0 1.1799999999999999 0.79999999999999993
 5 6 331 1.2 1 4 20 2200 -0.14159265358979312 0.98018097877502441 53 0 0.91500000000000004 0.89999999999999991
 6 6 173 0.40000000000000002 2 4 16 2200 -0.14159265358979312 0.95170927047729492 59 1 0.83599999999999997 0.79999999999999993
 7 6 381 1.2 2 4 20 2400 2.8584073464102069 0.99089694023132324 53 0 0.90500000000000003 0.89999999999999991
 8 6 47 0 1 4 20 2400 -2.1415926535897931 0.97157406806945801 59 1 1.177 0.79999999999999993
 9 6 572 3 2 4 20 2200 0.85840734641020688 1.054795503616333 53 0 1.1339999999999999 1
 10 6 490 3 1 3 16 2400 0.85840734641020688 1.0947978496551514 53 0 1.0760000000000001 0.89999999999999991
 11 6 356 1.2 2 3 20 2200 1.8584073464102069 0.99080228805541992 53 0 0.94899999999999995 0.79999999999999993
 12 6 446 1.6000000000000001 2 3 20 2000 0.85840734641020688 0.96925139427185059 53 0 1.095 1
 13 6 421 1.6000000000000001 1 4 20 2000 0.85840734641020688 0.88490939140319824 53 0 1.097 0.79999999999999993
 14 6 203 0.80000000000000004 1 3 16 2400 -2.1415926535897931 0.94405245780944824 53 0 0.88900000000000001 0.89999999999999991
 15 6 16 0 1 3 20 2000 -3.1415926535897931 1.8754861354827881 59 1 0.92900000000000005 0.69999999999999996
 16 6 270 0.80000000000000004 2 4 16 2200 -0.14159265358979312 1.1105682849884033 59 1 1.014 0.69999999999999996
 17 6 438 1.6000000000000001 2 3 16 2200 1.8584073464102069 1.0181081295013428 53 0 1.0369999999999999 0.69999999999999996
 18 6 453 1.6000000000000001 2 3 20 2400 -0.14159265358979312 0.82027196884155273 53 0 1.1339999999999999 0.89999999999999991
 19 6 160 0.40000000000000002 2 3 20 2000 -2.1415926535897931 0.91297197341918945 53 0 0.997 0.79999999999999993
 20 6 291 1.2 1 3 16 2000 0.85840734641020688 1.0087621212005615 59 1 0.998 1
 21 6 507 3 1 4 16 2000 1.8584073464102069 1.1013331413269043 53 0 1.0940000000000001 1
 22 6 52 0 2 3 16 2000 -1.1415926535897931 0.99429488182067871 59 1 1.0329999999999999 1
 23 6 296 1.2 1 3 16 2200 0.85840734641020688 0.97463703155517578 53 0 1.0860000000000001 0.89999999999999991
 24 6 308 1.2 1 3 20 2200 -2.1415926535897931 0.86940193176269531 53 0 1.0589999999999999 0.69999999999999996
 25 6 61 0 2 3 20 2000 -2.1415926535897931 1.060333251953125 53 0 1.0700000000000001 0.69999999999999996
 26 6 218 0.80000000000000004 1 4 16 2000 1.8584073464102069 1.0893611907958984 59 1 1.1519999999999999 0.79999999999999993
 27 6 139 0.40000000000000002 1 4 20 2200 2.8584073464102069 1.0331735610961914 53 0 0.82899999999999996 0.69999999999999996
 28 6 13 0 1 3 20 2000 -0.14159265358979312 0.95875430107116699 59 1 0.80100000000000005 1
 29 6 420 1.6000000000000001 1 4 16 2400 -1.1415926535897931 1.1547870635986328 53 0 0.996 1
 30 6 192 0.40000000000000002 2 4 20 2400 -3.1415926535897931 0.90778779983520508 59 1 1.024 0.89999999999999991
 31 6 184 0.40000000000000002 2 4 20 2000 -3.1415926535897931 0.95755100250244141 53 0 1.0349999999999999 0.69999999999999996
 32 6 391 1.6000000000000001 1 3 16 2200 2.8584073464102069 2.4459006786346436 53 0 0.97899999999999998 1
 33 6 222 0.80000000000000004 1 4 16 2200 -1.1415926535897931 0.81642007827758789 53 0 0.97599999999999998 0.79999999999999993
 34 6 168 0.40000000000000002 2 3 20 2400 -0.14159265358979312 2.7953040599822998 53 0 1.125 0.79999999999999993
 35 6 25 0 1 4 16 2000 1.8584073464102069 0.98440265655517578 59 1 0.84399999999999997 0.79999999999999993
 36 6 63 0 2 3 20 2000 -1.1415926535897931 0.95351219177246094 59 1 0.94899999999999995 1
 37 6 86 0 2 4 20 2000 0.85840734641020688 3.015256404876709 59 1 0.98599999999999999 0.79999999999999993
 38 6 228 0.80000000000000004 1 4 16 2400 2.8584073464102069 0.99962353706359863 53 0 1.1140000000000001 0.79999999999999993
 39 6 209 0.80000000000000004 1 3 20 2200 -0.14159265358979312 0.88766884803771973 59 1 0.98299999999999998 1
 40 6 332 1.2 1 4 20 2200 0.85840734641020688 2.769801139831543 53 0 0.93500000000000005 0.69999999999999996
 41 6 90 0 2 4 20 2200 -0.14159265358979312 0.93822240829467773 59 1 1.1859999999999999 0.89999999999999991
 42 6 256 0.80000000000000004 2 3 20 2000 -3.1415926535897931 1.0495345592498779 53 0 0.97299999999999998 0.89999999999999991
 43 6 364 1.2 2 4 16 2000 -1.1415926535897931 0.98610019683837891 53 0 1.1080000000000001 0.69999999999999996
 44 6 84 0 2 4 16 2400 -0.14159265358979312 1.0803792476654053 59 1 0.81599999999999995 1
 45 6 395 1.6000000000000001 1 3 16 2400 2.8584073464102069 0.9629967212677002 53 0 0.89700000000000002 0.69999999999999996
 46 6 491 3 1 3 16 2400 2.8584073464102069 0.85876297950744629 53 0 0.93000000000000005 0.89999999999999991
 47 6 550 3 2 3 20 2400 -1.1415926535897931 0.91812801361083984 53 0 1.115 0.89999999999999991
 48 6 181 0.40000000000000002 2 4 20 2000 -0.14159265358979312 0.92848014831542969 59 1 0.89400000000000002 0.79999999999999993


# name: resolution
# type: matrix
# rows: 1
# columns: 2
 1366 768


# name: hz
# type: scalar
60


# name: pc
# type: sq_string
# elements: 1
# length: 21
gregor-Latitude-E6320


# name: experiment
# type: sq_string
# elements: 1
# length: 4
RFPb


# name: isOctave
# type: bool
1




