# Created by Octave 5.2.0, Thu Mar 17 20:36:06 2022 CET <student@gregor-Latitude-E6320>
# name: RFP
# type: scalar struct
# ndims: 2
 1 1
# length: 10
# name: vp
# type: sq_string
# elements: 1
# length: 3
V01


# name: mapping
# type: scalar
2


# name: date
# type: sq_string
# elements: 1
# length: 15
20220317T203414


# name: block
# type: scalar
12


# name: outmat
# type: matrix
# rows: 48
# columns: 14
 1 12 382 1.2 2 4 20 2400 1.8584073464102069 0.92616891860961914 53 0 0.84299999999999997 0.69999999999999996
 2 12 522 3 1 4 20 2200 2.8584073464102069 0.87133932113647461 53 0 1.151 0.79999999999999993
 3 12 460 1.6000000000000001 2 4 16 2000 -3.1415926535897931 0.8423011302947998 53 0 1.127 1
 4 12 272 0.80000000000000004 2 4 16 2200 -2.1415926535897931 0.85426640510559082 53 0 0.95699999999999996 0.69999999999999996
 5 12 56 0 2 3 16 2200 -2.1415926535897931 2.3446784019470215 59 1 1.048 0.89999999999999991
 6 12 334 1.2 1 4 20 2400 2.8584073464102069 1.8866434097290039 53 0 1.1060000000000001 0.89999999999999991
 7 12 502 3 1 3 20 2400 -2.1415926535897931 1.0053699016571045 53 0 0.89000000000000001 0.69999999999999996
 8 12 275 0.80000000000000004 2 4 16 2400 0.85840734641020688 1.3515937328338623 53 0 0.94299999999999995 0.69999999999999996
 9 12 211 0.80000000000000004 1 3 20 2200 0.85840734641020688 2.4685120582580566 53 0 1.143 0.89999999999999991
 10 12 196 0.80000000000000004 1 3 16 2000 -1.1415926535897931 1.0802931785583496 53 0 1.01 0.79999999999999993
 11 12 66 0 2 3 20 2200 0.85840734641020688 1.164055347442627 59 1 1.004 1
 12 12 252 0.80000000000000004 2 3 16 2400 -1.1415926535897931 1.3231723308563232 59 1 1.0329999999999999 0.79999999999999993
 13 12 329 1.2 1 4 20 2200 -3.1415926535897931 2.9158501625061035 53 0 0.82699999999999996 0.79999999999999993
 14 12 500 3 1 3 20 2200 -1.1415926535897931 0.81953072547912598 53 0 0.83199999999999996 0.79999999999999993
 15 12 422 1.6000000000000001 1 4 20 2000 -3.1415926535897931 2.8140475749969482 53 0 1.052 1
 16 12 426 1.6000000000000001 1 4 20 2200 -2.1415926535897931 1.3252811431884766 53 0 1.0660000000000001 0.69999999999999996
 17 12 450 1.6000000000000001 2 3 20 2200 -2.1415926535897931 0.95532011985778809 53 0 1.163 0.89999999999999991
 18 12 179 0.40000000000000002 2 4 16 2400 -1.1415926535897931 1.3221380710601807 59 1 1.093 1
 19 12 470 1.6000000000000001 2 4 20 2000 2.8584073464102069 1.6383101940155029 53 0 1.097 1
 20 12 10 0 1 3 16 2400 2.8584073464102069 1.1026723384857178 59 1 0.97099999999999997 0.69999999999999996
 21 12 542 3 2 3 20 2000 -0.14159265358979312 0.96522903442382812 53 0 0.81999999999999995 0.89999999999999991
 22 12 29 0 1 4 16 2200 -1.1415926535897931 1.0722548961639404 59 1 0.98799999999999999 1
 23 12 557 3 2 4 16 2200 -0.14159265358979312 1.1225800514221191 53 0 1.1299999999999999 0.79999999999999993
 24 12 216 0.80000000000000004 1 3 20 2400 0.85840734641020688 1.2783215045928955 53 0 0.872 0.89999999999999991
 25 12 316 1.2 1 4 16 2000 -3.1415926535897931 1.0282449722290039 53 0 1.016 0.69999999999999996
 26 12 504 3 1 3 20 2400 -2.1415926535897931 1.0464694499969482 53 0 1.1140000000000001 0.79999999999999993
 27 12 153 0.40000000000000002 2 3 16 2400 -1.1415926535897931 1.047393798828125 59 1 1.2 1
 28 12 157 0.40000000000000002 2 3 20 2000 0.85840734641020688 1.3519971370697021 59 1 0.81100000000000005 1
 29 12 570 3 2 4 20 2200 -0.14159265358979312 1.6308784484863281 53 0 1.056 0.89999999999999991
 30 12 472 1.6000000000000001 2 4 20 2000 2.8584073464102069 1.2262063026428223 53 0 1.073 0.89999999999999991
 31 12 176 0.40000000000000002 2 4 16 2200 1.8584073464102069 1.3808081150054932 59 1 1.056 0.79999999999999993
 32 12 387 1.6000000000000001 1 3 16 2000 -3.1415926535897931 0.88756203651428223 53 0 0.81899999999999995 1
 33 12 531 3 2 3 16 2000 -2.1415926535897931 1.3154222965240479 53 0 0.82799999999999996 0.89999999999999991
 34 12 127 0.40000000000000002 1 4 16 2200 2.8584073464102069 1.2343268394470215 59 1 1.103 0.79999999999999993
 35 12 377 1.2 2 4 20 2200 -1.1415926535897931 1.0195317268371582 53 0 1.1930000000000001 0.79999999999999993
 36 12 389 1.6000000000000001 1 3 16 2200 -1.1415926535897931 1.079833984375 53 0 1.109 0.79999999999999993
 37 12 289 1.2 1 3 16 2000 -0.14159265358979312 1.0940699577331543 53 0 0.94099999999999995 0.69999999999999996
 38 12 7 0 1 3 16 2200 2.8584073464102069 1.0896704196929932 59 1 0.91900000000000004 0.69999999999999996
 39 12 107 0.40000000000000002 1 3 16 2400 -0.14159265358979312 1.8257803916931152 59 1 0.89600000000000002 1
 40 12 152 0.40000000000000002 2 3 16 2200 0.85840734641020688 1.30753493309021 59 1 1.109 0.69999999999999996
 41 12 229 0.80000000000000004 1 4 20 2000 -3.1415926535897931 1.2079412937164307 53 0 0.83499999999999996 1
 42 12 464 1.6000000000000001 2 4 16 2200 -2.1415926535897931 1.8019769191741943 59 1 0.83499999999999996 0.69999999999999996
 43 12 565 3 2 4 20 2000 2.8584073464102069 1.0101840496063232 53 0 0.88600000000000001 0.79999999999999993
 44 12 328 1.2 1 4 20 2000 1.8584073464102069 1.8734123706817627 53 0 0.86099999999999999 0.89999999999999991
 45 12 434 1.6000000000000001 2 3 16 2000 -0.14159265358979312 1.0809330940246582 53 0 0.996 1
 46 12 336 1.2 1 4 20 2400 1.8584073464102069 1.0368971824645996 53 0 1.032 1
 47 12 286 0.80000000000000004 2 4 20 2400 -3.1415926535897931 1.1482822895050049 53 0 0.81899999999999995 0.89999999999999991
 48 12 523 3 1 4 20 2200 1.8584073464102069 1.0819571018218994 53 0 0.97899999999999998 0.69999999999999996


# name: resolution
# type: matrix
# rows: 1
# columns: 2
 1366 768


# name: hz
# type: scalar
60


# name: pc
# type: sq_string
# elements: 1
# length: 21
gregor-Latitude-E6320


# name: experiment
# type: sq_string
# elements: 1
# length: 4
RFPb


# name: isOctave
# type: bool
1




