# Created by Octave 5.2.0, Thu Mar 17 20:28:36 2022 CET <student@gregor-Latitude-E6320>
# name: RFP
# type: scalar struct
# ndims: 2
 1 1
# length: 10
# name: vp
# type: sq_string
# elements: 1
# length: 3
V01


# name: mapping
# type: scalar
2


# name: date
# type: sq_string
# elements: 1
# length: 15
20220317T202642


# name: block
# type: scalar
8


# name: outmat
# type: matrix
# rows: 48
# columns: 14
 1 8 288 0.80000000000000004 2 4 20 2400 2.8584073464102069 2.1490366458892822 53 0 0.97199999999999998 0.69999999999999996
 2 8 451 1.6000000000000001 2 3 20 2200 2.8584073464102069 1.2392311096191406 53 0 0.82099999999999995 0.69999999999999996
 3 8 517 3 1 4 20 2000 1.8584073464102069 1.0520548820495605 53 0 1.0820000000000001 1
 4 8 37 0 1 4 20 2000 1.8584073464102069 1.0063426494598389 59 1 0.93500000000000005 0.79999999999999993
 5 8 167 0.40000000000000002 2 3 20 2400 -0.14159265358979312 1.5406484603881836 59 1 0.87 0.79999999999999993
 6 8 342 1.2 2 3 16 2200 -0.14159265358979312 2.8681952953338623 53 0 0.82099999999999995 1
 7 8 325 1.2 1 4 20 2000 -0.14159265358979312 1.14919114112854 53 0 1.046 0.89999999999999991
 8 8 573 3 2 4 20 2400 -1.1415926535897931 2.6437602043151855 53 0 0.873 0.79999999999999993
 9 8 114 0.40000000000000002 1 3 20 2200 -2.1415926535897931 1.1770110130310059 59 1 0.95299999999999996 0.89999999999999991
 10 8 80 0 2 4 16 2200 -2.1415926535897931 1.0575699806213379 59 1 0.877 0.79999999999999993
 11 8 444 1.6000000000000001 2 3 16 2400 2.8584073464102069 1.0680387020111084 53 0 1.1279999999999999 0.69999999999999996
 12 8 521 3 1 4 20 2200 -3.1415926535897931 1.3130772113800049 53 0 0.96699999999999997 0.89999999999999991
 13 8 539 3 2 3 16 2400 2.8584073464102069 1.0483851432800293 53 0 0.90200000000000002 0.79999999999999993
 14 8 128 0.40000000000000002 1 4 16 2200 2.8584073464102069 0.95783281326293945 59 1 0.97099999999999997 0.89999999999999991
 15 8 526 3 1 4 20 2400 2.8584073464102069 1.0030069351196289 53 0 1.177 0.89999999999999991
 16 8 303 1.2 1 3 20 2000 -1.1415926535897931 2.1185729503631592 53 0 1.1739999999999999 0.79999999999999993
 17 8 405 1.6000000000000001 1 3 20 2400 2.8584073464102069 1.0752780437469482 53 0 1.034 0.69999999999999996
 18 8 388 1.6000000000000001 1 3 16 2000 -3.1415926535897931 1.0560922622680664 53 0 1.1140000000000001 0.69999999999999996
 19 8 248 0.80000000000000004 2 3 16 2200 1.8584073464102069 0.92755818367004395 53 0 1.0880000000000001 0.79999999999999993
 20 8 548 3 2 3 20 2200 -3.1415926535897931 0.90912294387817383 53 0 1.0840000000000001 0.69999999999999996
 21 8 441 1.6000000000000001 2 3 16 2400 -2.1415926535897931 1.0361862182617188 59 1 1.1739999999999999 1
 22 8 518 3 1 4 20 2000 -0.14159265358979312 0.99648571014404297 53 0 0.85599999999999998 0.89999999999999991
 23 8 255 0.80000000000000004 2 3 20 2000 -3.1415926535897931 0.97610020637512207 53 0 0.98499999999999999 0.69999999999999996
 24 8 221 0.80000000000000004 1 4 16 2200 0.85840734641020688 0.88843703269958496 59 1 1.151 0.89999999999999991
 25 8 165 0.40000000000000002 2 3 20 2400 2.8584073464102069 1.0911946296691895 53 0 0.94999999999999996 0.69999999999999996
 26 8 366 1.2 2 4 16 2200 -3.1415926535897931 0.98107695579528809 59 1 1.1879999999999999 0.89999999999999991
 27 8 528 3 1 4 20 2400 -3.1415926535897931 3.398646354675293 53 0 1.145 0.79999999999999993
 28 8 142 0.40000000000000002 1 4 20 2400 1.8584073464102069 1.3551554679870605 59 1 0.88300000000000001 0.79999999999999993
 29 8 562 3 2 4 16 2400 -3.1415926535897931 1.3280665874481201 53 0 0.876 0.79999999999999993
 30 8 178 0.40000000000000002 2 4 16 2400 2.8584073464102069 0.96766304969787598 59 1 1.0820000000000001 0.79999999999999993
 31 8 95 0 2 4 20 2400 -2.1415926535897931 0.85622882843017578 59 1 1.1160000000000001 0.69999999999999996
 32 8 104 0.40000000000000002 1 3 16 2200 1.8584073464102069 0.92686843872070312 59 1 1.04 0.69999999999999996
 33 8 435 1.6000000000000001 2 3 16 2000 -0.14159265358979312 0.95343852043151855 53 0 0.82599999999999996 0.69999999999999996
 34 8 254 0.80000000000000004 2 3 20 2000 1.8584073464102069 2.4909090995788574 53 0 0.81100000000000005 1
 35 8 260 0.80000000000000004 2 3 20 2200 -0.14159265358979312 1.1606636047363281 53 0 1.125 1
 36 8 287 0.80000000000000004 2 4 20 2400 0.85840734641020688 0.83578228950500488 53 0 0.85299999999999998 0.89999999999999991
 37 8 111 0.40000000000000002 1 3 20 2000 2.8584073464102069 0.89201116561889648 53 0 0.94099999999999995 0.79999999999999993
 38 8 533 3 2 3 16 2200 -2.1415926535897931 0.90265560150146484 53 0 0.88500000000000001 1
 39 8 461 1.6000000000000001 2 4 16 2200 -1.1415926535897931 2.4990155696868896 53 0 0.89800000000000002 1
 40 8 82 0 2 4 16 2400 -2.1415926535897931 2.1293110847473145 59 1 0.96399999999999997 0.89999999999999991
 41 8 45 0 1 4 20 2400 1.8584073464102069 0.98848414421081543 59 1 1.1080000000000001 0.79999999999999993
 42 8 357 1.2 2 3 20 2400 -2.1415926535897931 0.89598751068115234 53 0 1.153 0.69999999999999996
 43 8 224 0.80000000000000004 1 4 16 2200 -3.1415926535897931 2.8346374034881592 59 1 1.0960000000000001 0.89999999999999991
 44 8 393 1.6000000000000001 1 3 16 2400 1.8584073464102069 0.91087579727172852 53 0 0.88400000000000001 0.89999999999999991
 45 8 545 3 2 3 20 2200 -3.1415926535897931 0.90971112251281738 53 0 0.998 1
 46 8 345 1.2 2 3 16 2400 -2.1415926535897931 0.89127516746520996 53 0 0.93000000000000005 1
 47 8 380 1.2 2 4 20 2200 -2.1415926535897931 2.6180846691131592 53 0 0.998 0.89999999999999991
 48 8 512 3 1 4 16 2200 0.85840734641020688 1.1000161170959473 53 0 0.93799999999999994 0.89999999999999991


# name: resolution
# type: matrix
# rows: 1
# columns: 2
 1366 768


# name: hz
# type: scalar
60


# name: pc
# type: sq_string
# elements: 1
# length: 21
gregor-Latitude-E6320


# name: experiment
# type: sq_string
# elements: 1
# length: 4
RFPb


# name: isOctave
# type: bool
1




