# Created by Octave 5.2.0, Thu Mar 17 20:21:07 2022 CET <student@gregor-Latitude-E6320>
# name: RFP
# type: scalar struct
# ndims: 2
 1 1
# length: 10
# name: vp
# type: sq_string
# elements: 1
# length: 3
V01


# name: mapping
# type: scalar
2


# name: date
# type: sq_string
# elements: 1
# length: 15
20220317T201907


# name: block
# type: scalar
4


# name: outmat
# type: matrix
# rows: 48
# columns: 14
 1 4 2 0 1 3 16 2000 -3.1415926535897931 0.86021780967712402 59 1 1.139 0.69999999999999996
 2 4 480 1.6000000000000001 2 4 20 2400 2.8584073464102069 0.98055601119995117 53 0 1.198 0.79999999999999993
 3 4 91 0 2 4 20 2200 -0.14159265358979312 2.4306089878082275 59 1 0.93600000000000005 0.79999999999999993
 4 4 538 3 2 3 16 2400 2.8584073464102069 1.1257736682891846 53 0 1.123 0.79999999999999993
 5 4 348 1.2 2 3 16 2400 2.8584073464102069 1.1264479160308838 53 0 0.96799999999999997 0.89999999999999991
 6 4 423 1.6000000000000001 1 4 20 2000 2.8584073464102069 1.1370625495910645 59 1 0.86599999999999999 0.89999999999999991
 7 4 476 1.6000000000000001 2 4 20 2200 1.8584073464102069 1.027130126953125 53 0 0.93700000000000006 0.89999999999999991
 8 4 295 1.2 1 3 16 2200 -1.1415926535897931 1.4414088726043701 53 0 0.86199999999999999 0.89999999999999991
 9 4 143 0.40000000000000002 1 4 20 2400 -0.14159265358979312 1.2725989818572998 59 1 1.1559999999999999 0.89999999999999991
 10 4 402 1.6000000000000001 1 3 20 2200 2.8584073464102069 1.060732364654541 53 0 0.89800000000000002 0.89999999999999991
 11 4 566 3 2 4 20 2000 -3.1415926535897931 0.93412899971008301 53 0 1.125 0.69999999999999996
 12 4 429 1.6000000000000001 1 4 20 2400 1.8584073464102069 0.95833683013916016 53 0 1.0009999999999999 1
 13 4 424 1.6000000000000001 1 4 20 2000 0.85840734641020688 3.5282835960388184 53 0 1.012 1
 14 4 445 1.6000000000000001 2 3 20 2000 1.8584073464102069 0.87176203727722168 53 0 1.145 1
 15 4 279 0.80000000000000004 2 4 20 2000 -0.14159265358979312 2.509784460067749 53 0 0.85499999999999998 0.79999999999999993
 16 4 365 1.2 2 4 16 2200 -1.1415926535897931 1.1855525970458984 59 1 0.96899999999999997 0.79999999999999993
 17 4 465 1.6000000000000001 2 4 16 2400 0.85840734641020688 1.0765206813812256 53 0 0.91000000000000003 0.89999999999999991
 18 4 284 0.80000000000000004 2 4 20 2200 0.85840734641020688 0.96358680725097656 53 0 1.0509999999999999 0.89999999999999991
 19 4 266 0.80000000000000004 2 4 16 2000 -3.1415926535897931 1.0080921649932861 59 1 1.0009999999999999 0.89999999999999991
 20 4 519 3 1 4 20 2000 -2.1415926535897931 0.9421849250793457 53 0 1.1919999999999999 0.89999999999999991
 21 4 379 1.2 2 4 20 2200 2.8584073464102069 0.87008547782897949 53 0 0.88800000000000001 0.69999999999999996
 22 4 449 1.6000000000000001 2 3 20 2200 2.8584073464102069 2.7796833515167236 53 0 1.1240000000000001 0.69999999999999996
 23 4 182 0.40000000000000002 2 4 20 2000 0.85840734641020688 1.0921261310577393 59 1 1.0409999999999999 0.69999999999999996
 24 4 263 0.80000000000000004 2 3 20 2400 1.8584073464102069 0.9998471736907959 53 0 0.92400000000000004 0.79999999999999993
 25 4 169 0.40000000000000002 2 4 16 2000 -2.1415926535897931 2.4174940586090088 59 1 1.1679999999999999 0.69999999999999996
 26 4 397 1.6000000000000001 1 3 20 2000 -0.14159265358979312 0.91840791702270508 53 0 0.85199999999999998 0.69999999999999996
 27 4 274 0.80000000000000004 2 4 16 2400 -1.1415926535897931 0.84167575836181641 59 1 0.86299999999999999 0.79999999999999993
 28 4 67 0 2 3 20 2200 0.85840734641020688 1.0205442905426025 59 1 1.129 0.79999999999999993
 29 4 532 3 2 3 16 2000 -3.1415926535897931 0.9519495964050293 53 0 1.0629999999999999 0.89999999999999991
 30 4 48 0 1 4 20 2400 0.85840734641020688 0.88624835014343262 59 1 1.0489999999999999 0.79999999999999993
 31 4 428 1.6000000000000001 1 4 20 2200 -0.14159265358979312 1.0240321159362793 53 0 0.93600000000000005 0.79999999999999993
 32 4 506 3 1 4 16 2000 1.8584073464102069 0.90804839134216309 53 0 1.0609999999999999 1
 33 4 148 0.40000000000000002 2 3 16 2000 -1.1415926535897931 0.84223604202270508 59 1 0.89100000000000001 0.79999999999999993
 34 4 247 0.80000000000000004 2 3 16 2200 -1.1415926535897931 0.82925796508789062 59 1 0.98599999999999999 0.89999999999999991
 35 4 559 3 2 4 16 2200 -3.1415926535897931 2.2475411891937256 53 0 1.1539999999999999 0.89999999999999991
 36 4 568 3 2 4 20 2000 0.85840734641020688 0.97124671936035156 53 0 0.96099999999999997 0.79999999999999993
 37 4 206 0.80000000000000004 1 3 20 2000 -1.1415926535897931 0.99928927421569824 53 0 1.115 0.79999999999999993
 38 4 269 0.80000000000000004 2 4 16 2200 2.8584073464102069 2.8398346900939941 59 1 1.177 0.89999999999999991
 39 4 106 0.40000000000000002 1 3 16 2400 -1.1415926535897931 1.7005846500396729 59 1 0.876 1
 40 4 537 3 2 3 16 2400 -2.1415926535897931 1.5395491123199463 53 0 0.92100000000000004 0.69999999999999996
 41 4 94 0 2 4 20 2400 0.85840734641020688 4.8665404319763184 59 1 1.028 0.89999999999999991
 42 4 530 3 2 3 16 2000 -3.1415926535897931 1.0731949806213379 53 0 1.0880000000000001 0.89999999999999991
 43 4 89 0 2 4 20 2200 1.8584073464102069 3.6167261600494385 59 1 0.85699999999999998 0.79999999999999993
 44 4 49 0 2 3 16 2000 1.8584073464102069 1.2586491107940674 59 1 1.1259999999999999 1
 45 4 161 0.40000000000000002 2 3 20 2200 0.85840734641020688 1.1485743522644043 59 1 0.94499999999999995 0.89999999999999991
 46 4 457 1.6000000000000001 2 4 16 2000 -3.1415926535897931 1.2612130641937256 53 0 1.0780000000000001 1
 47 4 396 1.6000000000000001 1 3 16 2400 -0.14159265358979312 1.6422014236450195 53 0 1.042 0.69999999999999996
 48 4 415 1.6000000000000001 1 4 16 2200 -1.1415926535897931 2.3257062435150146 59 1 1.01 1


# name: resolution
# type: matrix
# rows: 1
# columns: 2
 1366 768


# name: hz
# type: scalar
60


# name: pc
# type: sq_string
# elements: 1
# length: 21
gregor-Latitude-E6320


# name: experiment
# type: sq_string
# elements: 1
# length: 4
RFPb


# name: isOctave
# type: bool
1




