# Created by Octave 5.2.0, Thu Mar 17 20:26:40 2022 CET <student@gregor-Latitude-E6320>
# name: RFP
# type: scalar struct
# ndims: 2
 1 1
# length: 10
# name: vp
# type: sq_string
# elements: 1
# length: 3
V01


# name: mapping
# type: scalar
2


# name: date
# type: sq_string
# elements: 1
# length: 15
20220317T202451


# name: block
# type: scalar
7


# name: outmat
# type: matrix
# rows: 48
# columns: 14
 1 7 200 0.80000000000000004 1 3 16 2200 -0.14159265358979312 0.86560392379760742 59 1 0.99199999999999999 0.69999999999999996
 2 7 306 1.2 1 3 20 2200 -1.1415926535897931 0.87833762168884277 53 0 0.84399999999999997 1
 3 7 363 1.2 2 4 16 2000 1.8584073464102069 0.98415541648864746 53 0 0.84999999999999998 0.89999999999999991
 4 7 202 0.80000000000000004 1 3 16 2400 2.8584073464102069 0.90342998504638672 53 0 1.181 0.89999999999999991
 5 7 513 3 1 4 16 2400 -0.14159265358979312 2.4603466987609863 53 0 1.1890000000000001 0.79999999999999993
 6 7 261 0.80000000000000004 2 3 20 2400 1.8584073464102069 1.0067899227142334 53 0 1.071 0.89999999999999991
 7 7 447 1.6000000000000001 2 3 20 2000 -0.14159265358979312 1.7909603118896484 53 0 0.90700000000000003 0.89999999999999991
 8 7 469 1.6000000000000001 2 4 20 2000 0.85840734641020688 1.408397912979126 53 0 1.081 0.79999999999999993
 9 7 121 0.40000000000000002 1 4 16 2000 -3.1415926535897931 1.1294829845428467 59 1 1.004 0.79999999999999993
 10 7 386 1.6000000000000001 1 3 16 2000 2.8584073464102069 1.1818790435791016 53 0 0.82299999999999995 1
 11 7 3 0 1 3 16 2000 -1.1415926535897931 1.0941503047943115 59 1 1.0409999999999999 0.69999999999999996
 12 7 156 0.40000000000000002 2 3 16 2400 -0.14159265358979312 1.1957902908325195 59 1 0.97299999999999998 0.69999999999999996
 13 7 233 0.80000000000000004 1 4 20 2200 -1.1415926535897931 1.8465774059295654 53 0 0.93799999999999994 1
 14 7 280 0.80000000000000004 2 4 20 2000 0.85840734641020688 1.2990021705627441 59 1 1.0640000000000001 0.79999999999999993
 15 7 527 3 1 4 20 2400 2.8584073464102069 1.7195990085601807 53 0 0.96999999999999997 0.79999999999999993
 16 7 124 0.40000000000000002 1 4 16 2000 0.85840734641020688 1.0508186817169189 59 1 0.95799999999999996 0.69999999999999996
 17 7 92 0 2 4 20 2200 0.85840734641020688 1.3090310096740723 59 1 1.1439999999999999 0.89999999999999991
 18 7 81 0 2 4 16 2400 -0.14159265358979312 1.2047853469848633 59 1 1.107 1
 19 7 26 0 1 4 16 2000 2.8584073464102069 1.1243610382080078 59 1 1.0660000000000001 0.89999999999999991
 20 7 116 0.40000000000000002 1 3 20 2200 2.8584073464102069 1.275179386138916 53 0 1.0329999999999999 1
 21 7 78 0 2 4 16 2200 -3.1415926535897931 1.2040765285491943 59 1 0.80900000000000005 1
 22 7 293 1.2 1 3 16 2200 1.8584073464102069 1.3733892440795898 53 0 0.94799999999999995 1
 23 7 125 0.40000000000000002 1 4 16 2200 0.85840734641020688 1.0865769386291504 59 1 1.161 0.89999999999999991
 24 7 189 0.40000000000000002 2 4 20 2400 -2.1415926535897931 1.4367198944091797 59 1 1.004 0.79999999999999993
 25 7 236 0.80000000000000004 1 4 20 2200 -2.1415926535897931 1.2525689601898193 53 0 1.1899999999999999 0.79999999999999993
 26 7 119 0.40000000000000002 1 3 20 2400 1.8584073464102069 1.3956904411315918 59 1 1.1359999999999999 0.69999999999999996
 27 7 271 0.80000000000000004 2 4 16 2200 0.85840734641020688 1.0690250396728516 53 0 0.84799999999999998 0.89999999999999991
 28 7 310 1.2 1 3 20 2400 1.8584073464102069 1.0511484146118164 53 0 1.0169999999999999 0.79999999999999993
 29 7 244 0.80000000000000004 2 3 16 2000 0.85840734641020688 1.9590573310852051 53 0 1.1830000000000001 1
 30 7 515 3 1 4 16 2400 -0.14159265358979312 1.1304352283477783 53 0 0.92200000000000004 1
 31 7 374 1.2 2 4 20 2000 -0.14159265358979312 1.2569093704223633 53 0 1.1140000000000001 0.79999999999999993
 32 7 185 0.40000000000000002 2 4 20 2200 1.8584073464102069 1.0470969676971436 59 1 0.94599999999999995 0.89999999999999991
 33 7 485 3 1 3 16 2200 0.85840734641020688 1.064772367477417 53 0 1.071 0.89999999999999991
 34 7 199 0.80000000000000004 1 3 16 2200 -1.1415926535897931 0.94058132171630859 53 0 1.0660000000000001 0.79999999999999993
 35 7 501 3 1 3 20 2400 -3.1415926535897931 0.97699141502380371 53 0 1.044 0.69999999999999996
 36 7 313 1.2 1 4 16 2000 -0.14159265358979312 1.0970964431762695 53 0 0.83299999999999996 0.79999999999999993
 37 7 79 0 2 4 16 2200 2.8584073464102069 1.0477933883666992 59 1 1.125 1
 38 7 174 0.40000000000000002 2 4 16 2200 -3.1415926535897931 1.0029876232147217 59 1 1.196 0.79999999999999993
 39 7 373 1.2 2 4 20 2000 -0.14159265358979312 1.0094478130340576 53 0 1.0149999999999999 0.69999999999999996
 40 7 267 0.80000000000000004 2 4 16 2000 -1.1415926535897931 0.97411179542541504 53 0 1.1719999999999999 0.79999999999999993
 41 7 349 1.2 2 3 20 2000 -1.1415926535897931 1.1495101451873779 53 0 0.84099999999999997 0.69999999999999996
 42 7 354 1.2 2 3 20 2200 0.85840734641020688 1.1380603313446045 53 0 1.1859999999999999 1
 43 7 68 0 2 3 20 2200 -3.1415926535897931 1.1304562091827393 59 1 0.88800000000000001 1
 44 7 510 3 1 4 16 2200 -3.1415926535897931 1.1627988815307617 53 0 0.86699999999999999 0.69999999999999996
 45 7 339 1.2 2 3 16 2000 -0.14159265358979312 1.7808594703674316 53 0 1.196 0.89999999999999991
 46 7 392 1.6000000000000001 1 3 16 2200 0.85840734641020688 1.0844132900238037 53 0 1.1819999999999999 0.69999999999999996
 47 7 466 1.6000000000000001 2 4 16 2400 0.85840734641020688 1.411210298538208 53 0 1.1100000000000001 0.79999999999999993
 48 7 487 3 1 3 16 2200 -1.1415926535897931 1.0820319652557373 53 0 0.90800000000000003 0.79999999999999993


# name: resolution
# type: matrix
# rows: 1
# columns: 2
 1366 768


# name: hz
# type: scalar
60


# name: pc
# type: sq_string
# elements: 1
# length: 21
gregor-Latitude-E6320


# name: experiment
# type: sq_string
# elements: 1
# length: 4
RFPb


# name: isOctave
# type: bool
1




