# Created by Octave 5.2.0, Thu Mar 17 20:34:12 2022 CET <student@gregor-Latitude-E6320>
# name: RFP
# type: scalar struct
# ndims: 2
 1 1
# length: 10
# name: vp
# type: sq_string
# elements: 1
# length: 3
V01


# name: mapping
# type: scalar
2


# name: date
# type: sq_string
# elements: 1
# length: 15
20220317T203217


# name: block
# type: scalar
11


# name: outmat
# type: matrix
# rows: 48
# columns: 14
 1 11 101 0.40000000000000002 1 3 16 2200 0.85840734641020688 2.4504444599151611 59 1 0.93100000000000005 1
 2 11 315 1.2 1 4 16 2000 -0.14159265358979312 1.0526604652404785 59 1 1.0229999999999999 1
 3 11 201 0.80000000000000004 1 3 16 2400 0.85840734641020688 1.1467561721801758 59 1 1.0700000000000001 0.79999999999999993
 4 11 41 0 1 4 20 2200 -1.1415926535897931 1.1190087795257568 59 1 0.85799999999999998 0.69999999999999996
 5 11 242 0.80000000000000004 2 3 16 2000 -1.1415926535897931 1.0343489646911621 59 1 1.0089999999999999 1
 6 11 558 3 2 4 16 2200 1.8584073464102069 1.1024832725524902 53 0 0.92400000000000004 1
 7 11 524 3 1 4 20 2200 -0.14159265358979312 1.2766175270080566 53 0 0.878 0.79999999999999993
 8 11 34 0 1 4 16 2400 -3.1415926535897931 2.385117769241333 59 1 0.95699999999999996 1
 9 11 494 3 1 3 20 2000 -1.1415926535897931 1.2736067771911621 53 0 1.131 0.69999999999999996
 10 11 473 1.6000000000000001 2 4 20 2200 2.8584073464102069 1.3686826229095459 53 0 0.81499999999999995 1
 11 11 511 3 1 4 16 2200 -0.14159265358979312 1.5021028518676758 53 0 0.93200000000000005 0.79999999999999993
 12 11 140 0.40000000000000002 1 4 20 2200 -3.1415926535897931 1.7424850463867188 59 1 0.91900000000000004 0.79999999999999993
 13 11 488 3 1 3 16 2200 -1.1415926535897931 1.1053659915924072 53 0 1.0609999999999999 1
 14 11 305 1.2 1 3 20 2200 -1.1415926535897931 1.4646971225738525 53 0 0.86899999999999999 0.79999999999999993
 15 11 62 0 2 3 20 2000 -2.1415926535897931 1.8042404651641846 59 1 0.83899999999999997 1
 16 11 164 0.40000000000000002 2 3 20 2200 -1.1415926535897931 1.174222469329834 59 1 0.81699999999999995 0.69999999999999996
 17 11 136 0.40000000000000002 1 4 20 2000 -1.1415926535897931 1.6494271755218506 53 0 0.90300000000000002 0.79999999999999993
 18 11 416 1.6000000000000001 1 4 16 2200 1.8584073464102069 2.7866613864898682 59 1 1.0549999999999999 0.79999999999999993
 19 11 14 0 1 3 20 2000 0.85840734641020688 1.1552603244781494 59 1 1.0620000000000001 0.79999999999999993
 20 11 390 1.6000000000000001 1 3 16 2200 -3.1415926535897931 2.2971353530883789 59 1 0.99099999999999999 1
 21 11 145 0.40000000000000002 2 3 16 2000 -3.1415926535897931 1.1141505241394043 59 1 0.97999999999999998 0.69999999999999996
 22 11 103 0.40000000000000002 1 3 16 2200 2.8584073464102069 1.2518808841705322 59 1 0.88400000000000001 0.89999999999999991
 23 11 265 0.80000000000000004 2 4 16 2000 2.8584073464102069 1.6637728214263916 53 0 1.0369999999999999 0.69999999999999996
 24 11 375 1.2 2 4 20 2000 2.8584073464102069 0.98383402824401855 53 0 1.139 0.89999999999999991
 25 11 54 0 2 3 16 2200 -3.1415926535897931 1.0749855041503906 59 1 1.1220000000000001 0.79999999999999993
 26 11 27 0 1 4 16 2000 -1.1415926535897931 1.1325032711029053 59 1 0.999 1
 27 11 294 1.2 1 3 16 2200 -0.14159265358979312 1.1672611236572266 53 0 0.88900000000000001 0.69999999999999996
 28 11 198 0.80000000000000004 1 3 16 2200 1.8584073464102069 1.4837141036987305 59 1 0.92800000000000005 0.89999999999999991
 29 11 376 1.2 2 4 20 2000 0.85840734641020688 1.1762101650238037 53 0 0.96299999999999997 0.69999999999999996
 30 11 304 1.2 1 3 20 2000 -2.1415926535897931 1.0632519721984863 53 0 1.111 0.89999999999999991
 31 11 430 1.6000000000000001 1 4 20 2400 -2.1415926535897931 0.81896829605102539 53 0 1.155 0.79999999999999993
 32 11 347 1.2 2 3 16 2400 1.8584073464102069 1.0346896648406982 53 0 0.91200000000000003 0.69999999999999996
 33 11 46 0 1 4 20 2400 -2.1415926535897931 1.0133564472198486 59 1 1.026 0.79999999999999993
 34 11 96 0 2 4 20 2400 0.85840734641020688 3.3711302280426025 59 1 0.97099999999999997 1
 35 11 112 0.40000000000000002 1 3 20 2000 -0.14159265358979312 1.0718686580657959 59 1 1.1040000000000001 1
 36 11 225 0.80000000000000004 1 4 16 2400 0.85840734641020688 1.0267283916473389 59 1 1.1539999999999999 0.89999999999999991
 37 11 39 0 1 4 20 2000 0.85840734641020688 1.3091249465942383 59 1 1.1459999999999999 0.79999999999999993
 38 11 541 3 2 3 20 2000 -2.1415926535897931 1.0174071788787842 53 0 0.85699999999999998 1
 39 11 383 1.2 2 4 20 2400 1.8584073464102069 1.2521519660949707 53 0 1.2 1
 40 11 433 1.6000000000000001 2 3 16 2000 -2.1415926535897931 1.2086479663848877 53 0 0.92500000000000004 0.89999999999999991
 41 11 131 0.40000000000000002 1 4 16 2400 -2.1415926535897931 1.2928657531738281 59 1 0.95199999999999996 0.79999999999999993
 42 11 281 0.80000000000000004 2 4 20 2200 -2.1415926535897931 1.8055498600006104 53 0 1.129 0.79999999999999993
 43 11 4 0 1 3 16 2000 -0.14159265358979312 1.0615701675415039 59 1 1.1619999999999999 1
 44 11 540 3 2 3 16 2400 -1.1415926535897931 1.4805920124053955 53 0 1.1779999999999999 0.69999999999999996
 45 11 75 0 2 4 16 2000 0.85840734641020688 1.0713739395141602 59 1 0.99099999999999999 0.69999999999999996
 46 11 141 0.40000000000000002 1 4 20 2400 -0.14159265358979312 1.0531394481658936 53 0 0.872 0.69999999999999996
 47 11 574 3 2 4 20 2400 1.8584073464102069 0.94978141784667969 53 0 1.0860000000000001 0.69999999999999996
 48 11 257 0.80000000000000004 2 3 20 2200 -1.1415926535897931 0.9943687915802002 53 0 0.84499999999999997 0.79999999999999993


# name: resolution
# type: matrix
# rows: 1
# columns: 2
 1366 768


# name: hz
# type: scalar
60


# name: pc
# type: sq_string
# elements: 1
# length: 21
gregor-Latitude-E6320


# name: experiment
# type: sq_string
# elements: 1
# length: 4
RFPb


# name: isOctave
# type: bool
1




