# Created by Octave 5.2.0, Thu Mar 17 20:17:21 2022 CET <student@gregor-Latitude-E6320>
# name: RFP
# type: scalar struct
# ndims: 2
 1 1
# length: 10
# name: vp
# type: sq_string
# elements: 1
# length: 3
V01


# name: mapping
# type: scalar
2


# name: date
# type: sq_string
# elements: 1
# length: 15
20220317T201453


# name: block
# type: scalar
2


# name: outmat
# type: matrix
# rows: 48
# columns: 14
 1 2 151 0.40000000000000002 2 3 16 2200 -3.1415926535897931 3.2965221405029297 59 1 1 1
 2 2 239 0.80000000000000004 1 4 20 2400 -2.1415926535897931 3.06246018409729 53 0 0.83299999999999996 0.69999999999999996
 3 2 312 1.2 1 3 20 2400 1.8584073464102069 2.374319314956665 53 0 1.012 0.89999999999999991
 4 2 15 0 1 3 20 2000 -2.1415926535897931 3.9760122299194336 59 1 1.0229999999999999 0.89999999999999991
 5 2 87 0 2 4 20 2000 -1.1415926535897931 0.81799530982971191 59 1 1.1619999999999999 1
 6 2 50 0 2 3 16 2000 -3.1415926535897931 2.996513843536377 59 1 0.81699999999999995 0.69999999999999996
 7 2 132 0.40000000000000002 1 4 16 2400 2.8584073464102069 0.89046812057495117 59 1 0.98299999999999998 1
 8 2 171 0.40000000000000002 2 4 16 2000 -3.1415926535897931 0.96373414993286133 53 0 0.86199999999999999 0.69999999999999996
 9 2 180 0.40000000000000002 2 4 16 2400 1.8584073464102069 2.4296901226043701 59 1 0.85899999999999999 1
 10 2 427 1.6000000000000001 1 4 20 2200 -1.1415926535897931 0.84608101844787598 53 0 0.94399999999999995 0.89999999999999991
 11 2 55 0 2 3 16 2200 -1.1415926535897931 2.7840440273284912 59 1 0.91900000000000004 0.69999999999999996
 12 2 478 1.6000000000000001 2 4 20 2400 -1.1415926535897931 2.4664955139160156 53 0 0.99299999999999999 0.69999999999999996
 13 2 425 1.6000000000000001 1 4 20 2200 -3.1415926535897931 2.6927688121795654 53 0 1.0229999999999999 0.89999999999999991
 14 2 290 1.2 1 3 16 2000 -1.1415926535897931 3.7608332633972168 59 1 0.90500000000000003 0.69999999999999996
 15 2 369 1.2 2 4 16 2400 0.85840734641020688 0.9959721565246582 59 1 0.997 1
 16 2 163 0.40000000000000002 2 3 20 2200 1.8584073464102069 1.0244719982147217 53 0 0.80000000000000004 0.79999999999999993
 17 2 385 1.6000000000000001 1 3 16 2000 -2.1415926535897931 0.81670045852661133 53 0 1.1799999999999999 0.89999999999999991
 18 2 246 0.80000000000000004 2 3 16 2200 -2.1415926535897931 1.7852625846862793 53 0 1.149 1
 19 2 552 3 2 3 20 2400 -3.1415926535897931 2.7137637138366699 53 0 1.1859999999999999 0.69999999999999996
 20 2 43 0 1 4 20 2200 1.8584073464102069 2.9872164726257324 59 1 1.1990000000000001 0.79999999999999993
 21 2 72 0 2 3 20 2400 2.8584073464102069 2.0066642761230469 59 1 1.0469999999999999 0.69999999999999996
 22 2 113 0.40000000000000002 1 3 20 2200 -2.1415926535897931 0.85637545585632324 59 1 0.88900000000000001 0.89999999999999991
 23 2 547 3 2 3 20 2200 -0.14159265358979312 2.848297119140625 53 0 1.0680000000000001 0.69999999999999996
 24 2 509 3 1 4 16 2200 -2.1415926535897931 5.7472207546234131 53 0 0.95799999999999996 0.69999999999999996
 25 2 486 3 1 3 16 2200 -3.1415926535897931 0.91448616981506348 53 0 1.1319999999999999 0.89999999999999991
 26 2 230 0.80000000000000004 1 4 20 2000 2.8584073464102069 0.87317109107971191 59 1 1.1379999999999999 0.79999999999999993
 27 2 28 0 1 4 16 2000 -3.1415926535897931 3.5478925704956055 59 1 0.99399999999999999 0.79999999999999993
 28 2 499 3 1 3 20 2200 2.8584073464102069 2.1905727386474609 53 0 0.999 1
 29 2 337 1.2 2 3 16 2000 -1.1415926535897931 2.1014900207519531 53 0 0.92300000000000004 0.89999999999999991
 30 2 384 1.2 2 4 20 2400 2.8584073464102069 3.5004637241363525 59 1 0.82299999999999995 1
 31 2 367 1.2 2 4 16 2200 1.8584073464102069 0.89795494079589844 59 1 0.97199999999999998 1
 32 2 442 1.6000000000000001 2 3 16 2400 -1.1415926535897931 4.0632367134094238 53 0 1.0720000000000001 0.69999999999999996
 33 2 497 3 1 3 20 2200 0.85840734641020688 3.0042049884796143 53 0 1.1240000000000001 1
 34 2 529 3 2 3 16 2000 1.8584073464102069 0.88164567947387695 53 0 0.80300000000000005 1
 35 2 115 0.40000000000000002 1 3 20 2200 -2.1415926535897931 2.9882307052612305 59 1 0.80400000000000005 0.79999999999999993
 36 2 368 1.2 2 4 16 2200 0.85840734641020688 1.9595749378204346 53 0 1.1379999999999999 1
 37 2 498 3 1 3 20 2200 -3.1415926535897931 1.4797999858856201 53 0 1.1799999999999999 0.89999999999999991
 38 2 489 3 1 3 16 2400 -3.1415926535897931 1.2026190757751465 53 0 0.93400000000000005 0.69999999999999996
 39 2 109 0.40000000000000002 1 3 20 2000 2.8584073464102069 2.5590729713439941 59 1 0.97599999999999998 0.89999999999999991
 40 2 346 1.2 2 3 16 2400 -3.1415926535897931 1.2557861804962158 53 0 0.85199999999999998 1
 41 2 493 3 1 3 20 2000 2.8584073464102069 0.97701835632324219 53 0 1.095 0.79999999999999993
 42 2 155 0.40000000000000002 2 3 16 2400 -1.1415926535897931 2.0397391319274902 59 1 0.95999999999999996 0.79999999999999993
 43 2 320 1.2 1 4 16 2200 -0.14159265358979312 1.3202300071716309 53 0 0.96699999999999997 0.69999999999999996
 44 2 297 1.2 1 3 16 2400 -1.1415926535897931 1.2040491104125977 53 0 1.129 0.69999999999999996
 45 2 120 0.40000000000000002 1 3 20 2400 1.8584073464102069 1.2193624973297119 59 1 1.119 0.89999999999999991
 46 2 126 0.40000000000000002 1 4 16 2200 -3.1415926535897931 0.95460104942321777 59 1 1.044 1
 47 2 484 3 1 3 16 2000 -0.14159265358979312 0.85240006446838379 53 0 0.91500000000000004 0.79999999999999993
 48 2 359 1.2 2 3 20 2400 0.85840734641020688 0.97318172454833984 53 0 1.0269999999999999 0.79999999999999993


# name: resolution
# type: matrix
# rows: 1
# columns: 2
 1366 768


# name: hz
# type: scalar
60


# name: pc
# type: sq_string
# elements: 1
# length: 21
gregor-Latitude-E6320


# name: experiment
# type: sq_string
# elements: 1
# length: 4
RFPb


# name: isOctave
# type: bool
1




