# Created by Octave 5.2.0, Thu Mar 17 20:32:16 2022 CET <student@gregor-Latitude-E6320>
# name: RFP
# type: scalar struct
# ndims: 2
 1 1
# length: 10
# name: vp
# type: sq_string
# elements: 1
# length: 3
V01


# name: mapping
# type: scalar
2


# name: date
# type: sq_string
# elements: 1
# length: 15
20220317T203026


# name: block
# type: scalar
10


# name: outmat
# type: matrix
# rows: 48
# columns: 14
 1 10 277 0.80000000000000004 2 4 20 2000 -1.1415926535897931 0.8877720832824707 53 0 1.032 0.89999999999999991
 2 10 188 0.40000000000000002 2 4 20 2200 2.8584073464102069 3.2479915618896484 59 1 0.94199999999999995 1
 3 10 556 3 2 4 16 2000 0.85840734641020688 0.97884917259216309 53 0 0.85499999999999998 0.69999999999999996
 4 10 285 0.80000000000000004 2 4 20 2400 0.85840734641020688 1.1836984157562256 53 0 1.1990000000000001 0.69999999999999996
 5 10 149 0.40000000000000002 2 3 16 2200 0.85840734641020688 1.0451912879943848 59 1 0.84999999999999998 0.79999999999999993
 6 10 352 1.2 2 3 20 2000 -3.1415926535897931 0.99411344528198242 53 0 0.93000000000000005 0.89999999999999991
 7 10 204 0.80000000000000004 1 3 16 2400 -0.14159265358979312 1.1742258071899414 53 0 1.002 1
 8 10 324 1.2 1 4 16 2400 -0.14159265358979312 0.93917346000671387 53 0 1.0449999999999999 0.79999999999999993
 9 10 439 1.6000000000000001 2 3 16 2200 0.85840734641020688 0.85558748245239258 53 0 0.97099999999999997 0.89999999999999991
 10 10 259 0.80000000000000004 2 3 20 2200 1.8584073464102069 1.0087990760803223 53 0 0.93500000000000005 0.89999999999999991
 11 10 231 0.80000000000000004 1 4 20 2000 -1.1415926535897931 0.93758320808410645 53 0 0.94399999999999995 0.89999999999999991
 12 10 234 0.80000000000000004 1 4 20 2200 1.8584073464102069 2.3996789455413818 53 0 0.86799999999999999 1
 13 10 162 0.40000000000000002 2 3 20 2200 2.8584073464102069 1.0529778003692627 59 1 1.1899999999999999 0.69999999999999996
 14 10 276 0.80000000000000004 2 4 16 2400 -2.1415926535897931 1.0588047504425049 59 1 1.0760000000000001 0.69999999999999996
 15 10 42 0 1 4 20 2200 -3.1415926535897931 1.1327764987945557 59 1 1.1950000000000001 0.79999999999999993
 16 10 544 3 2 3 20 2000 1.8584073464102069 1.0743117332458496 53 0 1.0600000000000001 1
 17 10 333 1.2 1 4 20 2400 2.8584073464102069 0.90085625648498535 53 0 0.91200000000000003 1
 18 10 351 1.2 2 3 20 2000 1.8584073464102069 0.98173642158508301 53 0 1.0589999999999999 0.69999999999999996
 19 10 495 3 1 3 20 2000 -2.1415926535897931 0.95644092559814453 53 0 1.083 0.79999999999999993
 20 10 482 3 1 3 16 2000 -3.1415926535897931 0.87172126770019531 53 0 1.05 0.69999999999999996
 21 10 417 1.6000000000000001 1 4 16 2400 -1.1415926535897931 0.93346452713012695 53 0 0.97299999999999998 0.89999999999999991
 22 10 245 0.80000000000000004 2 3 16 2200 -2.1415926535897931 1.5966448783874512 59 1 0.81399999999999995 0.89999999999999991
 23 10 251 0.80000000000000004 2 3 16 2400 2.8584073464102069 1.3272833824157715 53 0 0.82799999999999996 0.79999999999999993
 24 10 330 1.2 1 4 20 2200 2.8584073464102069 1.008591890335083 53 0 1.085 0.79999999999999993
 25 10 302 1.2 1 3 20 2000 0.85840734641020688 2.0669984817504883 53 0 0.81699999999999995 0.69999999999999996
 26 10 273 0.80000000000000004 2 4 16 2400 1.8584073464102069 1.7369942665100098 59 1 0.89900000000000002 1
 27 10 232 0.80000000000000004 1 4 20 2000 -1.1415926535897931 1.2415592670440674 53 0 1.0660000000000001 0.69999999999999996
 28 10 378 1.2 2 4 20 2200 -3.1415926535897931 1.1617703437805176 53 0 0.85399999999999998 1
 29 10 401 1.6000000000000001 1 3 20 2200 -2.1415926535897931 1.0445988178253174 53 0 1.1659999999999999 1
 30 10 341 1.2 2 3 16 2200 -0.14159265358979312 0.98529386520385742 53 0 0.95099999999999996 0.89999999999999991
 31 10 372 1.2 2 4 16 2400 1.8584073464102069 0.84232449531555176 53 0 0.87 0.69999999999999996
 32 10 314 1.2 1 4 16 2000 0.85840734641020688 0.82754325866699219 53 0 0.98099999999999998 0.69999999999999996
 33 10 414 1.6000000000000001 1 4 16 2200 -0.14159265358979312 0.86939096450805664 53 0 1.133 1
 34 10 137 0.40000000000000002 1 4 20 2200 2.8584073464102069 3.0692939758300781 59 1 1.0649999999999999 1
 35 10 452 1.6000000000000001 2 3 20 2200 -3.1415926535897931 1.9785120487213135 53 0 1.1970000000000001 0.69999999999999996
 36 10 40 0 1 4 20 2000 1.8584073464102069 1.0828976631164551 59 1 1.0740000000000001 1
 37 10 543 3 2 3 20 2000 -0.14159265358979312 1.1996521949768066 53 0 1.161 0.79999999999999993
 38 10 492 3 1 3 16 2400 -0.14159265358979312 1.2487635612487793 53 0 1.0900000000000001 0.69999999999999996
 39 10 481 3 1 3 16 2000 -1.1415926535897931 1.0238716602325439 53 0 1.0940000000000001 1
 40 10 117 0.40000000000000002 1 3 20 2400 0.85840734641020688 1.1144626140594482 59 1 1.1479999999999999 0.89999999999999991
 41 10 51 0 2 3 16 2000 1.8584073464102069 1.055394172668457 53 0 0.97699999999999998 0.69999999999999996
 42 10 1 0 1 3 16 2000 1.8584073464102069 1.8045201301574707 59 1 1.123 0.69999999999999996
 43 10 431 1.6000000000000001 1 4 20 2400 0.85840734641020688 1.0399467945098877 53 0 0.91200000000000003 0.79999999999999993
 44 10 311 1.2 1 3 20 2400 -3.1415926535897931 1.0305492877960205 53 0 1.0429999999999999 0.89999999999999991
 45 10 215 0.80000000000000004 1 3 20 2400 -1.1415926535897931 1.0809400081634521 53 0 0.97199999999999998 0.89999999999999991
 46 10 554 3 2 4 16 2000 0.85840734641020688 1.0199868679046631 53 0 1.147 0.79999999999999993
 47 10 508 3 1 4 16 2000 -0.14159265358979312 0.90206241607666016 53 0 0.94799999999999995 0.89999999999999991
 48 10 471 1.6000000000000001 2 4 20 2000 2.8584073464102069 1.0210740566253662 53 0 0.95999999999999996 1


# name: resolution
# type: matrix
# rows: 1
# columns: 2
 1366 768


# name: hz
# type: scalar
60


# name: pc
# type: sq_string
# elements: 1
# length: 21
gregor-Latitude-E6320


# name: experiment
# type: sq_string
# elements: 1
# length: 4
RFPb


# name: isOctave
# type: bool
1




