# Created by Octave 5.2.0, Thu Mar 17 20:14:43 2022 CET <student@gregor-Latitude-E6320>
# name: RFP
# type: scalar struct
# ndims: 2
 1 1
# length: 10
# name: vp
# type: sq_string
# elements: 1
# length: 3
V01


# name: mapping
# type: scalar
2


# name: date
# type: sq_string
# elements: 1
# length: 15
20220317T201216


# name: block
# type: scalar
1


# name: outmat
# type: matrix
# rows: 48
# columns: 14
 1 1 97 0.40000000000000002 1 3 16 2000 0.85840734641020688 3.7793221473693848 59 1 1.1339999999999999 0.79999999999999993
 2 1 5 0 1 3 16 2200 -2.1415926535897931 1.0311515331268311 59 1 1.0029999999999999 0.69999999999999996
 3 1 73 0 2 4 16 2000 1.8584073464102069 1.0377631187438965 53 0 0.88600000000000001 0.69999999999999996
 4 1 220 0.80000000000000004 1 4 16 2000 -0.14159265358979312 0.8605048656463623 59 1 0.83299999999999996 0.69999999999999996
 5 1 240 0.80000000000000004 1 4 20 2400 1.8584073464102069 4.0862112045288086 59 1 1.026 0.69999999999999996
 6 1 361 1.2 2 4 16 2000 0.85840734641020688 2.2556896209716797 53 0 0.997 0.79999999999999993
 7 1 432 1.6000000000000001 1 4 20 2400 -0.14159265358979312 0.87700891494750977 53 0 0.95399999999999996 1
 8 1 210 0.80000000000000004 1 3 20 2200 2.8584073464102069 0.98336195945739746 53 0 1.0489999999999999 0.69999999999999996
 9 1 93 0 2 4 20 2400 2.8584073464102069 3.6553101539611816 59 1 0.81200000000000006 1
 10 1 458 1.6000000000000001 2 4 16 2000 -0.14159265358979312 0.96096491813659668 53 0 1.004 0.89999999999999991
 11 1 6 0 1 3 16 2200 0.85840734641020688 3.1988403797149658 59 1 0.83999999999999997 0.89999999999999991
 12 1 159 0.40000000000000002 2 3 20 2000 1.8584073464102069 1.4722144603729248 53 0 0.874 1
 13 1 448 1.6000000000000001 2 3 20 2000 -0.14159265358979312 3.8590123653411865 53 0 1.1160000000000001 0.69999999999999996
 14 1 8 0 1 3 16 2200 2.8584073464102069 3.5152957439422607 59 1 0.98699999999999999 0.89999999999999991
 15 1 340 1.2 2 3 16 2000 -0.14159265358979312 2.5229582786560059 59 1 1.119 0.79999999999999993
 16 1 38 0 1 4 20 2000 0.85840734641020688 4.7750630378723145 59 1 0.96599999999999997 1
 17 1 496 3 1 3 20 2000 -2.1415926535897931 1.0280747413635254 53 0 1.0589999999999999 1
 18 1 197 0.80000000000000004 1 3 16 2200 -0.14159265358979312 1.1056618690490723 59 1 0.86599999999999999 0.79999999999999993
 19 1 571 3 2 4 20 2200 -1.1415926535897931 0.95875716209411621 53 0 1.038 0.79999999999999993
 20 1 319 1.2 1 4 16 2200 -0.14159265358979312 0.93996644020080566 59 1 1.0189999999999999 0.69999999999999996
 21 1 20 0 1 3 20 2200 2.8584073464102069 3.2365775108337402 59 1 1.163 0.89999999999999991
 22 1 355 1.2 2 3 20 2200 2.8584073464102069 0.94978713989257812 53 0 0.86099999999999999 1
 23 1 258 0.80000000000000004 2 3 20 2200 2.8584073464102069 0.84216809272766113 53 0 0.97999999999999998 0.79999999999999993
 24 1 250 0.80000000000000004 2 3 16 2400 -0.14159265358979312 0.99514484405517578 59 1 1.0740000000000001 0.89999999999999991
 25 1 534 3 2 3 16 2200 1.8584073464102069 3.924318790435791 53 0 0.97899999999999998 0.89999999999999991
 26 1 44 0 1 4 20 2200 -2.1415926535897931 0.81718826293945312 59 1 0.81999999999999995 0.69999999999999996
 27 1 172 0.40000000000000002 2 4 16 2000 -2.1415926535897931 0.82245922088623047 59 1 0.81699999999999995 0.89999999999999991
 28 1 88 0 2 4 20 2000 -1.1415926535897931 0.87801623344421387 59 1 1.1399999999999999 0.79999999999999993
 29 1 219 0.80000000000000004 1 4 16 2000 2.8584073464102069 1.5022900104522705 59 1 0.88200000000000001 0.69999999999999996
 30 1 71 0 2 3 20 2400 1.8584073464102069 3.5246026515960693 59 1 1.081 1
 31 1 454 1.6000000000000001 2 3 20 2400 1.8584073464102069 0.83935666084289551 53 0 0.89500000000000002 1
 32 1 413 1.6000000000000001 1 4 16 2200 -3.1415926535897931 0.87482905387878418 53 0 0.98399999999999999 0.79999999999999993
 33 1 105 0.40000000000000002 1 3 16 2400 1.8584073464102069 0.88741350173950195 59 1 0.84899999999999998 0.89999999999999991
 34 1 576 3 2 4 20 2400 1.8584073464102069 3.2387869358062744 53 0 0.98499999999999999 0.79999999999999993
 35 1 394 1.6000000000000001 1 3 16 2400 -0.14159265358979312 1.166168212890625 53 0 1.1140000000000001 0.69999999999999996
 36 1 410 1.6000000000000001 1 4 16 2000 1.8584073464102069 3.1874420642852783 59 1 0.90600000000000003 0.79999999999999993
 37 1 69 0 2 3 20 2400 -1.1415926535897931 2.8331694602966309 59 1 0.94599999999999995 1
 38 1 129 0.40000000000000002 1 4 16 2400 1.8584073464102069 3.4958901405334473 59 1 0.997 0.79999999999999993
 39 1 362 1.2 2 4 16 2000 -2.1415926535897931 1.0095603466033936 53 0 0.93700000000000006 0.69999999999999996
 40 1 326 1.2 1 4 20 2000 -3.1415926535897931 0.98764228820800781 53 0 0.98199999999999998 0.79999999999999993
 41 1 238 0.80000000000000004 1 4 20 2400 -0.14159265358979312 0.83007550239562988 53 0 0.93700000000000006 1
 42 1 102 0.40000000000000002 1 3 16 2200 -2.1415926535897931 2.3963296413421631 59 1 1.018 1
 43 1 555 3 2 4 16 2000 2.8584073464102069 3.1440162658691406 53 0 0.86399999999999999 0.89999999999999991
 44 1 85 0 2 4 20 2000 -2.1415926535897931 3.2130391597747803 59 1 0.99399999999999999 0.69999999999999996
 45 1 418 1.6000000000000001 1 4 16 2400 -3.1415926535897931 1.2086997032165527 53 0 0.97399999999999998 0.89999999999999991
 46 1 57 0 2 3 16 2400 2.8584073464102069 2.7073724269866943 59 1 1.1419999999999999 0.79999999999999993
 47 1 30 0 1 4 16 2200 -0.14159265358979312 4.3859291076660156 59 1 0.80300000000000005 0.89999999999999991
 48 1 23 0 1 3 20 2400 -1.1415926535897931 1.2076075077056885 59 1 0.90900000000000003 0.89999999999999991


# name: resolution
# type: matrix
# rows: 1
# columns: 2
 1366 768


# name: hz
# type: scalar
60


# name: pc
# type: sq_string
# elements: 1
# length: 21
gregor-Latitude-E6320


# name: experiment
# type: sq_string
# elements: 1
# length: 4
RFPb


# name: isOctave
# type: bool
1




