# Created by Octave 5.2.0, Thu Mar 17 20:23:03 2022 CET <student@gregor-Latitude-E6320>
# name: RFP
# type: scalar struct
# ndims: 2
 1 1
# length: 10
# name: vp
# type: sq_string
# elements: 1
# length: 3
V01


# name: mapping
# type: scalar
2


# name: date
# type: sq_string
# elements: 1
# length: 15
20220317T202109


# name: block
# type: scalar
5


# name: outmat
# type: matrix
# rows: 48
# columns: 14
 1 5 440 1.6000000000000001 2 3 16 2200 -1.1415926535897931 0.91435456275939941 53 0 1.0029999999999999 0.79999999999999993
 2 5 183 0.40000000000000002 2 4 20 2000 -1.1415926535897931 2.8045449256896973 59 1 0.91000000000000003 0.89999999999999991
 3 5 575 3 2 4 20 2400 -1.1415926535897931 2.0846316814422607 53 0 0.96099999999999997 1
 4 5 456 1.6000000000000001 2 3 20 2400 0.85840734641020688 1.1879932880401611 53 0 0.82899999999999996 0.89999999999999991
 5 5 158 0.40000000000000002 2 3 20 2000 1.8584073464102069 0.89224457740783691 59 1 0.92900000000000005 0.79999999999999993
 6 5 436 1.6000000000000001 2 3 16 2000 0.85840734641020688 0.92660117149353027 53 0 1.171 0.79999999999999993
 7 5 399 1.6000000000000001 1 3 20 2000 2.8584073464102069 1.7110154628753662 53 0 1.0820000000000001 1
 8 5 567 3 2 4 20 2000 0.85840734641020688 0.99496173858642578 53 0 1.1599999999999999 1
 9 5 147 0.40000000000000002 2 3 16 2000 -2.1415926535897931 1.0376245975494385 59 1 1.1080000000000001 0.89999999999999991
 10 5 135 0.40000000000000002 1 4 20 2000 -2.1415926535897931 0.86835169792175293 59 1 1.022 0.79999999999999993
 11 5 31 0 1 4 16 2200 2.8584073464102069 0.85601997375488281 59 1 0.89500000000000002 0.79999999999999993
 12 5 193 0.80000000000000004 1 3 16 2000 -2.1415926535897931 0.89675426483154297 59 1 1.1379999999999999 1
 13 5 118 0.40000000000000002 1 3 20 2400 2.8584073464102069 2.7405970096588135 59 1 1.2 1
 14 5 360 1.2 2 3 20 2400 -2.1415926535897931 1.1755580902099609 53 0 1.194 0.89999999999999991
 15 5 99 0.40000000000000002 1 3 16 2000 1.8584073464102069 3.8897280693054199 59 1 0.96899999999999997 0.69999999999999996
 16 5 412 1.6000000000000001 1 4 16 2000 -3.1415926535897931 1.148557186126709 59 1 1.1419999999999999 0.89999999999999991
 17 5 321 1.2 1 4 16 2400 -3.1415926535897931 0.98090291023254395 59 1 1.149 0.89999999999999991
 18 5 443 1.6000000000000001 2 3 16 2400 0.85840734641020688 3.0151164531707764 53 0 1.1850000000000001 1
 19 5 190 0.40000000000000002 2 4 20 2400 0.85840734641020688 0.81903719902038574 59 1 1.177 0.89999999999999991
 20 5 455 1.6000000000000001 2 3 20 2400 0.85840734641020688 0.87048935890197754 53 0 1.0760000000000001 0.89999999999999991
 21 5 24 0 1 3 20 2400 2.8584073464102069 0.83141589164733887 59 1 0.871 0.69999999999999996
 22 5 437 1.6000000000000001 2 3 16 2200 0.85840734641020688 0.83159732818603516 53 0 0.85099999999999998 0.79999999999999993
 23 5 187 0.40000000000000002 2 4 20 2200 -3.1415926535897931 0.86832976341247559 59 1 1.123 0.69999999999999996
 24 5 205 0.80000000000000004 1 3 20 2000 2.8584073464102069 0.87956023216247559 53 0 1.0680000000000001 1
 25 5 170 0.40000000000000002 2 4 16 2000 0.85840734641020688 0.99097108840942383 59 1 1.1859999999999999 0.79999999999999993
 26 5 177 0.40000000000000002 2 4 16 2400 -0.14159265358979312 1.1211562156677246 59 1 0.83899999999999997 0.89999999999999991
 27 5 70 0 2 3 20 2400 -0.14159265358979312 0.92382025718688965 59 1 0.81999999999999995 0.69999999999999996
 28 5 292 1.2 1 3 16 2000 2.8584073464102069 0.83395648002624512 53 0 0.99099999999999999 0.79999999999999993
 29 5 21 0 1 3 20 2400 -2.1415926535897931 2.7059705257415771 59 1 1.0960000000000001 1
 30 5 77 0 2 4 16 2200 -3.1415926535897931 0.87933015823364258 59 1 1.0960000000000001 0.89999999999999991
 31 5 477 1.6000000000000001 2 4 20 2400 1.8584073464102069 2.3015210628509521 53 0 0.97199999999999998 1
 32 5 191 0.40000000000000002 2 4 20 2400 -1.1415926535897931 1.3923254013061523 59 1 1.0620000000000001 0.79999999999999993
 33 5 283 0.80000000000000004 2 4 20 2200 2.8584073464102069 0.9443359375 59 1 0.90400000000000003 0.79999999999999993
 34 5 318 1.2 1 4 16 2200 0.85840734641020688 0.82471299171447754 59 1 0.80500000000000005 0.79999999999999993
 35 5 253 0.80000000000000004 2 3 20 2000 -1.1415926535897931 1.0117795467376709 53 0 1.1419999999999999 0.69999999999999996
 36 5 207 0.80000000000000004 1 3 20 2000 -1.1415926535897931 0.87331247329711914 53 0 0.90400000000000003 1
 37 5 83 0 2 4 16 2400 -1.1415926535897931 2.4149711132049561 59 1 1.0649999999999999 1
 38 5 350 1.2 2 3 20 2000 2.8584073464102069 1.2759912014007568 53 0 1.1160000000000001 0.89999999999999991
 39 5 110 0.40000000000000002 1 3 20 2000 -0.14159265358979312 1.0485081672668457 53 0 0.95099999999999996 0.89999999999999991
 40 5 404 1.6000000000000001 1 3 20 2200 2.8584073464102069 0.99994397163391113 53 0 1.0649999999999999 0.89999999999999991
 41 5 561 3 2 4 16 2400 -2.1415926535897931 1.0352785587310791 53 0 0.94499999999999995 0.89999999999999991
 42 5 268 0.80000000000000004 2 4 16 2000 -1.1415926535897931 0.87301349639892578 59 1 0.83399999999999996 1
 43 5 400 1.6000000000000001 1 3 20 2000 0.85840734641020688 0.87441325187683105 53 0 0.98499999999999999 0.79999999999999993
 44 5 11 0 1 3 16 2400 0.85840734641020688 1.0381660461425781 59 1 0.86499999999999999 1
 45 5 408 1.6000000000000001 1 3 20 2400 -2.1415926535897931 2.0935788154602051 53 0 0.81200000000000006 0.79999999999999993
 46 5 353 1.2 2 3 20 2200 1.8584073464102069 1.215327262878418 53 0 0.89500000000000002 1
 47 5 553 3 2 4 16 2000 0.85840734641020688 1.0303919315338135 53 0 1.161 0.79999999999999993
 48 5 323 1.2 1 4 16 2400 -0.14159265358979312 1.0129926204681396 53 0 1.125 0.69999999999999996


# name: resolution
# type: matrix
# rows: 1
# columns: 2
 1366 768


# name: hz
# type: scalar
60


# name: pc
# type: sq_string
# elements: 1
# length: 21
gregor-Latitude-E6320


# name: experiment
# type: sq_string
# elements: 1
# length: 4
RFPb


# name: isOctave
# type: bool
1




