# Created by Octave 5.2.0, Thu Mar 17 20:30:25 2022 CET <student@gregor-Latitude-E6320>
# name: RFP
# type: scalar struct
# ndims: 2
 1 1
# length: 10
# name: vp
# type: sq_string
# elements: 1
# length: 3
V01


# name: mapping
# type: scalar
2


# name: date
# type: sq_string
# elements: 1
# length: 15
20220317T202838


# name: block
# type: scalar
9


# name: outmat
# type: matrix
# rows: 48
# columns: 14
 1 9 133 0.40000000000000002 1 4 20 2000 -0.14159265358979312 2.6991806030273438 59 1 1.167 0.89999999999999991
 2 9 213 0.80000000000000004 1 3 20 2400 -0.14159265358979312 1.3076381683349609 53 0 1.1140000000000001 1
 3 9 322 1.2 1 4 16 2400 0.85840734641020688 1.1658504009246826 53 0 1.0029999999999999 0.79999999999999993
 4 9 300 1.2 1 3 16 2400 2.8584073464102069 0.86757850646972656 53 0 1.014 0.69999999999999996
 5 9 563 3 2 4 16 2400 1.8584073464102069 0.85212445259094238 53 0 1.147 0.69999999999999996
 6 9 98 0.40000000000000002 1 3 16 2000 2.8584073464102069 2.8115806579589844 59 1 1.0529999999999999 1
 7 9 214 0.80000000000000004 1 3 20 2400 0.85840734641020688 1.7254772186279297 53 0 0.97899999999999998 1
 8 9 217 0.80000000000000004 1 4 16 2000 -1.1415926535897931 1.1815471649169922 59 1 0.92800000000000005 0.89999999999999991
 9 9 194 0.80000000000000004 1 3 16 2000 -3.1415926535897931 1.1609456539154053 53 0 1.079 0.69999999999999996
 10 9 299 1.2 1 3 16 2400 -0.14159265358979312 0.85641050338745117 53 0 1.036 0.69999999999999996
 11 9 371 1.2 2 4 16 2400 0.85840734641020688 0.84311938285827637 53 0 1.004 1
 12 9 17 0 1 3 20 2200 -3.1415926535897931 1.0195558071136475 59 1 1.1020000000000001 0.89999999999999991
 13 9 564 3 2 4 16 2400 -3.1415926535897931 0.92953276634216309 53 0 0.99199999999999999 0.69999999999999996
 14 9 195 0.80000000000000004 1 3 16 2000 2.8584073464102069 1.0193459987640381 53 0 0.89800000000000002 0.69999999999999996
 15 9 76 0 2 4 16 2000 -2.1415926535897931 0.97028136253356934 59 1 1.133 0.79999999999999993
 16 9 370 1.2 2 4 16 2400 1.8584073464102069 2.9472439289093018 53 0 1.048 0.89999999999999991
 17 9 12 0 1 3 16 2400 2.8584073464102069 1.0255529880523682 59 1 1.0129999999999999 0.89999999999999991
 18 9 166 0.40000000000000002 2 3 20 2400 -3.1415926535897931 0.95909333229064941 59 1 0.95599999999999996 1
 19 9 227 0.80000000000000004 1 4 16 2400 -1.1415926535897931 0.85077309608459473 59 1 0.88900000000000001 0.69999999999999996
 20 9 278 0.80000000000000004 2 4 20 2000 0.85840734641020688 0.99493765830993652 53 0 1.091 0.89999999999999991
 21 9 536 3 2 3 16 2200 -1.1415926535897931 0.8688194751739502 53 0 0.83399999999999996 0.79999999999999993
 22 9 343 1.2 2 3 16 2200 -3.1415926535897931 0.97814106941223145 53 0 0.80400000000000005 0.69999999999999996
 23 9 144 0.40000000000000002 1 4 20 2400 0.85840734641020688 1.0020811557769775 59 1 1.0740000000000001 0.89999999999999991
 24 9 186 0.40000000000000002 2 4 20 2200 0.85840734641020688 0.90595769882202148 59 1 1.181 0.89999999999999991
 25 9 262 0.80000000000000004 2 3 20 2400 2.8584073464102069 0.95814943313598633 53 0 0.89400000000000002 0.79999999999999993
 26 9 403 1.6000000000000001 1 3 20 2200 2.8584073464102069 2.4524941444396973 53 0 0.84699999999999998 1
 27 9 122 0.40000000000000002 1 4 16 2000 0.85840734641020688 1.1610312461853027 59 1 1.093 0.79999999999999993
 28 9 18 0 1 3 20 2200 -2.1415926535897931 0.91956973075866699 59 1 0.879 0.69999999999999996
 29 9 503 3 1 3 20 2400 -1.1415926535897931 0.8279109001159668 53 0 1.139 1
 30 9 130 0.40000000000000002 1 4 16 2400 2.8584073464102069 3.0776553153991699 59 1 1.0589999999999999 0.79999999999999993
 31 9 59 0 2 3 16 2400 2.8584073464102069 1.0430781841278076 59 1 0.93300000000000005 1
 32 9 154 0.40000000000000002 2 3 16 2400 -2.1415926535897931 0.96752595901489258 59 1 1.0509999999999999 0.69999999999999996
 33 9 468 1.6000000000000001 2 4 16 2400 -2.1415926535897931 1.1063456535339355 53 0 0.90700000000000003 0.69999999999999996
 34 9 505 3 1 4 16 2000 2.8584073464102069 1.0370914936065674 53 0 1.109 1
 35 9 146 0.40000000000000002 2 3 16 2000 -3.1415926535897931 0.98334932327270508 59 1 1.093 1
 36 9 298 1.2 1 3 16 2400 0.85840734641020688 1.0160989761352539 53 0 0.89200000000000002 1
 37 9 237 0.80000000000000004 1 4 20 2400 -2.1415926535897931 0.87874460220336914 53 0 1.1399999999999999 0.89999999999999991
 38 9 309 1.2 1 3 20 2400 -2.1415926535897931 0.98927974700927734 53 0 0.96499999999999997 0.79999999999999993
 39 9 549 3 2 3 20 2400 2.8584073464102069 0.94644355773925781 53 0 0.94699999999999995 0.89999999999999991
 40 9 212 0.80000000000000004 1 3 20 2200 -1.1415926535897931 0.98442769050598145 53 0 0.98899999999999999 0.79999999999999993
 41 9 546 3 2 3 20 2200 0.85840734641020688 0.96571183204650879 53 0 1.111 0.79999999999999993
 42 9 36 0 1 4 16 2400 -1.1415926535897931 1.2069814205169678 59 1 0.95899999999999996 0.79999999999999993
 43 9 560 3 2 4 16 2200 -2.1415926535897931 1.0380573272705078 53 0 1.0149999999999999 0.69999999999999996
 44 9 74 0 2 4 16 2000 -2.1415926535897931 1.0351028442382812 59 1 1.1559999999999999 1
 45 9 317 1.2 1 4 16 2200 2.8584073464102069 1.2490527629852295 53 0 0.84699999999999998 0.89999999999999991
 46 9 463 1.6000000000000001 2 4 16 2200 -2.1415926535897931 1.0180165767669678 53 0 1.1559999999999999 1
 47 9 301 1.2 1 3 20 2000 -3.1415926535897931 0.86912083625793457 53 0 0.80900000000000005 0.69999999999999996
 48 9 467 1.6000000000000001 2 4 16 2400 2.8584073464102069 1.0145707130432129 53 0 0.83999999999999997 1


# name: resolution
# type: matrix
# rows: 1
# columns: 2
 1366 768


# name: hz
# type: scalar
60


# name: pc
# type: sq_string
# elements: 1
# length: 21
gregor-Latitude-E6320


# name: experiment
# type: sq_string
# elements: 1
# length: 4
RFPb


# name: isOctave
# type: bool
1




