# Created by Octave 5.2.0, Sun Mar 20 17:54:18 2022 CET <student@gregor-Latitude-E6320>
# name: RFP
# type: scalar struct
# ndims: 2
 1 1
# length: 10
# name: vp
# type: sq_string
# elements: 1
# length: 3
V02


# name: mapping
# type: scalar
2


# name: date
# type: sq_string
# elements: 1
# length: 15
20220320T175204


# name: block
# type: scalar
12


# name: outmat
# type: matrix
# rows: 48
# columns: 14
 1 12 301 1.2 1 3 20 2000 0.85840734641020688 2.6880502700805664 53 0 1.1779999999999999 1
 2 12 97 0.40000000000000002 1 3 16 2000 1.8584073464102069 1.0486648082733154 59 1 1.048 0.69999999999999996
 3 12 112 0.40000000000000002 1 3 20 2000 1.8584073464102069 1.0812649726867676 53 0 1.1040000000000001 0.79999999999999993
 4 12 164 0.40000000000000002 2 3 20 2200 -3.1415926535897931 1.0921432971954346 53 0 1.091 0.89999999999999991
 5 12 349 1.2 2 3 20 2000 1.8584073464102069 0.9321448802947998 53 0 0.91000000000000003 0.69999999999999996
 6 12 544 3 2 3 20 2000 -0.14159265358979312 2.4498746395111084 53 0 0.85299999999999998 0.69999999999999996
 7 12 450 1.6000000000000001 2 3 20 2200 2.8584073464102069 2.2283408641815186 53 0 0.91600000000000004 0.79999999999999993
 8 12 501 3 1 3 20 2400 -2.1415926535897931 2.5781490802764893 53 0 1.056 0.69999999999999996
 9 12 356 1.2 2 3 20 2200 -1.1415926535897931 0.86457347869873047 53 0 0.96699999999999997 0.79999999999999993
 10 12 367 1.2 2 4 16 2200 -0.14159265358979312 1.0689046382904053 53 0 0.96499999999999997 0.69999999999999996
 11 12 208 0.80000000000000004 1 3 20 2000 2.8584073464102069 1.3898816108703613 59 1 0.98599999999999999 1
 12 12 425 1.6000000000000001 1 4 20 2200 -2.1415926535897931 1.4527490139007568 53 0 0.88500000000000001 0.79999999999999993
 13 12 175 0.40000000000000002 2 4 16 2200 -2.1415926535897931 1.0814037322998047 59 1 1.171 1
 14 12 549 3 2 3 20 2400 0.85840734641020688 2.7911322116851807 53 0 0.83999999999999997 1
 15 12 519 3 1 4 20 2000 -1.1415926535897931 3.1304166316986084 53 0 1.0549999999999999 0.69999999999999996
 16 12 45 0 1 4 20 2400 2.8584073464102069 0.8307347297668457 59 1 1.1379999999999999 1
 17 12 366 1.2 2 4 16 2200 1.8584073464102069 2.1809720993041992 53 0 1.1619999999999999 0.89999999999999991
 18 12 488 3 1 3 16 2200 -1.1415926535897931 1.0657458305358887 53 0 1.1299999999999999 0.79999999999999993
 19 12 57 0 2 3 16 2400 -1.1415926535897931 0.82819533348083496 59 1 0.95099999999999996 0.69999999999999996
 20 12 2 0 1 3 16 2000 -1.1415926535897931 1.0180296897888184 59 1 1.151 1
 21 12 406 1.6000000000000001 1 3 20 2400 -3.1415926535897931 2.9594168663024902 53 0 0.83899999999999997 0.79999999999999993
 22 12 313 1.2 1 4 16 2000 2.8584073464102069 0.94449400901794434 53 0 0.82099999999999995 0.69999999999999996
 23 12 309 1.2 1 3 20 2400 1.8584073464102069 0.90769696235656738 53 0 1.0569999999999999 0.69999999999999996
 24 12 538 3 2 3 16 2400 -0.14159265358979312 4.5059881210327148 53 0 1.0569999999999999 1
 25 12 312 1.2 1 3 20 2400 -1.1415926535897931 3.5126540660858154 53 0 0.86899999999999999 0.69999999999999996
 26 12 388 1.6000000000000001 1 3 16 2000 -1.1415926535897931 3.2308847904205322 53 0 1.127 0.89999999999999991
 27 12 228 0.80000000000000004 1 4 16 2400 -1.1415926535897931 2.9659106731414795 53 0 0.88100000000000001 0.89999999999999991
 28 12 170 0.40000000000000002 2 4 16 2000 -1.1415926535897931 3.0160825252532959 59 1 0.95499999999999996 0.79999999999999993
 29 12 120 0.40000000000000002 1 3 20 2400 1.8584073464102069 1.1440799236297607 59 1 0.85299999999999998 1
 30 12 30 0 1 4 16 2200 -3.1415926535897931 0.975494384765625 59 1 1.083 0.89999999999999991
 31 12 274 0.80000000000000004 2 4 16 2400 0.85840734641020688 1.0513110160827637 59 1 0.95799999999999996 0.69999999999999996
 32 12 319 1.2 1 4 16 2200 -1.1415926535897931 0.95628070831298828 53 0 1.111 1
 33 12 218 0.80000000000000004 1 4 16 2000 0.85840734641020688 1.0318524837493896 53 0 1.149 0.89999999999999991
 34 12 448 1.6000000000000001 2 3 20 2000 -2.1415926535897931 2.6069700717926025 53 0 1.0209999999999999 0.89999999999999991
 35 12 118 0.40000000000000002 1 3 20 2400 1.8584073464102069 1.4577200412750244 59 1 0.98499999999999999 0.89999999999999991
 36 12 117 0.40000000000000002 1 3 20 2400 1.8584073464102069 2.5648958683013916 59 1 1.1279999999999999 0.69999999999999996
 37 12 375 1.2 2 4 20 2000 2.8584073464102069 0.87889862060546875 53 0 1.077 0.89999999999999991
 38 12 140 0.40000000000000002 1 4 20 2200 1.8584073464102069 0.98087120056152344 59 1 0.85599999999999998 1
 39 12 522 3 1 4 20 2200 -1.1415926535897931 0.85839319229125977 53 0 1.095 0.89999999999999991
 40 12 132 0.40000000000000002 1 4 16 2400 2.8584073464102069 2.8758618831634521 59 1 1.0209999999999999 1
 41 12 156 0.40000000000000002 2 3 16 2400 1.8584073464102069 1.1804938316345215 59 1 1.1040000000000001 0.89999999999999991
 42 12 423 1.6000000000000001 1 4 20 2000 1.8584073464102069 1.0296947956085205 53 0 1.169 0.69999999999999996
 43 12 262 0.80000000000000004 2 3 20 2400 -2.1415926535897931 0.99213242530822754 53 0 0.97899999999999998 0.89999999999999991
 44 12 238 0.80000000000000004 1 4 20 2400 -1.1415926535897931 3.273637056350708 53 0 0.91200000000000003 0.69999999999999996
 45 12 438 1.6000000000000001 2 3 16 2200 -1.1415926535897931 1.04445481300354 53 0 0.874 0.69999999999999996
 46 12 452 1.6000000000000001 2 3 20 2200 -2.1415926535897931 0.99891376495361328 53 0 1.1399999999999999 0.89999999999999991
 47 12 31 0 1 4 16 2200 -3.1415926535897931 0.84729480743408203 59 1 0.995 1
 48 12 255 0.80000000000000004 2 3 20 2000 -2.1415926535897931 2.5030581951141357 53 0 1.115 1


# name: resolution
# type: matrix
# rows: 1
# columns: 2
 1366 768


# name: hz
# type: scalar
60


# name: pc
# type: sq_string
# elements: 1
# length: 21
gregor-Latitude-E6320


# name: experiment
# type: sq_string
# elements: 1
# length: 4
RFPb


# name: isOctave
# type: bool
1




