# Created by Octave 5.2.0, Sun Mar 20 17:37:19 2022 CET <student@gregor-Latitude-E6320>
# name: RFP
# type: scalar struct
# ndims: 2
 1 1
# length: 10
# name: vp
# type: sq_string
# elements: 1
# length: 3
V02


# name: mapping
# type: scalar
2


# name: date
# type: sq_string
# elements: 1
# length: 15
20220320T173459


# name: block
# type: scalar
4


# name: outmat
# type: matrix
# rows: 48
# columns: 14
 1 4 444 1.6000000000000001 2 3 16 2400 2.8584073464102069 2.7001080513000488 53 0 1.1479999999999999 1
 2 4 4 0 1 3 16 2000 1.8584073464102069 0.83731508255004883 59 1 0.80300000000000005 0.89999999999999991
 3 4 297 1.2 1 3 16 2400 -0.14159265358979312 2.3085081577301025 53 0 1.077 0.89999999999999991
 4 4 412 1.6000000000000001 1 4 16 2000 2.8584073464102069 2.4606723785400391 53 0 0.93799999999999994 0.89999999999999991
 5 4 280 0.80000000000000004 2 4 20 2000 -0.14159265358979312 1.0274806022644043 53 0 0.84699999999999998 0.79999999999999993
 6 4 524 3 1 4 20 2200 0.85840734641020688 2.7988321781158447 53 0 1.1180000000000001 1
 7 4 543 3 2 3 20 2000 2.8584073464102069 1.2397327423095703 53 0 1.1950000000000001 0.69999999999999996
 8 4 466 1.6000000000000001 2 4 16 2400 -2.1415926535897931 1.7623569965362549 53 0 0.80000000000000004 1
 9 4 60 0 2 3 16 2400 2.8584073464102069 2.2119247913360596 59 1 0.92400000000000004 0.79999999999999993
 10 4 421 1.6000000000000001 1 4 20 2000 -1.1415926535897931 3.6166617870330811 53 0 1.0760000000000001 0.89999999999999991
 11 4 171 0.40000000000000002 2 4 16 2000 1.8584073464102069 3.3442237377166748 59 1 1.1100000000000001 0.89999999999999991
 12 4 200 0.80000000000000004 1 3 16 2200 -0.14159265358979312 0.91276121139526367 53 0 0.93300000000000005 0.69999999999999996
 13 4 571 3 2 4 20 2200 1.8584073464102069 0.89833402633666992 53 0 0.88100000000000001 1
 14 4 354 1.2 2 3 20 2200 -0.14159265358979312 1.9904038906097412 59 1 1.117 1
 15 4 320 1.2 1 4 16 2200 -0.14159265358979312 1.660853385925293 59 1 0.84599999999999997 0.79999999999999993
 16 4 110 0.40000000000000002 1 3 20 2000 -1.1415926535897931 0.91710186004638672 59 1 0.85999999999999999 0.89999999999999991
 17 4 223 0.80000000000000004 1 4 16 2200 1.8584073464102069 0.97924232482910156 59 1 1.0309999999999999 0.89999999999999991
 18 4 128 0.40000000000000002 1 4 16 2200 0.85840734641020688 2.4781689643859863 59 1 1.1639999999999999 0.79999999999999993
 19 4 137 0.40000000000000002 1 4 20 2200 -0.14159265358979312 2.7056787014007568 59 1 0.90500000000000003 0.89999999999999991
 20 4 492 3 1 3 16 2400 2.8584073464102069 2.5766589641571045 53 0 0.94599999999999995 0.89999999999999991
 21 4 209 0.80000000000000004 1 3 20 2200 2.8584073464102069 2.2107527256011963 59 1 0.92300000000000004 0.69999999999999996
 22 4 68 0 2 3 20 2200 -2.1415926535897931 2.5344955921173096 59 1 0.93400000000000005 1
 23 4 131 0.40000000000000002 1 4 16 2400 1.8584073464102069 1.0551877021789551 59 1 0.90200000000000002 1
 24 4 86 0 2 4 20 2000 -2.1415926535897931 2.3818869590759277 59 1 1.071 0.69999999999999996
 25 4 88 0 2 4 20 2000 -2.1415926535897931 0.98790717124938965 59 1 1.143 1
 26 4 506 3 1 4 16 2000 -1.1415926535897931 3.0004034042358398 53 0 1.1479999999999999 1
 27 4 570 3 2 4 20 2200 1.8584073464102069 3.3785638809204102 53 0 1.163 0.89999999999999991
 28 4 237 0.80000000000000004 1 4 20 2400 -0.14159265358979312 1.0173170566558838 53 0 1.0720000000000001 1
 29 4 225 0.80000000000000004 1 4 16 2400 1.8584073464102069 0.95092010498046875 59 1 0.94499999999999995 0.69999999999999996
 30 4 217 0.80000000000000004 1 4 16 2000 -1.1415926535897931 2.0051746368408203 53 0 0.93899999999999995 0.79999999999999993
 31 4 207 0.80000000000000004 1 3 20 2000 -1.1415926535897931 1.0018999576568604 59 1 1.163 0.89999999999999991
 32 4 428 1.6000000000000001 1 4 20 2200 -0.14159265358979312 2.410844087600708 53 0 0.82199999999999995 0.89999999999999991
 33 4 270 0.80000000000000004 2 4 16 2200 2.8584073464102069 0.93468713760375977 59 1 1.1919999999999999 0.79999999999999993
 34 4 273 0.80000000000000004 2 4 16 2400 2.8584073464102069 2.4370524883270264 53 0 0.90400000000000003 0.69999999999999996
 35 4 405 1.6000000000000001 1 3 20 2400 -1.1415926535897931 2.4742796421051025 59 1 1.034 1
 36 4 235 0.80000000000000004 1 4 20 2200 1.8584073464102069 0.85518503189086914 53 0 1.002 0.69999999999999996
 37 4 526 3 1 4 20 2400 -1.1415926535897931 2.280773401260376 53 0 0.85199999999999998 0.79999999999999993
 38 4 468 1.6000000000000001 2 4 16 2400 -2.1415926535897931 1.2545051574707031 59 1 1.1830000000000001 0.89999999999999991
 39 4 81 0 2 4 16 2400 -2.1415926535897931 3.4970061779022217 53 0 0.81100000000000005 0.79999999999999993
 40 4 563 3 2 4 16 2400 -1.1415926535897931 1.9884693622589111 59 1 0.94499999999999995 0.89999999999999991
 41 4 125 0.40000000000000002 1 4 16 2200 1.8584073464102069 2.3417246341705322 59 1 1.1779999999999999 0.69999999999999996
 42 4 177 0.40000000000000002 2 4 16 2400 0.85840734641020688 1.132338285446167 59 1 0.93600000000000005 0.69999999999999996
 43 4 37 0 1 4 20 2000 -0.14159265358979312 1.1912910938262939 59 1 0.99199999999999999 0.69999999999999996
 44 4 188 0.40000000000000002 2 4 20 2200 -2.1415926535897931 2.1086504459381104 59 1 0.81799999999999995 0.79999999999999993
 45 4 324 1.2 1 4 16 2400 0.85840734641020688 1.0069065093994141 59 1 1.0589999999999999 0.89999999999999991
 46 4 178 0.40000000000000002 2 4 16 2400 -1.1415926535897931 1.0378232002258301 59 1 0.93899999999999995 0.69999999999999996
 47 4 418 1.6000000000000001 1 4 16 2400 1.8584073464102069 1.3681845664978027 53 0 1.093 0.79999999999999993
 48 4 498 3 1 3 20 2200 -2.1415926535897931 2.3078179359436035 53 0 1.1559999999999999 0.79999999999999993


# name: resolution
# type: matrix
# rows: 1
# columns: 2
 1366 768


# name: hz
# type: scalar
60


# name: pc
# type: sq_string
# elements: 1
# length: 21
gregor-Latitude-E6320


# name: experiment
# type: sq_string
# elements: 1
# length: 4
RFPb


# name: isOctave
# type: bool
1




