# Created by Octave 5.2.0, Sun Mar 20 17:32:52 2022 CET <student@gregor-Latitude-E6320>
# name: RFP
# type: scalar struct
# ndims: 2
 1 1
# length: 10
# name: vp
# type: sq_string
# elements: 1
# length: 3
V02


# name: mapping
# type: scalar
2


# name: date
# type: sq_string
# elements: 1
# length: 15
20220320T173027


# name: block
# type: scalar
2


# name: outmat
# type: matrix
# rows: 48
# columns: 14
 1 2 566 3 2 4 20 2000 2.8584073464102069 2.9579770565032959 53 0 1.097 0.69999999999999996
 2 2 159 0.40000000000000002 2 3 20 2000 2.8584073464102069 3.732513427734375 59 1 0.89600000000000002 0.89999999999999991
 3 2 326 1.2 1 4 20 2000 -0.14159265358979312 2.8748910427093506 53 0 1.004 0.69999999999999996
 4 2 32 0 1 4 16 2200 2.8584073464102069 3.4841763973236084 59 1 1.0669999999999999 0.89999999999999991
 5 2 308 1.2 1 3 20 2200 -2.1415926535897931 1.1455042362213135 53 0 1.1599999999999999 0.69999999999999996
 6 2 93 0 2 4 20 2400 1.8584073464102069 0.86472129821777344 59 1 0.83499999999999996 0.79999999999999993
 7 2 119 0.40000000000000002 1 3 20 2400 -0.14159265358979312 1.5922060012817383 59 1 0.89100000000000001 1
 8 2 127 0.40000000000000002 1 4 16 2200 -3.1415926535897931 1.4587340354919434 53 0 1.179 0.79999999999999993
 9 2 52 0 2 3 16 2000 -2.1415926535897931 1.4922034740447998 59 1 1.0580000000000001 1
 10 2 322 1.2 1 4 16 2400 0.85840734641020688 2.8360755443572998 53 0 1.0209999999999999 0.89999999999999991
 11 2 399 1.6000000000000001 1 3 20 2000 -2.1415926535897931 1.2999017238616943 53 0 0.878 1
 12 2 553 3 2 4 16 2000 0.85840734641020688 0.90686559677124023 53 0 1.075 0.69999999999999996
 13 2 505 3 1 4 16 2000 0.85840734641020688 2.348848819732666 53 0 1.1499999999999999 0.89999999999999991
 14 2 344 1.2 2 3 16 2200 0.85840734641020688 1.1394648551940918 53 0 0.81899999999999995 1
 15 2 245 0.80000000000000004 2 3 16 2200 2.8584073464102069 1.1523771286010742 53 0 0.83399999999999996 0.69999999999999996
 16 2 190 0.40000000000000002 2 4 20 2400 -1.1415926535897931 1.5187265872955322 59 1 0.97599999999999998 0.79999999999999993
 17 2 248 0.80000000000000004 2 3 16 2200 0.85840734641020688 2.3950719833374023 59 1 1.177 1
 18 2 122 0.40000000000000002 1 4 16 2000 -0.14159265358979312 1.1980397701263428 59 1 0.91800000000000004 0.79999999999999993
 19 2 333 1.2 1 4 20 2400 1.8584073464102069 5.4390110969543457 53 0 0.92300000000000004 0.79999999999999993
 20 2 460 1.6000000000000001 2 4 16 2000 -1.1415926535897931 1.2784233093261719 53 0 1.0589999999999999 0.69999999999999996
 21 2 62 0 2 3 20 2000 -3.1415926535897931 3.1088020801544189 59 1 1.0820000000000001 0.89999999999999991
 22 2 516 3 1 4 16 2400 2.8584073464102069 0.99176359176635742 53 0 0.97899999999999998 0.89999999999999991
 23 2 469 1.6000000000000001 2 4 20 2000 -1.1415926535897931 2.6313316822052002 53 0 1.1639999999999999 0.69999999999999996
 24 2 222 0.80000000000000004 1 4 16 2200 0.85840734641020688 3.4325087070465088 59 1 1.1879999999999999 1
 25 2 426 1.6000000000000001 1 4 20 2200 -3.1415926535897931 0.95559930801391602 53 0 1.1599999999999999 0.89999999999999991
 26 2 142 0.40000000000000002 1 4 20 2400 -2.1415926535897931 1.0577244758605957 59 1 0.82299999999999995 0.69999999999999996
 27 2 334 1.2 1 4 20 2400 -3.1415926535897931 1.6938121318817139 59 1 1.113 1
 28 2 124 0.40000000000000002 1 4 16 2000 0.85840734641020688 3.1236047744750977 59 1 1.1419999999999999 0.89999999999999991
 29 2 386 1.6000000000000001 1 3 16 2000 -2.1415926535897931 0.84064364433288574 53 0 0.83599999999999997 0.89999999999999991
 30 2 528 3 1 4 20 2400 -1.1415926535897931 2.8441698551177979 53 0 1.165 0.79999999999999993
 31 2 537 3 2 3 16 2400 -2.1415926535897931 0.9606776237487793 53 0 0.86199999999999999 0.79999999999999993
 32 2 413 1.6000000000000001 1 4 16 2200 2.8584073464102069 2.4819619655609131 53 0 0.89500000000000002 0.69999999999999996
 33 2 572 3 2 4 20 2200 -3.1415926535897931 4.2149043083190918 53 0 0.94999999999999996 0.69999999999999996
 34 2 299 1.2 1 3 16 2400 -3.1415926535897931 1.5923302173614502 59 1 1.024 1
 35 2 226 0.80000000000000004 1 4 16 2400 -0.14159265358979312 0.83812737464904785 53 0 1.02 1
 36 2 56 0 2 3 16 2200 -0.14159265358979312 0.97291469573974609 59 1 1.0489999999999999 1
 37 2 296 1.2 1 3 16 2200 2.8584073464102069 2.9089272022247314 53 0 0.92800000000000005 0.69999999999999996
 38 2 447 1.6000000000000001 2 3 20 2000 0.85840734641020688 2.7907962799072266 53 0 1.0349999999999999 0.79999999999999993
 39 2 483 3 1 3 16 2000 -1.1415926535897931 3.1170780658721924 53 0 0.94999999999999996 0.89999999999999991
 40 2 477 1.6000000000000001 2 4 20 2400 -3.1415926535897931 3.0608212947845459 53 0 1.022 0.79999999999999993
 41 2 7 0 1 3 16 2200 -1.1415926535897931 0.89202570915222168 59 1 0.86599999999999999 0.79999999999999993
 42 2 40 0 1 4 20 2000 2.8584073464102069 2.0318701267242432 59 1 0.97099999999999997 1
 43 2 300 1.2 1 3 16 2400 -0.14159265358979312 1.0749282836914062 53 0 1.1870000000000001 0.89999999999999991
 44 2 64 0 2 3 20 2000 -2.1415926535897931 1.3006629943847656 59 1 0.82699999999999996 0.89999999999999991
 45 2 244 0.80000000000000004 2 3 16 2000 1.8584073464102069 1.3078603744506836 53 0 1.0549999999999999 0.69999999999999996
 46 2 520 3 1 4 20 2000 0.85840734641020688 1.4924075603485107 53 0 0.96099999999999997 0.79999999999999993
 47 2 76 0 2 4 16 2000 -0.14159265358979312 0.82522416114807129 59 1 0.93600000000000005 1
 48 2 545 3 2 3 20 2200 -3.1415926535897931 1.2796890735626221 53 0 0.93500000000000005 1


# name: resolution
# type: matrix
# rows: 1
# columns: 2
 1366 768


# name: hz
# type: scalar
60


# name: pc
# type: sq_string
# elements: 1
# length: 21
gregor-Latitude-E6320


# name: experiment
# type: sq_string
# elements: 1
# length: 4
RFPb


# name: isOctave
# type: bool
1




