# Created by Octave 5.2.0, Sun Mar 20 17:29:47 2022 CET <student@gregor-Latitude-E6320>
# name: RFP
# type: scalar struct
# ndims: 2
 1 1
# length: 10
# name: vp
# type: sq_string
# elements: 1
# length: 3
V02


# name: mapping
# type: scalar
2


# name: date
# type: sq_string
# elements: 1
# length: 15
20220320T172706


# name: block
# type: scalar
1


# name: outmat
# type: matrix
# rows: 48
# columns: 14
 1 1 401 1.6000000000000001 1 3 20 2200 -2.1415926535897931 7.7783393859863281 53 0 0.96499999999999997 0.69999999999999996
 2 1 392 1.6000000000000001 1 3 16 2200 -1.1415926535897931 7.7321593761444092 53 0 1.1910000000000001 0.79999999999999993
 3 1 480 1.6000000000000001 2 4 20 2400 0.85840734641020688 11.875527858734131 53 0 1.03 0.89999999999999991
 4 1 84 0 2 4 16 2400 -3.1415926535897931 2.5278935432434082 59 1 1.0349999999999999 0.79999999999999993
 5 1 352 1.2 2 3 20 2000 -2.1415926535897931 1.4150004386901855 53 0 0.95799999999999996 0.69999999999999996
 6 1 373 1.2 2 4 20 2000 -2.1415926535897931 1.1229598522186279 53 0 1.02 0.69999999999999996
 7 1 376 1.2 2 4 20 2000 2.8584073464102069 1.2175233364105225 59 1 1.1319999999999999 1
 8 1 374 1.2 2 4 20 2000 -0.14159265358979312 0.9337921142578125 59 1 0.86499999999999999 1
 9 1 185 0.40000000000000002 2 4 20 2200 2.8584073464102069 2.8160641193389893 59 1 1.0049999999999999 0.79999999999999993
 10 1 383 1.2 2 4 20 2400 0.85840734641020688 1.5233089923858643 53 0 0.82599999999999996 0.69999999999999996
 11 1 403 1.6000000000000001 1 3 20 2200 2.8584073464102069 1.6866998672485352 53 0 1.1659999999999999 0.69999999999999996
 12 1 290 1.2 1 3 16 2000 -2.1415926535897931 1.1396157741546631 59 1 0.83599999999999997 0.79999999999999993
 13 1 249 0.80000000000000004 2 3 16 2400 1.8584073464102069 1.0914597511291504 53 0 0.82299999999999995 0.79999999999999993
 14 1 343 1.2 2 3 16 2200 1.8584073464102069 2.4328646659851074 53 0 0.92700000000000005 0.69999999999999996
 15 1 41 0 1 4 20 2200 -1.1415926535897931 2.3261969089508057 59 1 0.91600000000000004 0.69999999999999996
 16 1 130 0.40000000000000002 1 4 16 2400 0.85840734641020688 2.6755871772766113 59 1 0.91200000000000003 1
 17 1 341 1.2 2 3 16 2200 2.8584073464102069 3.5949113368988037 53 0 1.1930000000000001 0.89999999999999991
 18 1 318 1.2 1 4 16 2200 -1.1415926535897931 1.459827184677124 59 1 1.1299999999999999 0.69999999999999996
 19 1 17 0 1 3 20 2200 -1.1415926535897931 4.1067464351654053 59 1 1.161 0.89999999999999991
 20 1 133 0.40000000000000002 1 4 20 2000 -1.1415926535897931 1.0570900440216064 53 0 1.073 0.79999999999999993
 21 1 269 0.80000000000000004 2 4 16 2200 -2.1415926535897931 2.918950080871582 53 0 1.0780000000000001 0.89999999999999991
 22 1 210 0.80000000000000004 1 3 20 2200 -2.1415926535897931 3.6427075862884521 59 1 1.1759999999999999 0.69999999999999996
 23 1 212 0.80000000000000004 1 3 20 2200 -1.1415926535897931 5.8393199443817139 53 0 1.143 0.79999999999999993
 24 1 18 0 1 3 20 2200 1.8584073464102069 0.81786084175109863 53 0 1.119 0.89999999999999991
 25 1 340 1.2 2 3 16 2000 2.8584073464102069 0.94991111755371094 53 0 0.96699999999999997 1
 26 1 429 1.6000000000000001 1 4 20 2400 -2.1415926535897931 1.0091948509216309 53 0 0.85699999999999998 0.89999999999999991
 27 1 186 0.40000000000000002 2 4 20 2200 -2.1415926535897931 0.84970188140869141 59 1 0.89000000000000001 1
 28 1 111 0.40000000000000002 1 3 20 2000 1.8584073464102069 0.94273066520690918 59 1 1.0469999999999999 0.79999999999999993
 29 1 446 1.6000000000000001 2 3 20 2000 -0.14159265358979312 3.0154411792755127 53 0 0.91300000000000003 0.69999999999999996
 30 1 556 3 2 4 16 2000 -1.1415926535897931 1.0607259273529053 53 0 1.0940000000000001 0.89999999999999991
 31 1 293 1.2 1 3 16 2200 0.85840734641020688 2.3602466583251953 53 0 0.995 1
 32 1 162 0.40000000000000002 2 3 20 2200 -0.14159265358979312 1.0579078197479248 59 1 0.81299999999999994 1
 33 1 554 3 2 4 16 2000 -3.1415926535897931 0.84891295433044434 53 0 1.129 0.69999999999999996
 34 1 289 1.2 1 3 16 2000 -2.1415926535897931 1.0212414264678955 59 1 0.91300000000000003 0.69999999999999996
 35 1 338 1.2 2 3 16 2000 -0.14159265358979312 1.0046432018280029 59 1 1.1579999999999999 0.89999999999999991
 36 1 28 0 1 4 16 2000 2.8584073464102069 2.8453307151794434 53 0 0.90100000000000002 0.89999999999999991
 37 1 90 0 2 4 20 2200 2.8584073464102069 1.2136151790618896 59 1 0.995 1
 38 1 236 0.80000000000000004 1 4 20 2200 -1.1415926535897931 1.1629641056060791 53 0 0.92900000000000005 0.79999999999999993
 39 1 92 0 2 4 20 2200 -0.14159265358979312 1.2788732051849365 59 1 0.93700000000000006 0.79999999999999993
 40 1 278 0.80000000000000004 2 4 20 2000 -3.1415926535897931 2.4829974174499512 53 0 0.86499999999999999 1
 41 1 180 0.40000000000000002 2 4 16 2400 -0.14159265358979312 0.8527534008026123 59 1 0.83599999999999997 0.79999999999999993
 42 1 276 0.80000000000000004 2 4 16 2400 -2.1415926535897931 1.1064960956573486 53 0 1.036 0.69999999999999996
 43 1 494 3 1 3 20 2000 -2.1415926535897931 1.0631515979766846 53 0 1.1990000000000001 1
 44 1 461 1.6000000000000001 2 4 16 2200 -0.14159265358979312 1.2618651390075684 53 0 0.93400000000000005 0.89999999999999991
 45 1 129 0.40000000000000002 1 4 16 2400 -2.1415926535897931 1.0293090343475342 59 1 1.0660000000000001 0.69999999999999996
 46 1 380 1.2 2 4 20 2200 0.85840734641020688 2.9381289482116699 53 0 1.1830000000000001 0.69999999999999996
 47 1 507 3 1 4 16 2000 1.8584073464102069 2.5841190814971924 53 0 1.0840000000000001 0.89999999999999991
 48 1 530 3 2 3 16 2000 -0.14159265358979312 2.9100263118743896 53 0 1.1379999999999999 1


# name: resolution
# type: matrix
# rows: 1
# columns: 2
 1366 768


# name: hz
# type: scalar
60


# name: pc
# type: sq_string
# elements: 1
# length: 21
gregor-Latitude-E6320


# name: experiment
# type: sq_string
# elements: 1
# length: 4
RFPb


# name: isOctave
# type: bool
1




