# Created by Octave 5.2.0, Sun Mar 20 17:52:04 2022 CET <student@gregor-Latitude-E6320>
# name: RFP
# type: scalar struct
# ndims: 2
 1 1
# length: 10
# name: vp
# type: sq_string
# elements: 1
# length: 3
V02


# name: mapping
# type: scalar
2


# name: date
# type: sq_string
# elements: 1
# length: 15
20220320T175000


# name: block
# type: scalar
11


# name: outmat
# type: matrix
# rows: 48
# columns: 14
 1 11 158 0.40000000000000002 2 3 20 2000 2.8584073464102069 0.94483613967895508 59 1 1.044 0.89999999999999991
 2 11 365 1.2 2 4 16 2200 -1.1415926535897931 2.7488389015197754 59 1 0.96699999999999997 1
 3 11 141 0.40000000000000002 1 4 20 2400 -2.1415926535897931 1.1466970443725586 53 0 1.0900000000000001 0.79999999999999993
 4 11 417 1.6000000000000001 1 4 16 2400 0.85840734641020688 1.0262150764465332 59 1 0.92700000000000005 1
 5 11 151 0.40000000000000002 2 3 16 2200 -0.14159265358979312 0.93796753883361816 59 1 0.91400000000000003 0.79999999999999993
 6 11 431 1.6000000000000001 1 4 20 2400 -1.1415926535897931 1.3507239818572998 53 0 0.85799999999999998 0.79999999999999993
 7 11 121 0.40000000000000002 1 4 16 2000 1.8584073464102069 2.7114706039428711 59 1 0.84999999999999998 0.89999999999999991
 8 11 198 0.80000000000000004 1 3 16 2200 2.8584073464102069 1.1288089752197266 53 0 1.0840000000000001 0.89999999999999991
 9 11 523 3 1 4 20 2200 2.8584073464102069 1.0752580165863037 53 0 0.95599999999999996 1
 10 11 504 3 1 3 20 2400 -1.1415926535897931 1.4054780006408691 53 0 1.117 1
 11 11 6 0 1 3 16 2200 -0.14159265358979312 2.948756217956543 59 1 0.85699999999999998 0.79999999999999993
 12 11 471 1.6000000000000001 2 4 20 2000 0.85840734641020688 1.2484450340270996 53 0 0.91500000000000004 0.79999999999999993
 13 11 304 1.2 1 3 20 2000 0.85840734641020688 0.91292095184326172 53 0 1.0629999999999999 0.69999999999999996
 14 11 285 0.80000000000000004 2 4 20 2400 -1.1415926535897931 1.1627755165100098 53 0 0.98399999999999999 1
 15 11 91 0 2 4 20 2200 2.8584073464102069 0.87511062622070312 59 1 1.1279999999999999 0.79999999999999993
 16 11 458 1.6000000000000001 2 4 16 2000 2.8584073464102069 1.1386213302612305 53 0 1.1000000000000001 0.69999999999999996
 17 11 493 3 1 3 20 2000 1.8584073464102069 2.4133248329162598 53 0 0.94199999999999995 0.79999999999999993
 18 11 55 0 2 3 16 2200 1.8584073464102069 0.83694148063659668 59 1 0.86699999999999999 0.69999999999999996
 19 11 11 0 1 3 16 2400 -3.1415926535897931 0.88845396041870117 59 1 1.1479999999999999 0.69999999999999996
 20 11 547 3 2 3 20 2200 -2.1415926535897931 2.7947573661804199 53 0 0.81000000000000005 0.89999999999999991
 21 11 167 0.40000000000000002 2 3 20 2400 0.85840734641020688 1.2999215126037598 59 1 1 0.79999999999999993
 22 11 246 0.80000000000000004 2 3 16 2200 -3.1415926535897931 1.3143026828765869 59 1 0.93899999999999995 0.79999999999999993
 23 11 411 1.6000000000000001 1 4 16 2000 -0.14159265358979312 0.84678220748901367 53 0 1.1359999999999999 0.69999999999999996
 24 11 355 1.2 2 3 20 2200 -1.1415926535897931 0.96672749519348145 53 0 1.0720000000000001 0.79999999999999993
 25 11 47 0 1 4 20 2400 0.85840734641020688 2.6426465511322021 59 1 1.1439999999999999 0.89999999999999991
 26 11 181 0.40000000000000002 2 4 20 2000 -2.1415926535897931 1.608389139175415 53 0 1.0509999999999999 0.79999999999999993
 27 11 398 1.6000000000000001 1 3 20 2000 -1.1415926535897931 0.93565535545349121 53 0 0.85699999999999998 1
 28 11 503 3 1 3 20 2400 0.85840734641020688 0.9166722297668457 53 0 1.1120000000000001 1
 29 11 219 0.80000000000000004 1 4 16 2000 2.8584073464102069 1.1374022960662842 59 1 1.1060000000000001 0.79999999999999993
 30 11 315 1.2 1 4 16 2000 1.8584073464102069 0.98125767707824707 59 1 0.96299999999999997 0.89999999999999991
 31 11 96 0 2 4 20 2400 -3.1415926535897931 1.075777530670166 59 1 0.86699999999999999 0.79999999999999993
 32 11 350 1.2 2 3 20 2000 -3.1415926535897931 0.86686491966247559 53 0 0.91300000000000003 0.79999999999999993
 33 11 104 0.40000000000000002 1 3 16 2200 -0.14159265358979312 3.1141424179077148 59 1 1.026 0.89999999999999991
 34 11 193 0.80000000000000004 1 3 16 2000 -1.1415926535897931 4.1423165798187256 53 0 1.097 0.69999999999999996
 35 11 562 3 2 4 16 2400 -1.1415926535897931 0.8495783805847168 53 0 0.91300000000000003 0.89999999999999991
 36 11 169 0.40000000000000002 2 4 16 2000 2.8584073464102069 0.86644411087036133 59 1 0.92800000000000005 0.89999999999999991
 37 11 439 1.6000000000000001 2 3 16 2200 2.8584073464102069 0.82755470275878906 53 0 0.96399999999999997 1
 38 11 462 1.6000000000000001 2 4 16 2200 0.85840734641020688 1.000601053237915 53 0 1.143 1
 39 11 314 1.2 1 4 16 2000 -3.1415926535897931 2.6307487487792969 53 0 1.1160000000000001 0.89999999999999991
 40 11 24 0 1 3 20 2400 -3.1415926535897931 0.81611084938049316 59 1 0.84599999999999997 0.69999999999999996
 41 11 115 0.40000000000000002 1 3 20 2200 2.8584073464102069 1.2227964401245117 59 1 0.93799999999999994 0.69999999999999996
 42 11 409 1.6000000000000001 1 4 16 2000 0.85840734641020688 2.2843222618103027 53 0 1.1950000000000001 0.79999999999999993
 43 11 490 3 1 3 16 2400 1.8584073464102069 3.1851706504821777 53 0 0.92700000000000005 0.89999999999999991
 44 11 531 3 2 3 16 2000 1.8584073464102069 0.97397041320800781 53 0 0.872 0.79999999999999993
 45 11 500 3 1 3 20 2200 -1.1415926535897931 1.0969173908233643 53 0 1.139 0.69999999999999996
 46 11 220 0.80000000000000004 1 4 16 2000 -3.1415926535897931 1.0088958740234375 53 0 1.034 0.69999999999999996
 47 11 476 1.6000000000000001 2 4 20 2200 -1.1415926535897931 2.7588367462158203 53 0 1.034 0.89999999999999991
 48 11 561 3 2 4 16 2400 -1.1415926535897931 2.5690209865570068 53 0 1.1379999999999999 0.79999999999999993


# name: resolution
# type: matrix
# rows: 1
# columns: 2
 1366 768


# name: hz
# type: scalar
60


# name: pc
# type: sq_string
# elements: 1
# length: 21
gregor-Latitude-E6320


# name: experiment
# type: sq_string
# elements: 1
# length: 4
RFPb


# name: isOctave
# type: bool
1




