# Created by Octave 5.2.0, Sun Mar 20 17:47:56 2022 CET <student@gregor-Latitude-E6320>
# name: RFP
# type: scalar struct
# ndims: 2
 1 1
# length: 10
# name: vp
# type: sq_string
# elements: 1
# length: 3
V02


# name: mapping
# type: scalar
2


# name: date
# type: sq_string
# elements: 1
# length: 15
20220320T174538


# name: block
# type: scalar
9


# name: outmat
# type: matrix
# rows: 48
# columns: 14
 1 9 514 3 1 4 16 2400 2.8584073464102069 1.0348241329193115 53 0 1.1479999999999999 0.89999999999999991
 2 9 250 0.80000000000000004 2 3 16 2400 2.8584073464102069 2.925391674041748 59 1 1.0049999999999999 1
 3 9 555 3 2 4 16 2000 -0.14159265358979312 6.256659984588623 59 1 0.98399999999999999 0.89999999999999991
 4 9 368 1.2 2 4 16 2200 1.8584073464102069 3.438992977142334 59 1 0.96199999999999997 0.89999999999999991
 5 9 148 0.40000000000000002 2 3 16 2000 -0.14159265358979312 1.2128283977508545 59 1 0.97699999999999998 0.69999999999999996
 6 9 107 0.40000000000000002 1 3 16 2400 -0.14159265358979312 2.6440470218658447 59 1 0.93500000000000005 0.89999999999999991
 7 9 363 1.2 2 4 16 2000 0.85840734641020688 1.3340849876403809 53 0 1.071 0.89999999999999991
 8 9 26 0 1 4 16 2000 0.85840734641020688 2.8102693557739258 59 1 0.90100000000000002 0.79999999999999993
 9 9 213 0.80000000000000004 1 3 20 2400 -3.1415926535897931 0.88607430458068848 53 0 1.119 0.69999999999999996
 10 9 378 1.2 2 4 20 2200 0.85840734641020688 1.0274350643157959 53 0 1.131 0.89999999999999991
 11 9 263 0.80000000000000004 2 3 20 2400 2.8584073464102069 1.1927638053894043 59 1 1.149 0.69999999999999996
 12 9 357 1.2 2 3 20 2400 -3.1415926535897931 1.2164757251739502 53 0 1.028 0.89999999999999991
 13 9 442 1.6000000000000001 2 3 16 2400 2.8584073464102069 0.87651300430297852 53 0 1.147 1
 14 9 565 3 2 4 20 2000 2.8584073464102069 0.85101199150085449 53 0 1.0900000000000001 1
 15 9 277 0.80000000000000004 2 4 20 2000 -2.1415926535897931 2.2858312129974365 53 0 0.874 0.89999999999999991
 16 9 135 0.40000000000000002 1 4 20 2000 -3.1415926535897931 1.0617830753326416 59 1 0.85399999999999998 0.79999999999999993
 17 9 489 3 1 3 16 2400 0.85840734641020688 2.3098249435424805 53 0 1.091 0.69999999999999996
 18 9 331 1.2 1 4 20 2200 0.85840734641020688 1.0745716094970703 53 0 1.1499999999999999 0.69999999999999996
 19 9 502 3 1 3 20 2400 -3.1415926535897931 3.1682662963867188 53 0 1.1439999999999999 0.69999999999999996
 20 9 302 1.2 1 3 20 2000 2.8584073464102069 1.2668659687042236 53 0 0.98799999999999999 1
 21 9 533 3 2 3 16 2200 -2.1415926535897931 1.1891450881958008 53 0 1.097 0.79999999999999993
 22 9 50 0 2 3 16 2000 2.8584073464102069 1.1883702278137207 59 1 0.96699999999999997 0.89999999999999991
 23 9 65 0 2 3 20 2200 2.8584073464102069 1.7132833003997803 59 1 1.0029999999999999 1
 24 9 71 0 2 3 20 2400 -3.1415926535897931 1.0892648696899414 53 0 1.0369999999999999 0.89999999999999991
 25 9 535 3 2 3 16 2200 1.8584073464102069 1.7088820934295654 59 1 1.0900000000000001 0.79999999999999993
 26 9 485 3 1 3 16 2200 0.85840734641020688 0.9217371940612793 53 0 0.96399999999999997 0.69999999999999996
 27 9 253 0.80000000000000004 2 3 20 2000 0.85840734641020688 2.8655838966369629 53 0 0.85399999999999998 0.69999999999999996
 28 9 420 1.6000000000000001 1 4 16 2400 1.8584073464102069 1.182708740234375 59 1 1.131 0.69999999999999996
 29 9 391 1.6000000000000001 1 3 16 2200 -3.1415926535897931 1.2496612071990967 53 0 1.1619999999999999 0.89999999999999991
 30 9 364 1.2 2 4 16 2000 1.8584073464102069 0.82530760765075684 59 1 1.1439999999999999 0.69999999999999996
 31 9 36 0 1 4 16 2400 0.85840734641020688 2.6761479377746582 53 0 1.0449999999999999 0.89999999999999991
 32 9 233 0.80000000000000004 1 4 20 2200 1.8584073464102069 3.3109200000762939 53 0 0.82899999999999996 0.79999999999999993
 33 9 339 1.2 2 3 16 2000 -3.1415926535897931 0.94604706764221191 53 0 0.81200000000000006 0.79999999999999993
 34 9 95 0 2 4 20 2400 -3.1415926535897931 1.5614078044891357 59 1 1.012 0.69999999999999996
 35 9 567 3 2 4 20 2000 2.8584073464102069 0.93084168434143066 53 0 1.1699999999999999 0.79999999999999993
 36 9 552 3 2 3 20 2400 1.8584073464102069 3.2738449573516846 53 0 0.96799999999999997 0.89999999999999991
 37 9 397 1.6000000000000001 1 3 20 2000 -3.1415926535897931 0.95558500289916992 53 0 1.0669999999999999 0.79999999999999993
 38 9 234 0.80000000000000004 1 4 20 2200 -2.1415926535897931 2.6076664924621582 53 0 1.077 0.79999999999999993
 39 9 548 3 2 3 20 2200 -2.1415926535897931 1.1880931854248047 53 0 0.89300000000000002 0.79999999999999993
 40 9 443 1.6000000000000001 2 3 16 2400 2.8584073464102069 2.2318599224090576 53 0 0.91800000000000004 0.69999999999999996
 41 9 445 1.6000000000000001 2 3 20 2000 1.8584073464102069 2.5690734386444092 53 0 1.101 0.79999999999999993
 42 9 400 1.6000000000000001 1 3 20 2000 -0.14159265358979312 0.93664336204528809 53 0 1.0760000000000001 0.69999999999999996
 43 9 495 3 1 3 20 2000 -3.1415926535897931 0.86197066307067871 53 0 0.874 0.79999999999999993
 44 9 436 1.6000000000000001 2 3 16 2000 -2.1415926535897931 0.94120693206787109 53 0 0.94699999999999995 0.69999999999999996
 45 9 560 3 2 4 16 2200 0.85840734641020688 2.4333810806274414 53 0 0.879 0.69999999999999996
 46 9 275 0.80000000000000004 2 4 16 2400 -1.1415926535897931 1.2007720470428467 59 1 1.1599999999999999 1
 47 9 457 1.6000000000000001 2 4 16 2000 -3.1415926535897931 0.96706295013427734 53 0 1.159 1
 48 9 166 0.40000000000000002 2 3 20 2400 -3.1415926535897931 5.5004763603210449 53 0 0.94399999999999995 0.69999999999999996


# name: resolution
# type: matrix
# rows: 1
# columns: 2
 1366 768


# name: hz
# type: scalar
60


# name: pc
# type: sq_string
# elements: 1
# length: 21
gregor-Latitude-E6320


# name: experiment
# type: sq_string
# elements: 1
# length: 4
RFPb


# name: isOctave
# type: bool
1




