# Created by Octave 5.2.0, Sun Mar 20 17:43:31 2022 CET <student@gregor-Latitude-E6320>
# name: RFP
# type: scalar struct
# ndims: 2
 1 1
# length: 10
# name: vp
# type: sq_string
# elements: 1
# length: 3
V02


# name: mapping
# type: scalar
2


# name: date
# type: sq_string
# elements: 1
# length: 15
20220320T174128


# name: block
# type: scalar
7


# name: outmat
# type: matrix
# rows: 48
# columns: 14
 1 7 491 3 1 3 16 2400 -2.1415926535897931 2.5562171936035156 53 0 1.02 0.69999999999999996
 2 7 513 3 1 4 16 2400 1.8584073464102069 2.5676946640014648 53 0 1.0569999999999999 0.79999999999999993
 3 7 1 0 1 3 16 2000 1.8584073464102069 3.0216612815856934 59 1 0.86399999999999999 1
 4 7 433 1.6000000000000001 2 3 16 2000 0.85840734641020688 3.9848287105560303 53 0 0.86099999999999999 1
 5 7 147 0.40000000000000002 2 3 16 2000 -0.14159265358979312 1.024277925491333 59 1 1.091 0.69999999999999996
 6 7 487 3 1 3 16 2200 -1.1415926535897931 0.88124513626098633 53 0 0.995 0.89999999999999991
 7 7 518 3 1 4 20 2000 -3.1415926535897931 1.3983290195465088 53 0 0.93300000000000005 0.79999999999999993
 8 7 116 0.40000000000000002 1 3 20 2200 2.8584073464102069 0.83490347862243652 59 1 0.97499999999999998 0.89999999999999991
 9 7 435 1.6000000000000001 2 3 16 2000 -0.14159265358979312 2.2919228076934814 53 0 1.0589999999999999 0.69999999999999996
 10 7 470 1.6000000000000001 2 4 20 2000 -0.14159265358979312 2.9164316654205322 53 0 1.056 0.79999999999999993
 11 7 214 0.80000000000000004 1 3 20 2400 -0.14159265358979312 2.9299848079681396 59 1 1.0580000000000001 1
 12 7 70 0 2 3 20 2400 -3.1415926535897931 0.9292759895324707 59 1 1.155 0.89999999999999991
 13 7 415 1.6000000000000001 1 4 16 2200 -3.1415926535897931 1.6983988285064697 53 0 1.0469999999999999 0.79999999999999993
 14 7 105 0.40000000000000002 1 3 16 2400 -1.1415926535897931 1.4306771755218506 59 1 0.98399999999999999 0.69999999999999996
 15 7 305 1.2 1 3 20 2200 2.8584073464102069 1.3655781745910645 53 0 1.0740000000000001 0.69999999999999996
 16 7 393 1.6000000000000001 1 3 16 2400 -3.1415926535897931 0.90289831161499023 53 0 0.82699999999999996 0.89999999999999991
 17 7 385 1.6000000000000001 1 3 16 2000 -0.14159265358979312 2.1618916988372803 53 0 1.0920000000000001 0.79999999999999993
 18 7 360 1.2 2 3 20 2400 -0.14159265358979312 1.1243314743041992 53 0 0.89500000000000002 0.89999999999999991
 19 7 475 1.6000000000000001 2 4 20 2200 -2.1415926535897931 2.0003800392150879 53 0 1.0489999999999999 0.89999999999999991
 20 7 114 0.40000000000000002 1 3 20 2200 -1.1415926535897931 1.1325521469116211 53 0 1.0529999999999999 0.89999999999999991
 21 7 259 0.80000000000000004 2 3 20 2200 -2.1415926535897931 1.0301673412322998 53 0 0.96099999999999997 0.69999999999999996
 22 7 459 1.6000000000000001 2 4 16 2000 -1.1415926535897931 1.6421990394592285 53 0 0.82399999999999995 0.69999999999999996
 23 7 15 0 1 3 20 2000 1.8584073464102069 0.82585716247558594 59 1 1.173 0.89999999999999991
 24 7 102 0.40000000000000002 1 3 16 2200 -3.1415926535897931 0.84653615951538086 59 1 0.95299999999999996 0.69999999999999996
 25 7 205 0.80000000000000004 1 3 20 2000 0.85840734641020688 0.85662555694580078 53 0 0.92700000000000005 0.89999999999999991
 26 7 416 1.6000000000000001 1 4 16 2200 2.8584073464102069 1.5551009178161621 53 0 0.88300000000000001 1
 27 7 499 3 1 3 20 2200 -3.1415926535897931 2.175783634185791 53 0 1.0209999999999999 0.89999999999999991
 28 7 34 0 1 4 16 2400 -1.1415926535897931 1.2388949394226074 59 1 1.1899999999999999 0.69999999999999996
 29 7 35 0 1 4 16 2400 -2.1415926535897931 1.3686368465423584 59 1 1.1910000000000001 0.69999999999999996
 30 7 307 1.2 1 3 20 2200 -0.14159265358979312 2.5582220554351807 53 0 0.875 0.69999999999999996
 31 7 42 0 1 4 20 2200 -2.1415926535897931 1.4083874225616455 53 0 0.81100000000000005 0.69999999999999996
 32 7 161 0.40000000000000002 2 3 20 2200 0.85840734641020688 3.2385532855987549 59 1 0.81799999999999995 1
 33 7 229 0.80000000000000004 1 4 20 2000 2.8584073464102069 1.0316293239593506 53 0 0.89600000000000002 0.89999999999999991
 34 7 511 3 1 4 16 2200 -2.1415926535897931 1.4040873050689697 53 0 0.94899999999999995 1
 35 7 82 0 2 4 16 2400 -1.1415926535897931 1.0256567001342773 59 1 1.022 0.79999999999999993
 36 7 342 1.2 2 3 16 2200 -1.1415926535897931 1.3879024982452393 53 0 0.85699999999999998 0.69999999999999996
 37 7 29 0 1 4 16 2200 -1.1415926535897931 0.84852814674377441 59 1 1.121 0.89999999999999991
 38 7 529 3 2 3 16 2000 -2.1415926535897931 1.364229679107666 53 0 0.95599999999999996 0.89999999999999991
 39 7 527 3 1 4 20 2400 -0.14159265358979312 1.2395517826080322 53 0 1.119 0.69999999999999996
 40 7 387 1.6000000000000001 1 3 16 2000 -1.1415926535897931 1.7978763580322266 53 0 1.0169999999999999 0.89999999999999991
 41 7 329 1.2 1 4 20 2200 -1.1415926535897931 1.312777042388916 53 0 0.80900000000000005 0.79999999999999993
 42 7 230 0.80000000000000004 1 4 20 2000 1.8584073464102069 1.1569478511810303 59 1 0.88200000000000001 0.69999999999999996
 43 7 224 0.80000000000000004 1 4 16 2200 -2.1415926535897931 1.2447142601013184 59 1 0.84499999999999997 1
 44 7 83 0 2 4 16 2400 -2.1415926535897931 1.0923213958740234 59 1 0.95899999999999996 0.79999999999999993
 45 7 325 1.2 1 4 20 2000 -1.1415926535897931 1.0433247089385986 53 0 1.0940000000000001 1
 46 7 265 0.80000000000000004 2 4 16 2000 -0.14159265358979312 1.0214917659759521 53 0 0.93999999999999995 0.89999999999999991
 47 7 482 3 1 3 16 2000 -1.1415926535897931 0.93663811683654785 53 0 0.88 0.79999999999999993
 48 7 382 1.2 2 4 20 2400 2.8584073464102069 1.0794374942779541 53 0 1.012 0.79999999999999993


# name: resolution
# type: matrix
# rows: 1
# columns: 2
 1366 768


# name: hz
# type: scalar
60


# name: pc
# type: sq_string
# elements: 1
# length: 21
gregor-Latitude-E6320


# name: experiment
# type: sq_string
# elements: 1
# length: 4
RFPb


# name: isOctave
# type: bool
1




