# Created by Octave 5.2.0, Sun Mar 20 17:34:57 2022 CET <student@gregor-Latitude-E6320>
# name: RFP
# type: scalar struct
# ndims: 2
 1 1
# length: 10
# name: vp
# type: sq_string
# elements: 1
# length: 3
V02


# name: mapping
# type: scalar
2


# name: date
# type: sq_string
# elements: 1
# length: 15
20220320T173253


# name: block
# type: scalar
3


# name: outmat
# type: matrix
# rows: 48
# columns: 14
 1 3 395 1.6000000000000001 1 3 16 2400 -0.14159265358979312 0.84382843971252441 53 0 0.89800000000000002 0.79999999999999993
 2 3 465 1.6000000000000001 2 4 16 2400 -0.14159265358979312 3.3710150718688965 53 0 1.167 1
 3 3 266 0.80000000000000004 2 4 16 2000 -2.1415926535897931 2.0850019454956055 53 0 0.95499999999999996 0.89999999999999991
 4 3 160 0.40000000000000002 2 3 20 2000 -3.1415926535897931 1.346602201461792 53 0 0.84099999999999997 1
 5 3 168 0.40000000000000002 2 3 20 2400 1.8584073464102069 1.644615650177002 53 0 0.86399999999999999 0.89999999999999991
 6 3 21 0 1 3 20 2400 -3.1415926535897931 1.160649299621582 59 1 1.0529999999999999 1
 7 3 216 0.80000000000000004 1 3 20 2400 -0.14159265358979312 0.83650636672973633 59 1 1.1000000000000001 1
 8 3 49 0 2 3 16 2000 0.85840734641020688 1.05501389503479 59 1 1.1359999999999999 0.69999999999999996
 9 3 85 0 2 4 20 2000 1.8584073464102069 1.446540355682373 53 0 0.89600000000000002 0.69999999999999996
 10 3 396 1.6000000000000001 1 3 16 2400 -2.1415926535897931 1.4687001705169678 53 0 1.161 0.79999999999999993
 11 3 359 1.2 2 3 20 2400 2.8584073464102069 1.1880767345428467 53 0 1.169 0.79999999999999993
 12 3 165 0.40000000000000002 2 3 20 2400 -1.1415926535897931 1.6429460048675537 53 0 1.103 1
 13 3 521 3 1 4 20 2200 -0.14159265358979312 0.96620512008666992 53 0 1.155 0.89999999999999991
 14 3 247 0.80000000000000004 2 3 16 2200 -3.1415926535897931 2.5396294593811035 53 0 1.2 1
 15 3 474 1.6000000000000001 2 4 20 2200 -3.1415926535897931 1.1838593482971191 53 0 0.95799999999999996 1
 16 3 155 0.40000000000000002 2 3 16 2400 -2.1415926535897931 0.93800115585327148 59 1 1.1399999999999999 0.69999999999999996
 17 3 288 0.80000000000000004 2 4 20 2400 2.8584073464102069 0.90615677833557129 53 0 1.1639999999999999 0.79999999999999993
 18 3 362 1.2 2 4 16 2000 -2.1415926535897931 0.84497213363647461 53 0 1.1359999999999999 0.79999999999999993
 19 3 575 3 2 4 20 2400 -1.1415926535897931 2.9287891387939453 53 0 0.96099999999999997 0.69999999999999996
 20 3 532 3 2 3 16 2000 -0.14159265358979312 0.82427978515625 53 0 1.1379999999999999 0.89999999999999991
 21 3 347 1.2 2 3 16 2400 -1.1415926535897931 0.84048175811767578 53 0 0.85299999999999998 0.89999999999999991
 22 3 202 0.80000000000000004 1 3 16 2400 -3.1415926535897931 0.86341476440429688 53 0 1.0189999999999999 0.89999999999999991
 23 3 257 0.80000000000000004 2 3 20 2200 -3.1415926535897931 2.670933723449707 53 0 0.89300000000000002 0.89999999999999991
 24 3 22 0 1 3 20 2400 -2.1415926535897931 1.0394022464752197 59 1 1.107 0.79999999999999993
 25 3 227 0.80000000000000004 1 4 16 2400 -2.1415926535897931 1.3723001480102539 53 0 0.86099999999999999 0.69999999999999996
 26 3 98 0.40000000000000002 1 3 16 2000 -1.1415926535897931 1.8019189834594727 59 1 0.80400000000000005 0.69999999999999996
 27 3 103 0.40000000000000002 1 3 16 2200 2.8584073464102069 0.9464561939239502 59 1 0.88200000000000001 0.89999999999999991
 28 3 384 1.2 2 4 20 2400 -2.1415926535897931 1.0864753723144531 53 0 1.119 0.89999999999999991
 29 3 78 0 2 4 16 2200 2.8584073464102069 1.1598014831542969 59 1 0.84599999999999997 0.79999999999999993
 30 3 484 3 1 3 16 2000 -0.14159265358979312 0.8437342643737793 53 0 1.0640000000000001 1
 31 3 100 0.40000000000000002 1 3 16 2000 1.8584073464102069 2.2258622646331787 59 1 1.0189999999999999 0.89999999999999991
 32 3 163 0.40000000000000002 2 3 20 2200 -3.1415926535897931 1.4206511974334717 53 0 1.161 1
 33 3 525 3 1 4 20 2400 0.85840734641020688 1.9108936786651611 53 0 0.96999999999999997 0.79999999999999993
 34 3 381 1.2 2 4 20 2400 2.8584073464102069 2.552361011505127 53 0 1.1499999999999999 1
 35 3 464 1.6000000000000001 2 4 16 2200 -1.1415926535897931 2.0259644985198975 59 1 0.80100000000000005 1
 36 3 143 0.40000000000000002 1 4 20 2400 -3.1415926535897931 1.3075809478759766 59 1 1.127 0.69999999999999996
 37 3 144 0.40000000000000002 1 4 20 2400 -0.14159265358979312 0.85874629020690918 53 0 0.92800000000000005 0.89999999999999991
 38 3 73 0 2 4 16 2000 2.8584073464102069 4.1467671394348145 59 1 1.0329999999999999 0.69999999999999996
 39 3 286 0.80000000000000004 2 4 20 2400 -1.1415926535897931 1.2210996150970459 53 0 1.1919999999999999 1
 40 3 394 1.6000000000000001 1 3 16 2400 -0.14159265358979312 0.91896510124206543 53 0 0.82399999999999995 0.69999999999999996
 41 3 422 1.6000000000000001 1 4 20 2000 -1.1415926535897931 2.472059965133667 53 0 1.1379999999999999 0.69999999999999996
 42 3 99 0.40000000000000002 1 3 16 2000 -3.1415926535897931 1.3214409351348877 59 1 1.1870000000000001 0.89999999999999991
 43 3 303 1.2 1 3 20 2000 1.8584073464102069 0.9897925853729248 53 0 1.03 0.69999999999999996
 44 3 182 0.40000000000000002 2 4 20 2000 -1.1415926535897931 0.89771866798400879 53 0 1.091 0.79999999999999993
 45 3 199 0.80000000000000004 1 3 16 2200 2.8584073464102069 1.708482027053833 59 1 1.0529999999999999 0.79999999999999993
 46 3 481 3 1 3 16 2000 -0.14159265358979312 2.9160211086273193 53 0 1.075 1
 47 3 534 3 2 3 16 2200 1.8584073464102069 1.2539887428283691 53 0 1.008 1
 48 3 279 0.80000000000000004 2 4 20 2000 2.8584073464102069 1.3108670711517334 53 0 0.96999999999999997 0.89999999999999991


# name: resolution
# type: matrix
# rows: 1
# columns: 2
 1366 768


# name: hz
# type: scalar
60


# name: pc
# type: sq_string
# elements: 1
# length: 21
gregor-Latitude-E6320


# name: experiment
# type: sq_string
# elements: 1
# length: 4
RFPb


# name: isOctave
# type: bool
1




