# Created by Octave 5.2.0, Sun Mar 20 17:50:00 2022 CET <student@gregor-Latitude-E6320>
# name: RFP
# type: scalar struct
# ndims: 2
 1 1
# length: 10
# name: vp
# type: sq_string
# elements: 1
# length: 3
V02


# name: mapping
# type: scalar
2


# name: date
# type: sq_string
# elements: 1
# length: 15
20220320T174758


# name: block
# type: scalar
10


# name: outmat
# type: matrix
# rows: 48
# columns: 14
 1 10 408 1.6000000000000001 1 3 20 2400 -1.1415926535897931 0.95714569091796875 59 1 1.0589999999999999 0.89999999999999991
 2 10 44 0 1 4 20 2200 -1.1415926535897931 1.2031190395355225 59 1 0.81699999999999995 0.79999999999999993
 3 10 74 0 2 4 16 2000 -3.1415926535897931 0.8173222541809082 59 1 0.92000000000000004 0.89999999999999991
 4 10 517 3 1 4 20 2000 1.8584073464102069 2.3693749904632568 53 0 1.097 0.79999999999999993
 5 10 232 0.80000000000000004 1 4 20 2000 0.85840734641020688 3.1131827831268311 59 1 1.077 1
 6 10 195 0.80000000000000004 1 3 16 2000 -3.1415926535897931 1.8806424140930176 59 1 1.0229999999999999 0.69999999999999996
 7 10 191 0.40000000000000002 2 4 20 2400 2.8584073464102069 1.7159011363983154 53 0 1.0620000000000001 0.69999999999999996
 8 10 557 3 2 4 16 2200 0.85840734641020688 0.83627700805664062 53 0 1.1799999999999999 0.69999999999999996
 9 10 75 0 2 4 16 2000 -0.14159265358979312 1.0710570812225342 59 1 1.03 0.79999999999999993
 10 10 414 1.6000000000000001 1 4 16 2200 -2.1415926535897931 0.95299005508422852 53 0 1.0660000000000001 0.79999999999999993
 11 10 241 0.80000000000000004 2 3 16 2000 0.85840734641020688 2.0212280750274658 59 1 1.1659999999999999 1
 12 10 152 0.40000000000000002 2 3 16 2200 -1.1415926535897931 0.87124347686767578 59 1 1.131 0.89999999999999991
 13 10 574 3 2 4 20 2400 2.8584073464102069 2.7485990524291992 53 0 1.044 0.79999999999999993
 14 10 541 3 2 3 20 2000 2.8584073464102069 1.1730453968048096 53 0 0.84999999999999998 0.69999999999999996
 15 10 467 1.6000000000000001 2 4 16 2400 1.8584073464102069 1.3285930156707764 53 0 0.81299999999999994 1
 16 10 179 0.40000000000000002 2 4 16 2400 -2.1415926535897931 2.7059078216552734 59 1 1.175 1
 17 10 77 0 2 4 16 2200 0.85840734641020688 0.83516120910644531 59 1 1.113 1
 18 10 287 0.80000000000000004 2 4 20 2400 0.85840734641020688 1.31768798828125 59 1 0.84299999999999997 0.69999999999999996
 19 10 126 0.40000000000000002 1 4 16 2200 0.85840734641020688 0.87185096740722656 59 1 1.107 0.79999999999999993
 20 10 348 1.2 2 3 16 2400 -2.1415926535897931 1.2108523845672607 53 0 1.1639999999999999 0.79999999999999993
 21 10 243 0.80000000000000004 2 3 16 2000 -0.14159265358979312 1.0800938606262207 59 1 0.98599999999999999 0.79999999999999993
 22 10 267 0.80000000000000004 2 4 16 2000 -3.1415926535897931 0.87067914009094238 59 1 1.151 0.79999999999999993
 23 10 242 0.80000000000000004 2 3 16 2000 -0.14159265358979312 1.2401309013366699 59 1 0.96799999999999997 0.79999999999999993
 24 10 558 3 2 4 16 2200 -3.1415926535897931 1.0050315856933594 53 0 0.998 0.69999999999999996
 25 10 328 1.2 1 4 20 2000 -3.1415926535897931 0.84590315818786621 53 0 0.97599999999999998 0.89999999999999991
 26 10 46 0 1 4 20 2400 -2.1415926535897931 2.7751660346984863 59 1 0.93000000000000005 1
 27 10 271 0.80000000000000004 2 4 16 2200 1.8584073464102069 1.2122297286987305 59 1 0.97799999999999998 0.79999999999999993
 28 10 389 1.6000000000000001 1 3 16 2200 1.8584073464102069 0.89995598793029785 53 0 0.94099999999999995 0.69999999999999996
 29 10 536 3 2 3 16 2200 -2.1415926535897931 0.96073412895202637 53 0 1.048 1
 30 10 10 0 1 3 16 2400 -3.1415926535897931 3.4421124458312988 59 1 0.81999999999999995 0.79999999999999993
 31 10 106 0.40000000000000002 1 3 16 2400 0.85840734641020688 1.6205813884735107 59 1 0.94799999999999995 0.89999999999999991
 32 10 327 1.2 1 4 20 2000 2.8584073464102069 1.0157947540283203 53 0 0.98799999999999999 0.79999999999999993
 33 10 173 0.40000000000000002 2 4 16 2200 2.8584073464102069 1.0773983001708984 59 1 0.97899999999999998 0.79999999999999993
 34 10 184 0.40000000000000002 2 4 20 2000 1.8584073464102069 2.3726868629455566 53 0 0.91800000000000004 0.79999999999999993
 35 10 455 1.6000000000000001 2 3 20 2400 0.85840734641020688 0.89509367942810059 53 0 0.83799999999999997 0.89999999999999991
 36 10 197 0.80000000000000004 1 3 16 2200 1.8584073464102069 0.91210246086120605 59 1 0.88 0.89999999999999991
 37 10 576 3 2 4 20 2400 -0.14159265358979312 1.173511266708374 53 0 1.03 0.89999999999999991
 38 10 16 0 1 3 20 2000 -0.14159265358979312 0.82460117340087891 59 1 1.123 0.89999999999999991
 39 10 353 1.2 2 3 20 2200 -0.14159265358979312 0.82580375671386719 53 0 0.82799999999999996 0.69999999999999996
 40 10 371 1.2 2 4 16 2400 -3.1415926535897931 1.146754264831543 53 0 1.0469999999999999 1
 41 10 39 0 1 4 20 2000 -3.1415926535897931 1.0388481616973877 59 1 1.0229999999999999 0.69999999999999996
 42 10 211 0.80000000000000004 1 3 20 2200 -1.1415926535897931 2.427786111831665 53 0 1.1259999999999999 1
 43 10 256 0.80000000000000004 2 3 20 2000 1.8584073464102069 1.1421036720275879 53 0 0.95799999999999996 0.89999999999999991
 44 10 542 3 2 3 20 2000 -1.1415926535897931 2.8489749431610107 53 0 1.101 0.69999999999999996
 45 10 283 0.80000000000000004 2 4 20 2200 0.85840734641020688 2.0674140453338623 59 1 0.876 1
 46 10 33 0 1 4 16 2400 -3.1415926535897931 2.5593826770782471 59 1 1.137 0.89999999999999991
 47 10 23 0 1 3 20 2400 2.8584073464102069 0.90825343132019043 59 1 0.81899999999999995 0.79999999999999993
 48 10 3 0 1 3 16 2000 2.8584073464102069 2.8003857135772705 59 1 1.0189999999999999 0.89999999999999991


# name: resolution
# type: matrix
# rows: 1
# columns: 2
 1366 768


# name: hz
# type: scalar
60


# name: pc
# type: sq_string
# elements: 1
# length: 21
gregor-Latitude-E6320


# name: experiment
# type: sq_string
# elements: 1
# length: 4
RFPb


# name: isOctave
# type: bool
1




