# Created by Octave 5.2.0, Sun Mar 20 17:45:36 2022 CET <student@gregor-Latitude-E6320>
# name: RFP
# type: scalar struct
# ndims: 2
 1 1
# length: 10
# name: vp
# type: sq_string
# elements: 1
# length: 3
V02


# name: mapping
# type: scalar
2


# name: date
# type: sq_string
# elements: 1
# length: 15
20220320T174333


# name: block
# type: scalar
8


# name: outmat
# type: matrix
# rows: 48
# columns: 14
 1 8 261 0.80000000000000004 2 3 20 2400 1.8584073464102069 2.9206862449645996 53 0 0.88600000000000001 0.69999999999999996
 2 8 69 0 2 3 20 2400 2.8584073464102069 0.86634302139282227 59 1 0.93999999999999995 1
 3 8 453 1.6000000000000001 2 3 20 2400 0.85840734641020688 0.96661782264709473 53 0 1.095 0.89999999999999991
 4 8 440 1.6000000000000001 2 3 16 2200 2.8584073464102069 0.99119710922241211 53 0 0.91100000000000003 0.89999999999999991
 5 8 139 0.40000000000000002 1 4 20 2200 0.85840734641020688 1.8337011337280273 59 1 0.95699999999999996 1
 6 8 369 1.2 2 4 16 2400 -0.14159265358979312 4.9662611484527588 59 1 0.80700000000000005 0.69999999999999996
 7 8 258 0.80000000000000004 2 3 20 2200 1.8584073464102069 5.4797782897949219 59 1 1.0820000000000001 0.89999999999999991
 8 8 146 0.40000000000000002 2 3 16 2000 -0.14159265358979312 1.418748140335083 59 1 0.81899999999999995 0.89999999999999991
 9 8 449 1.6000000000000001 2 3 20 2200 -1.1415926535897931 1.0546519756317139 53 0 1.038 1
 10 8 66 0 2 3 20 2200 2.8584073464102069 0.99536013603210449 59 1 1.1499999999999999 1
 11 8 221 0.80000000000000004 1 4 16 2200 -2.1415926535897931 0.93605923652648926 53 0 1.0169999999999999 0.69999999999999996
 12 8 281 0.80000000000000004 2 4 20 2200 -0.14159265358979312 2.7515513896942139 53 0 0.83799999999999997 0.89999999999999991
 13 8 323 1.2 1 4 16 2400 1.8584073464102069 1.3829801082611084 53 0 1.083 0.79999999999999993
 14 8 149 0.40000000000000002 2 3 16 2200 -2.1415926535897931 1.127596378326416 59 1 1.093 1
 15 8 59 0 2 3 16 2400 -1.1415926535897931 1.0718400478363037 59 1 1.091 0.89999999999999991
 16 8 174 0.40000000000000002 2 4 16 2200 0.85840734641020688 1.206367015838623 59 1 0.96599999999999997 0.69999999999999996
 17 8 63 0 2 3 20 2000 -1.1415926535897931 1.330676794052124 59 1 1.054 0.69999999999999996
 18 8 67 0 2 3 20 2200 -2.1415926535897931 4.2855532169342041 59 1 0.99299999999999999 0.79999999999999993
 19 8 260 0.80000000000000004 2 3 20 2200 2.8584073464102069 2.269092321395874 59 1 1.1919999999999999 0.69999999999999996
 20 8 451 1.6000000000000001 2 3 20 2200 -0.14159265358979312 1.2353672981262207 53 0 0.97999999999999998 0.89999999999999991
 21 8 402 1.6000000000000001 1 3 20 2200 -3.1415926535897931 0.95891237258911133 53 0 0.878 0.89999999999999991
 22 8 201 0.80000000000000004 1 3 16 2400 2.8584073464102069 1.6063733100891113 53 0 0.81999999999999995 1
 23 8 215 0.80000000000000004 1 3 20 2400 -2.1415926535897931 1.8849117755889893 53 0 0.91100000000000003 0.69999999999999996
 24 8 51 0 2 3 16 2000 -2.1415926535897931 0.94554233551025391 59 1 0.97199999999999998 0.69999999999999996
 25 8 573 3 2 4 20 2400 -0.14159265358979312 1.7100327014923096 53 0 0.92900000000000005 0.89999999999999991
 26 8 268 0.80000000000000004 2 4 16 2000 1.8584073464102069 1.2877857685089111 53 0 1.1699999999999999 0.69999999999999996
 27 8 540 3 2 3 16 2400 1.8584073464102069 2.3346550464630127 53 0 1.046 0.89999999999999991
 28 8 282 0.80000000000000004 2 4 20 2200 -1.1415926535897931 1.3436174392700195 53 0 0.96399999999999997 1
 29 8 19 0 1 3 20 2200 -1.1415926535897931 1.3778471946716309 59 1 1.127 0.79999999999999993
 30 8 61 0 2 3 20 2000 1.8584073464102069 1.309046745300293 59 1 0.96399999999999997 0.89999999999999991
 31 8 54 0 2 3 16 2200 0.85840734641020688 1.3329839706420898 59 1 1.081 0.69999999999999996
 32 8 123 0.40000000000000002 1 4 16 2000 -0.14159265358979312 0.95794034004211426 59 1 0.85499999999999998 0.89999999999999991
 33 8 58 0 2 3 16 2400 -2.1415926535897931 1.130800724029541 59 1 1.046 0.89999999999999991
 34 8 298 1.2 1 3 16 2400 0.85840734641020688 1.0963850021362305 53 0 1.0009999999999999 0.89999999999999991
 35 8 337 1.2 2 3 16 2000 -2.1415926535897931 0.8960421085357666 53 0 0.90200000000000002 0.79999999999999993
 36 8 134 0.40000000000000002 1 4 20 2000 -1.1415926535897931 1.1358721256256104 59 1 1.1319999999999999 0.89999999999999991
 37 8 559 3 2 4 16 2200 -3.1415926535897931 1.02931809425354 53 0 0.80700000000000005 1
 38 8 12 0 1 3 16 2400 -1.1415926535897931 1.2657742500305176 59 1 0.879 0.69999999999999996
 39 8 419 1.6000000000000001 1 4 16 2400 0.85840734641020688 0.84514641761779785 53 0 0.96499999999999997 0.89999999999999991
 40 8 284 0.80000000000000004 2 4 20 2200 -3.1415926535897931 0.93784403800964355 53 0 0.89500000000000002 1
 41 8 390 1.6000000000000001 1 3 16 2200 -1.1415926535897931 1.0240414142608643 53 0 1.111 0.89999999999999991
 42 8 272 0.80000000000000004 2 4 16 2200 0.85840734641020688 1.1013262271881104 53 0 0.874 0.79999999999999993
 43 8 515 3 1 4 16 2400 0.85840734641020688 0.84752440452575684 53 0 0.85199999999999998 0.69999999999999996
 44 8 306 1.2 1 3 20 2200 -1.1415926535897931 2.3799154758453369 53 0 1.073 0.89999999999999991
 45 8 370 1.2 2 4 16 2400 -3.1415926535897931 1.3927741050720215 53 0 0.99399999999999999 1
 46 8 157 0.40000000000000002 2 3 20 2000 1.8584073464102069 0.85974264144897461 59 1 0.90200000000000002 0.69999999999999996
 47 8 48 0 1 4 20 2400 1.8584073464102069 1.3434488773345947 59 1 1.0860000000000001 0.79999999999999993
 48 8 138 0.40000000000000002 1 4 20 2200 -0.14159265358979312 1.0710821151733398 59 1 0.97299999999999998 0.69999999999999996


# name: resolution
# type: matrix
# rows: 1
# columns: 2
 1366 768


# name: hz
# type: scalar
60


# name: pc
# type: sq_string
# elements: 1
# length: 21
gregor-Latitude-E6320


# name: experiment
# type: sq_string
# elements: 1
# length: 4
RFPb


# name: isOctave
# type: bool
1




