# Created by Octave 5.2.0, Sun Mar 20 17:41:26 2022 CET <student@gregor-Latitude-E6320>
# name: RFP
# type: scalar struct
# ndims: 2
 1 1
# length: 10
# name: vp
# type: sq_string
# elements: 1
# length: 3
V02


# name: mapping
# type: scalar
2


# name: date
# type: sq_string
# elements: 1
# length: 15
20220320T173933


# name: block
# type: scalar
6


# name: outmat
# type: matrix
# rows: 48
# columns: 14
 1 6 568 3 2 4 20 2000 -1.1415926535897931 0.89983296394348145 53 0 1.175 1
 2 6 196 0.80000000000000004 1 3 16 2000 2.8584073464102069 1.0853829383850098 59 1 1.161 0.89999999999999991
 3 6 136 0.40000000000000002 1 4 20 2000 -0.14159265358979312 0.88405013084411621 53 0 0.85799999999999998 0.89999999999999991
 4 6 454 1.6000000000000001 2 3 20 2400 -1.1415926535897931 1.1823492050170898 59 1 1.1679999999999999 0.79999999999999993
 5 6 512 3 1 4 16 2200 -0.14159265358979312 1.7926115989685059 53 0 1.022 0.89999999999999991
 6 6 478 1.6000000000000001 2 4 20 2400 0.85840734641020688 1.3659558296203613 53 0 1.0349999999999999 0.79999999999999993
 7 6 192 0.40000000000000002 2 4 20 2400 1.8584073464102069 0.90604066848754883 59 1 0.80000000000000004 0.89999999999999991
 8 6 434 1.6000000000000001 2 3 16 2000 2.8584073464102069 1.2942183017730713 53 0 1.0249999999999999 0.89999999999999991
 9 6 310 1.2 1 3 20 2400 -0.14159265358979312 1.2055647373199463 53 0 0.85999999999999999 0.89999999999999991
 10 6 295 1.2 1 3 16 2200 -1.1415926535897931 2.0287899971008301 59 1 1.0569999999999999 0.79999999999999993
 11 6 150 0.40000000000000002 2 3 16 2200 -3.1415926535897931 1.4460527896881104 59 1 1.0700000000000001 0.89999999999999991
 12 6 486 3 1 3 16 2200 -0.14159265358979312 1.4593985080718994 53 0 0.999 1
 13 6 108 0.40000000000000002 1 3 16 2400 -1.1415926535897931 1.0020453929901123 59 1 1.0369999999999999 0.89999999999999991
 14 6 330 1.2 1 4 20 2200 2.8584073464102069 0.92738795280456543 53 0 1.0269999999999999 0.79999999999999993
 15 6 80 0 2 4 16 2200 1.8584073464102069 0.96599602699279785 59 1 1.115 0.69999999999999996
 16 6 25 0 1 4 16 2000 2.8584073464102069 0.9013671875 59 1 0.91800000000000004 0.89999999999999991
 17 6 463 1.6000000000000001 2 4 16 2200 -1.1415926535897931 2.5251100063323975 53 0 0.96199999999999997 0.79999999999999993
 18 6 204 0.80000000000000004 1 3 16 2400 0.85840734641020688 1.0421645641326904 53 0 1.145 0.69999999999999996
 19 6 231 0.80000000000000004 1 4 20 2000 1.8584073464102069 1.6285679340362549 53 0 0.82199999999999995 0.89999999999999991
 20 6 254 0.80000000000000004 2 3 20 2000 -0.14159265358979312 1.7484652996063232 53 0 0.86399999999999999 1
 21 6 473 1.6000000000000001 2 4 20 2200 1.8584073464102069 1.0209739208221436 53 0 1.165 0.89999999999999991
 22 6 291 1.2 1 3 16 2000 1.8584073464102069 0.89783000946044922 53 0 1.1839999999999999 0.69999999999999996
 23 6 539 3 2 3 16 2400 -3.1415926535897931 3.2152559757232666 53 0 0.877 0.89999999999999991
 24 6 13 0 1 3 20 2000 -2.1415926535897931 1.1663720607757568 59 1 1.0580000000000001 0.89999999999999991
 25 6 176 0.40000000000000002 2 4 16 2200 0.85840734641020688 0.92165231704711914 59 1 1.107 0.89999999999999991
 26 6 292 1.2 1 3 16 2000 -2.1415926535897931 2.810380220413208 53 0 0.92700000000000005 1
 27 6 72 0 2 3 20 2400 -1.1415926535897931 2.7384066581726074 59 1 1.079 1
 28 6 194 0.80000000000000004 1 3 16 2000 -1.1415926535897931 1.0323781967163086 53 0 1.071 0.89999999999999991
 29 6 424 1.6000000000000001 1 4 20 2000 0.85840734641020688 0.87073945999145508 53 0 0.82799999999999996 0.69999999999999996
 30 6 546 3 2 3 20 2200 0.85840734641020688 2.560783863067627 53 0 1.004 1
 31 6 9 0 1 3 16 2400 -3.1415926535897931 0.91450405120849609 59 1 0.90500000000000003 0.69999999999999996
 32 6 430 1.6000000000000001 1 4 20 2400 -3.1415926535897931 2.4582500457763672 53 0 0.92200000000000004 0.89999999999999991
 33 6 113 0.40000000000000002 1 3 20 2200 1.8584073464102069 0.8347935676574707 53 0 1.0600000000000001 0.89999999999999991
 34 6 432 1.6000000000000001 1 4 20 2400 -0.14159265358979312 0.99353337287902832 53 0 1.141 0.69999999999999996
 35 6 8 0 1 3 16 2200 -3.1415926535897931 0.87933564186096191 59 1 0.98899999999999999 0.89999999999999991
 36 6 252 0.80000000000000004 2 3 16 2400 -3.1415926535897931 1.3621320724487305 59 1 1.147 1
 37 6 5 0 1 3 16 2200 1.8584073464102069 0.88514971733093262 59 1 0.97299999999999998 1
 38 6 14 0 1 3 20 2000 -2.1415926535897931 0.98006057739257812 59 1 1.0740000000000001 0.69999999999999996
 39 6 410 1.6000000000000001 1 4 16 2000 2.8584073464102069 1.6974592208862305 53 0 0.80100000000000005 1
 40 6 94 0 2 4 20 2400 -1.1415926535897931 0.89660477638244629 59 1 0.874 1
 41 6 379 1.2 2 4 20 2200 -0.14159265358979312 0.9984891414642334 53 0 1.014 1
 42 6 456 1.6000000000000001 2 3 20 2400 2.8584073464102069 0.83073329925537109 53 0 0.84799999999999998 1
 43 6 336 1.2 1 4 20 2400 0.85840734641020688 0.87557196617126465 53 0 1.119 0.69999999999999996
 44 6 145 0.40000000000000002 2 3 16 2000 1.8584073464102069 0.99499273300170898 59 1 1.044 0.89999999999999991
 45 6 351 1.2 2 3 20 2000 2.8584073464102069 0.92089128494262695 53 0 1.113 0.89999999999999991
 46 6 251 0.80000000000000004 2 3 16 2400 -1.1415926535897931 0.91804099082946777 59 1 1.1739999999999999 1
 47 6 335 1.2 1 4 20 2400 -1.1415926535897931 0.97661995887756348 53 0 1.1819999999999999 0.69999999999999996
 48 6 38 0 1 4 20 2000 -0.14159265358979312 0.95997262001037598 59 1 0.85499999999999998 0.69999999999999996


# name: resolution
# type: matrix
# rows: 1
# columns: 2
 1366 768


# name: hz
# type: scalar
60


# name: pc
# type: sq_string
# elements: 1
# length: 21
gregor-Latitude-E6320


# name: experiment
# type: sq_string
# elements: 1
# length: 4
RFPb


# name: isOctave
# type: bool
1




