# Created by Octave 5.2.0, Sun Mar 20 17:39:32 2022 CET <student@gregor-Latitude-E6320>
# name: RFP
# type: scalar struct
# ndims: 2
 1 1
# length: 10
# name: vp
# type: sq_string
# elements: 1
# length: 3
V02


# name: mapping
# type: scalar
2


# name: date
# type: sq_string
# elements: 1
# length: 15
20220320T173721


# name: block
# type: scalar
5


# name: outmat
# type: matrix
# rows: 48
# columns: 14
 1 5 79 0 2 4 16 2200 -0.14159265358979312 0.97520971298217773 59 1 1.02 0.89999999999999991
 2 5 203 0.80000000000000004 1 3 16 2400 -0.14159265358979312 1.3022470474243164 59 1 0.84699999999999998 0.89999999999999991
 3 5 497 3 1 3 20 2200 -2.1415926535897931 1.6271693706512451 59 1 1.075 0.79999999999999993
 4 5 53 0 2 3 16 2200 -3.1415926535897931 0.99400687217712402 53 0 1.095 0.79999999999999993
 5 5 345 1.2 2 3 16 2400 2.8584073464102069 2.5166568756103516 59 1 1.131 0.69999999999999996
 6 5 437 1.6000000000000001 2 3 16 2200 -2.1415926535897931 2.0447888374328613 53 0 0.89900000000000002 0.69999999999999996
 7 5 346 1.2 2 3 16 2400 -3.1415926535897931 1.3616704940795898 53 0 0.83199999999999996 1
 8 5 27 0 1 4 16 2000 -0.14159265358979312 0.89773702621459961 59 1 0.92500000000000004 0.79999999999999993
 9 5 89 0 2 4 20 2200 -1.1415926535897931 0.82680797576904297 53 0 0.89200000000000002 0.79999999999999993
 10 5 183 0.40000000000000002 2 4 20 2000 0.85840734641020688 0.96584725379943848 53 0 1.0880000000000001 1
 11 5 109 0.40000000000000002 1 3 20 2000 -0.14159265358979312 1.3020291328430176 59 1 1.044 1
 12 5 427 1.6000000000000001 1 4 20 2200 0.85840734641020688 0.88864445686340332 53 0 0.873 1
 13 5 358 1.2 2 3 20 2400 1.8584073464102069 1.0079717636108398 53 0 1.1779999999999999 1
 14 5 43 0 1 4 20 2200 2.8584073464102069 1.5111570358276367 59 1 1.0649999999999999 0.79999999999999993
 15 5 20 0 1 3 20 2200 -3.1415926535897931 2.2148458957672119 53 0 1.1579999999999999 0.79999999999999993
 16 5 564 3 2 4 16 2400 -1.1415926535897931 1.4097504615783691 53 0 0.82399999999999995 0.79999999999999993
 17 5 510 3 1 4 16 2200 -0.14159265358979312 0.88415074348449707 53 0 1.1100000000000001 0.89999999999999991
 18 5 239 0.80000000000000004 1 4 20 2400 -0.14159265358979312 1.0295352935791016 53 0 1.0740000000000001 0.69999999999999996
 19 5 317 1.2 1 4 16 2200 0.85840734641020688 2.7270784378051758 53 0 0.80500000000000005 0.89999999999999991
 20 5 321 1.2 1 4 16 2400 -0.14159265358979312 1.5426130294799805 53 0 1.1020000000000001 0.79999999999999993
 21 5 569 3 2 4 20 2200 2.8584073464102069 2.2210023403167725 59 1 1.1679999999999999 0.69999999999999996
 22 5 294 1.2 1 3 16 2200 0.85840734641020688 1.066577672958374 53 0 1.004 0.89999999999999991
 23 5 509 3 1 4 16 2200 -3.1415926535897931 2.8385183811187744 53 0 1.1970000000000001 0.79999999999999993
 24 5 187 0.40000000000000002 2 4 20 2200 -0.14159265358979312 0.89493560791015625 59 1 1.0609999999999999 0.89999999999999991
 25 5 101 0.40000000000000002 1 3 16 2200 0.85840734641020688 0.92195296287536621 53 0 1.0049999999999999 0.89999999999999991
 26 5 311 1.2 1 3 20 2400 -3.1415926535897931 3.0286338329315186 59 1 1.1259999999999999 0.79999999999999993
 27 5 404 1.6000000000000001 1 3 20 2200 -3.1415926535897931 3.6197116374969482 53 0 1.161 0.69999999999999996
 28 5 154 0.40000000000000002 2 3 16 2400 -2.1415926535897931 1.2875819206237793 59 1 1.165 0.89999999999999991
 29 5 496 3 1 3 20 2000 -3.1415926535897931 2.7273504734039307 53 0 0.93700000000000006 1
 30 5 550 3 2 3 20 2400 0.85840734641020688 1.4106767177581787 53 0 1.1000000000000001 1
 31 5 87 0 2 4 20 2000 -0.14159265358979312 0.99240612983703613 59 1 0.89300000000000002 0.89999999999999991
 32 5 206 0.80000000000000004 1 3 20 2000 -3.1415926535897931 0.85640215873718262 53 0 0.89000000000000001 0.69999999999999996
 33 5 189 0.40000000000000002 2 4 20 2400 -0.14159265358979312 0.88341522216796875 59 1 1.1120000000000001 0.79999999999999993
 34 5 551 3 2 3 20 2400 0.85840734641020688 0.93099403381347656 53 0 0.998 0.79999999999999993
 35 5 361 1.2 2 4 16 2000 -2.1415926535897931 5.7396371364593506 53 0 0.88400000000000001 1
 36 5 316 1.2 1 4 16 2000 -1.1415926535897931 0.97948551177978516 53 0 0.94899999999999995 0.89999999999999991
 37 5 479 1.6000000000000001 2 4 20 2400 0.85840734641020688 2.4353876113891602 53 0 0.98599999999999999 0.89999999999999991
 38 5 441 1.6000000000000001 2 3 16 2400 -1.1415926535897931 2.3397979736328125 53 0 0.96099999999999997 0.89999999999999991
 39 5 240 0.80000000000000004 1 4 20 2400 -3.1415926535897931 0.84906530380249023 53 0 0.98599999999999999 0.79999999999999993
 40 5 472 1.6000000000000001 2 4 20 2000 -1.1415926535897931 1.213979959487915 53 0 0.877 0.89999999999999991
 41 5 508 3 1 4 16 2000 -3.1415926535897931 1.8331048488616943 53 0 0.98299999999999998 0.89999999999999991
 42 5 332 1.2 1 4 20 2200 1.8584073464102069 0.84538125991821289 53 0 0.88500000000000001 0.89999999999999991
 43 5 264 0.80000000000000004 2 3 20 2400 -1.1415926535897931 0.92969179153442383 53 0 1.01 0.79999999999999993
 44 5 377 1.2 2 4 20 2200 -2.1415926535897931 2.7530252933502197 53 0 1.0760000000000001 0.69999999999999996
 45 5 372 1.2 2 4 16 2400 -1.1415926535897931 2.5461361408233643 53 0 1.198 0.79999999999999993
 46 5 172 0.40000000000000002 2 4 16 2000 1.8584073464102069 3.4502151012420654 59 1 1.087 0.69999999999999996
 47 5 407 1.6000000000000001 1 3 20 2400 -1.1415926535897931 1.3489103317260742 53 0 0.85799999999999998 0.69999999999999996
 48 5 153 0.40000000000000002 2 3 16 2400 -3.1415926535897931 1.6594774723052979 59 1 0.90100000000000002 0.89999999999999991


# name: resolution
# type: matrix
# rows: 1
# columns: 2
 1366 768


# name: hz
# type: scalar
60


# name: pc
# type: sq_string
# elements: 1
# length: 21
gregor-Latitude-E6320


# name: experiment
# type: sq_string
# elements: 1
# length: 4
RFPb


# name: isOctave
# type: bool
1




