# Created by Octave 5.2.0, Mon Mar 21 17:46:14 2022 CET <student@gregor-Latitude-E6320>
# name: RFP
# type: scalar struct
# ndims: 2
 1 1
# length: 10
# name: vp
# type: sq_string
# elements: 1
# length: 3
V03


# name: mapping
# type: scalar
2


# name: date
# type: sq_string
# elements: 1
# length: 15
20220321T174401


# name: block
# type: scalar
6


# name: outmat
# type: matrix
# rows: 48
# columns: 14
 1 6 297 1.2 1 3 16 2400 -0.14159265358979312 1.7144744396209717 59 1 1.0680000000000001 0.89999999999999991
 2 6 282 0.80000000000000004 2 4 20 2200 -2.1415926535897931 0.97404170036315918 59 1 0.83999999999999997 1
 3 6 354 1.2 2 3 20 2200 2.8584073464102069 2.9348444938659668 53 0 1.1990000000000001 0.89999999999999991
 4 6 135 0.40000000000000002 1 4 20 2000 1.8584073464102069 1.4782567024230957 59 1 1.0780000000000001 0.89999999999999991
 5 6 106 0.40000000000000002 1 3 16 2400 -3.1415926535897931 1.2668757438659668 59 1 0.96299999999999997 0.89999999999999991
 6 6 428 1.6000000000000001 1 4 20 2200 -0.14159265358979312 1.2454328536987305 53 0 1.004 0.89999999999999991
 7 6 29 0 1 4 16 2200 0.85840734641020688 1.0692574977874756 59 1 1.022 0.69999999999999996
 8 6 359 1.2 2 3 20 2400 -0.14159265358979312 1.1208035945892334 53 0 1.143 0.79999999999999993
 9 6 56 0 2 3 16 2200 2.8584073464102069 1.0471887588500977 59 1 1.181 0.79999999999999993
 10 6 474 1.6000000000000001 2 4 20 2200 -2.1415926535897931 1.5685737133026123 53 0 0.96199999999999997 0.69999999999999996
 11 6 522 3 1 4 20 2200 -2.1415926535897931 1.0782084465026855 53 0 1.0649999999999999 0.79999999999999993
 12 6 187 0.40000000000000002 2 4 20 2200 -2.1415926535897931 2.9067046642303467 59 1 1.022 0.69999999999999996
 13 6 98 0.40000000000000002 1 3 16 2000 2.8584073464102069 2.8252885341644287 59 1 1.0489999999999999 0.79999999999999993
 14 6 422 1.6000000000000001 1 4 20 2000 -3.1415926535897931 1.426957368850708 53 0 1.1799999999999999 0.79999999999999993
 15 6 408 1.6000000000000001 1 3 20 2400 -2.1415926535897931 1.1273360252380371 53 0 1.0269999999999999 0.89999999999999991
 16 6 513 3 1 4 16 2400 -3.1415926535897931 1.1778731346130371 53 0 1.0640000000000001 0.79999999999999993
 17 6 255 0.80000000000000004 2 3 20 2000 -2.1415926535897931 1.1915962696075439 53 0 1.1259999999999999 0.89999999999999991
 18 6 547 3 2 3 20 2200 -0.14159265358979312 1.0986566543579102 53 0 0.91400000000000003 0.79999999999999993
 19 6 338 1.2 2 3 16 2000 -0.14159265358979312 1.0745422840118408 53 0 1.0389999999999999 1
 20 6 398 1.6000000000000001 1 3 20 2000 -2.1415926535897931 1.0321109294891357 53 0 1.157 1
 21 6 193 0.80000000000000004 1 3 16 2000 0.85840734641020688 1.5229287147521973 53 0 0.90700000000000003 1
 22 6 463 1.6000000000000001 2 4 16 2200 -1.1415926535897931 2.5580055713653564 59 1 1.153 1
 23 6 334 1.2 1 4 20 2400 -1.1415926535897931 1.3781135082244873 53 0 0.94199999999999995 0.89999999999999991
 24 6 73 0 2 4 16 2000 0.85840734641020688 1.2250616550445557 59 1 0.85299999999999998 1
 25 6 13 0 1 3 20 2000 -1.1415926535897931 1.5460524559020996 59 1 1.046 0.89999999999999991
 26 6 511 3 1 4 16 2200 0.85840734641020688 4.5529227256774902 53 0 1.0409999999999999 0.69999999999999996
 27 6 209 0.80000000000000004 1 3 20 2200 -3.1415926535897931 1.7027883529663086 53 0 1.0680000000000001 0.69999999999999996
 28 6 480 1.6000000000000001 2 4 20 2400 -2.1415926535897931 1.6135284900665283 53 0 1.0209999999999999 0.69999999999999996
 29 6 457 1.6000000000000001 2 4 16 2000 -3.1415926535897931 1.7857165336608887 53 0 0.85099999999999998 0.69999999999999996
 30 6 242 0.80000000000000004 2 3 16 2000 -1.1415926535897931 1.9403862953186035 59 1 0.90200000000000002 0.89999999999999991
 31 6 160 0.40000000000000002 2 3 20 2000 0.85840734641020688 1.344419002532959 59 1 1.006 0.89999999999999991
 32 6 199 0.80000000000000004 1 3 16 2200 -2.1415926535897931 1.1886985301971436 59 1 0.96899999999999997 0.89999999999999991
 33 6 253 0.80000000000000004 2 3 20 2000 -1.1415926535897931 1.3466634750366211 59 1 1.0669999999999999 0.79999999999999993
 34 6 46 0 1 4 20 2400 1.8584073464102069 4.7182381153106689 59 1 1.1910000000000001 1
 35 6 169 0.40000000000000002 2 4 16 2000 -0.14159265358979312 1.1710145473480225 59 1 0.85699999999999998 0.79999999999999993
 36 6 278 0.80000000000000004 2 4 20 2000 0.85840734641020688 1.7130265235900879 59 1 0.97699999999999998 1
 37 6 481 3 1 3 16 2000 0.85840734641020688 0.8766028881072998 53 0 1.137 0.69999999999999996
 38 6 328 1.2 1 4 20 2000 -2.1415926535897931 1.0439615249633789 53 0 1.0609999999999999 0.79999999999999993
 39 6 15 0 1 3 20 2000 -0.14159265358979312 0.85842990875244141 59 1 1.028 1
 40 6 243 0.80000000000000004 2 3 16 2000 -0.14159265358979312 4.5314304828643799 59 1 1.0429999999999999 0.89999999999999991
 41 6 300 1.2 1 3 16 2400 -3.1415926535897931 1.0980396270751953 59 1 1.101 1
 42 6 62 0 2 3 20 2000 1.8584073464102069 1.1814093589782715 59 1 1.1819999999999999 0.69999999999999996
 43 6 473 1.6000000000000001 2 4 20 2200 -2.1415926535897931 0.9591977596282959 53 0 0.86899999999999999 0.89999999999999991
 44 6 165 0.40000000000000002 2 3 20 2400 -0.14159265358979312 5.1751284599304199 53 0 0.89700000000000002 0.89999999999999991
 45 6 30 0 1 4 16 2200 -2.1415926535897931 0.98002195358276367 59 1 1.089 0.79999999999999993
 46 6 356 1.2 2 3 20 2200 -2.1415926535897931 1.3791966438293457 53 0 0.98999999999999999 1
 47 6 155 0.40000000000000002 2 3 16 2400 -2.1415926535897931 1.7498431205749512 59 1 0.80300000000000005 1
 48 6 394 1.6000000000000001 1 3 16 2400 2.8584073464102069 1.4510271549224854 53 0 0.95399999999999996 0.89999999999999991


# name: resolution
# type: matrix
# rows: 1
# columns: 2
 1366 768


# name: hz
# type: scalar
60


# name: pc
# type: sq_string
# elements: 1
# length: 21
gregor-Latitude-E6320


# name: experiment
# type: sq_string
# elements: 1
# length: 4
RFPb


# name: isOctave
# type: bool
1




