# Created by Octave 5.2.0, Mon Mar 21 17:39:32 2022 CET <student@gregor-Latitude-E6320>
# name: RFP
# type: scalar struct
# ndims: 2
 1 1
# length: 10
# name: vp
# type: sq_string
# elements: 1
# length: 3
V03


# name: mapping
# type: scalar
2


# name: date
# type: sq_string
# elements: 1
# length: 15
20220321T173735


# name: block
# type: scalar
3


# name: outmat
# type: matrix
# rows: 48
# columns: 14
 1 3 347 1.2 2 3 16 2400 -3.1415926535897931 1.4445266723632812 53 0 1.1919999999999999 0.69999999999999996
 2 3 130 0.40000000000000002 1 4 16 2400 2.8584073464102069 1.0974845886230469 59 1 0.82999999999999996 1
 3 3 440 1.6000000000000001 2 3 16 2200 -2.1415926535897931 1.4286983013153076 59 1 1.1719999999999999 1
 4 3 317 1.2 1 4 16 2200 -2.1415926535897931 1.1152751445770264 53 0 0.97299999999999998 0.79999999999999993
 5 3 129 0.40000000000000002 1 4 16 2400 -2.1415926535897931 0.83915877342224121 59 1 1.0189999999999999 1
 6 3 353 1.2 2 3 20 2200 -3.1415926535897931 1.3369946479797363 53 0 1.1160000000000001 1
 7 3 571 3 2 4 20 2200 2.8584073464102069 0.88347458839416504 53 0 1.175 0.69999999999999996
 8 3 51 0 2 3 16 2000 0.85840734641020688 1.014155387878418 59 1 0.88700000000000001 0.69999999999999996
 9 3 525 3 1 4 20 2400 -2.1415926535897931 0.85880136489868164 53 0 1.083 0.79999999999999993
 10 3 459 1.6000000000000001 2 4 16 2000 1.8584073464102069 1.8951294422149658 53 0 1.048 0.79999999999999993
 11 3 256 0.80000000000000004 2 3 20 2000 1.8584073464102069 1.0735626220703125 53 0 1.0609999999999999 0.69999999999999996
 12 3 397 1.6000000000000001 1 3 20 2000 1.8584073464102069 4.7279255390167236 53 0 1.1419999999999999 0.69999999999999996
 13 3 261 0.80000000000000004 2 3 20 2400 0.85840734641020688 1.8046214580535889 53 0 1.0229999999999999 0.69999999999999996
 14 3 74 0 2 4 16 2000 -2.1415926535897931 1.1985037326812744 59 1 0.97899999999999998 0.79999999999999993
 15 3 438 1.6000000000000001 2 3 16 2200 1.8584073464102069 1.1318724155426025 53 0 0.91000000000000003 0.89999999999999991
 16 3 488 3 1 3 16 2200 -1.1415926535897931 0.93830442428588867 53 0 1.008 0.69999999999999996
 17 3 523 3 1 4 20 2200 -3.1415926535897931 0.90453243255615234 53 0 0.86199999999999999 0.89999999999999991
 18 3 84 0 2 4 16 2400 -1.1415926535897931 1.1439139842987061 59 1 0.90400000000000003 0.89999999999999991
 19 3 113 0.40000000000000002 1 3 20 2200 -1.1415926535897931 1.7504863739013672 53 0 0.83599999999999997 0.89999999999999991
 20 3 444 1.6000000000000001 2 3 16 2400 -2.1415926535897931 1.7142946720123291 53 0 0.90300000000000002 1
 21 3 48 0 1 4 20 2400 1.8584073464102069 1.0347158908843994 59 1 1.1140000000000001 0.79999999999999993
 22 3 60 0 2 3 16 2400 -0.14159265358979312 0.86146283149719238 59 1 1.093 0.69999999999999996
 23 3 12 0 1 3 16 2400 2.8584073464102069 4.1293244361877441 59 1 1.147 1
 24 3 337 1.2 2 3 16 2000 -3.1415926535897931 2.2473995685577393 59 1 1.2 0.69999999999999996
 25 3 362 1.2 2 4 16 2000 0.85840734641020688 2.3176863193511963 53 0 0.98599999999999999 0.89999999999999991
 26 3 77 0 2 4 16 2200 -3.1415926535897931 2.3155243396759033 59 1 0.86499999999999999 0.69999999999999996
 27 3 482 3 1 3 16 2000 -1.1415926535897931 1.440516471862793 53 0 1.109 0.89999999999999991
 28 3 7 0 1 3 16 2200 -2.1415926535897931 1.2495956420898438 59 1 0.92100000000000004 1
 29 3 281 0.80000000000000004 2 4 20 2200 0.85840734641020688 1.2890737056732178 53 0 0.873 0.69999999999999996
 30 3 280 0.80000000000000004 2 4 20 2000 -1.1415926535897931 1.1195168495178223 53 0 0.85099999999999998 0.79999999999999993
 31 3 181 0.40000000000000002 2 4 20 2000 -0.14159265358979312 1.0795204639434814 59 1 1.1519999999999999 0.89999999999999991
 32 3 344 1.2 2 3 16 2200 1.8584073464102069 0.92316126823425293 53 0 1.121 0.79999999999999993
 33 3 477 1.6000000000000001 2 4 20 2400 -2.1415926535897931 0.93014621734619141 53 0 1.0900000000000001 1
 34 3 310 1.2 1 3 20 2400 0.85840734641020688 0.91050171852111816 53 0 1.2 1
 35 3 391 1.6000000000000001 1 3 16 2200 -2.1415926535897931 1.0713293552398682 53 0 0.80200000000000005 0.79999999999999993
 36 3 144 0.40000000000000002 1 4 20 2400 0.85840734641020688 1.5218443870544434 59 1 1.008 1
 37 3 37 0 1 4 20 2000 -3.1415926535897931 1.1265015602111816 59 1 1.1779999999999999 0.89999999999999991
 38 3 407 1.6000000000000001 1 3 20 2400 1.8584073464102069 1.1442174911499023 53 0 1 1
 39 3 447 1.6000000000000001 2 3 20 2000 1.8584073464102069 1.2219521999359131 53 0 1.036 0.89999999999999991
 40 3 503 3 1 3 20 2400 -2.1415926535897931 1.1430246829986572 53 0 0.83499999999999996 0.79999999999999993
 41 3 501 3 1 3 20 2400 -1.1415926535897931 1.0867176055908203 53 0 0.80100000000000005 0.69999999999999996
 42 3 324 1.2 1 4 16 2400 0.85840734641020688 1.0402910709381104 53 0 1.161 0.79999999999999993
 43 3 39 0 1 4 20 2000 0.85840734641020688 1.3986775875091553 59 1 0.88900000000000001 1
 44 3 237 0.80000000000000004 1 4 20 2400 -3.1415926535897931 0.82298803329467773 53 0 1.002 0.79999999999999993
 45 3 97 0.40000000000000002 1 3 16 2000 -0.14159265358979312 0.9470064640045166 59 1 0.94099999999999995 0.89999999999999991
 46 3 449 1.6000000000000001 2 3 20 2200 -3.1415926535897931 1.3116738796234131 53 0 1.159 1
 47 3 348 1.2 2 3 16 2400 -0.14159265358979312 1.1236944198608398 53 0 0.86099999999999999 1
 48 3 246 0.80000000000000004 2 3 16 2200 -1.1415926535897931 1.6085879802703857 53 0 1.044 1


# name: resolution
# type: matrix
# rows: 1
# columns: 2
 1366 768


# name: hz
# type: scalar
60


# name: pc
# type: sq_string
# elements: 1
# length: 21
gregor-Latitude-E6320


# name: experiment
# type: sq_string
# elements: 1
# length: 4
RFPb


# name: isOctave
# type: bool
1




