# Created by Octave 5.2.0, Mon Mar 21 17:50:24 2022 CET <student@gregor-Latitude-E6320>
# name: RFP
# type: scalar struct
# ndims: 2
 1 1
# length: 10
# name: vp
# type: sq_string
# elements: 1
# length: 3
V03


# name: mapping
# type: scalar
2


# name: date
# type: sq_string
# elements: 1
# length: 15
20220321T174821


# name: block
# type: scalar
8


# name: outmat
# type: matrix
# rows: 48
# columns: 14
 1 8 312 1.2 1 3 20 2400 1.8584073464102069 0.96611166000366211 53 0 1.131 0.79999999999999993
 2 8 304 1.2 1 3 20 2000 -0.14159265358979312 0.86576247215270996 53 0 1.0369999999999999 0.89999999999999991
 3 8 296 1.2 1 3 16 2200 -1.1415926535897931 4.2184860706329346 53 0 1.177 0.69999999999999996
 4 8 368 1.2 2 4 16 2200 -0.14159265358979312 3.7884566783905029 53 0 0.91700000000000004 0.69999999999999996
 5 8 512 3 1 4 16 2200 0.85840734641020688 1.6597545146942139 53 0 0.84299999999999997 0.79999999999999993
 6 8 423 1.6000000000000001 1 4 20 2000 -3.1415926535897931 3.9870505332946777 53 0 1.1299999999999999 0.79999999999999993
 7 8 14 0 1 3 20 2000 0.85840734641020688 0.90363526344299316 59 1 1.02 0.89999999999999991
 8 8 6 0 1 3 16 2200 -3.1415926535897931 0.97986769676208496 59 1 0.82899999999999996 0.69999999999999996
 9 8 220 0.80000000000000004 1 4 16 2000 -2.1415926535897931 0.96432971954345703 59 1 0.80400000000000005 0.89999999999999991
 10 8 485 3 1 3 16 2200 0.85840734641020688 1.6632635593414307 53 0 0.86099999999999999 0.79999999999999993
 11 8 141 0.40000000000000002 1 4 20 2400 -3.1415926535897931 5.2176005840301514 59 1 0.85899999999999999 0.69999999999999996
 12 8 94 0 2 4 20 2400 2.8584073464102069 1.9225075244903564 59 1 0.92500000000000004 0.89999999999999991
 13 8 510 3 1 4 16 2200 -1.1415926535897931 1.3313906192779541 53 0 0.84999999999999998 0.89999999999999991
 14 8 539 3 2 3 16 2400 -3.1415926535897931 1.1979925632476807 53 0 0.98399999999999999 0.89999999999999991
 15 8 75 0 2 4 16 2000 -1.1415926535897931 1.0744364261627197 59 1 0.81100000000000005 1
 16 8 267 0.80000000000000004 2 4 16 2000 -2.1415926535897931 1.6676247119903564 53 0 0.90000000000000002 0.79999999999999993
 17 8 339 1.2 2 3 16 2000 -2.1415926535897931 1.0137615203857422 53 0 1.022 1
 18 8 254 0.80000000000000004 2 3 20 2000 0.85840734641020688 2.0216317176818848 53 0 0.94099999999999995 1
 19 8 236 0.80000000000000004 1 4 20 2200 -1.1415926535897931 1.0366368293762207 53 0 1.0089999999999999 0.69999999999999996
 20 8 411 1.6000000000000001 1 4 16 2000 -0.14159265358979312 0.81812167167663574 53 0 0.88 0.79999999999999993
 21 8 451 1.6000000000000001 2 3 20 2200 -0.14159265358979312 0.82017254829406738 53 0 1.0009999999999999 0.79999999999999993
 22 8 517 3 1 4 20 2000 -1.1415926535897931 0.96381950378417969 53 0 1.0369999999999999 0.89999999999999991
 23 8 231 0.80000000000000004 1 4 20 2000 -1.1415926535897931 0.82514047622680664 53 0 1.0309999999999999 0.79999999999999993
 24 8 49 0 2 3 16 2000 -1.1415926535897931 1.3125696182250977 59 1 0.86399999999999999 0.79999999999999993
 25 8 138 0.40000000000000002 1 4 20 2200 -0.14159265358979312 1.0403633117675781 59 1 1.1459999999999999 1
 26 8 16 0 1 3 20 2000 -0.14159265358979312 0.83763742446899414 59 1 1.002 0.89999999999999991
 27 8 372 1.2 2 4 16 2400 2.8584073464102069 1.3053698539733887 53 0 0.92400000000000004 0.79999999999999993
 28 8 19 0 1 3 20 2200 0.85840734641020688 0.83463048934936523 59 1 0.86799999999999999 0.79999999999999993
 29 8 375 1.2 2 4 20 2000 2.8584073464102069 0.94609355926513672 53 0 1.1739999999999999 0.69999999999999996
 30 8 307 1.2 1 3 20 2200 1.8584073464102069 2.8447940349578857 53 0 1.113 0.69999999999999996
 31 8 425 1.6000000000000001 1 4 20 2200 -0.14159265358979312 1.1686582565307617 53 0 1.1970000000000001 1
 32 8 205 0.80000000000000004 1 3 20 2000 -1.1415926535897931 1.4181225299835205 59 1 1.008 1
 33 8 427 1.6000000000000001 1 4 20 2200 2.8584073464102069 3.6359071731567383 53 0 1.1259999999999999 0.69999999999999996
 34 8 54 0 2 3 16 2200 -1.1415926535897931 1.7170708179473877 59 1 1.1100000000000001 0.69999999999999996
 35 8 161 0.40000000000000002 2 3 20 2200 -2.1415926535897931 1.1845028400421143 59 1 0.88100000000000001 1
 36 8 28 0 1 4 16 2000 2.8584073464102069 1.127824068069458 59 1 1.0049999999999999 1
 37 8 383 1.2 2 4 20 2400 -2.1415926535897931 1.3431580066680908 53 0 0.96199999999999997 0.69999999999999996
 38 8 554 3 2 4 16 2000 2.8584073464102069 0.97492766380310059 53 0 0.98499999999999999 0.69999999999999996
 39 8 283 0.80000000000000004 2 4 20 2200 2.8584073464102069 1.0585367679595947 53 0 0.91500000000000004 0.79999999999999993
 40 8 432 1.6000000000000001 1 4 20 2400 -0.14159265358979312 0.82781434059143066 53 0 1.087 0.79999999999999993
 41 8 369 1.2 2 4 16 2400 0.85840734641020688 1.0211024284362793 53 0 1.105 0.89999999999999991
 42 8 123 0.40000000000000002 1 4 16 2000 -0.14159265358979312 0.83942341804504395 59 1 0.90500000000000003 0.89999999999999991
 43 8 82 0 2 4 16 2400 -2.1415926535897931 0.89174485206604004 59 1 1.02 1
 44 8 3 0 1 3 16 2000 0.85840734641020688 0.87659478187561035 59 1 1.0309999999999999 0.79999999999999993
 45 8 159 0.40000000000000002 2 3 20 2000 2.8584073464102069 1.0202996730804443 59 1 0.87 0.89999999999999991
 46 8 115 0.40000000000000002 1 3 20 2200 -1.1415926535897931 4.0994970798492432 59 1 1.02 0.79999999999999993
 47 8 164 0.40000000000000002 2 3 20 2200 1.8584073464102069 1.3283596038818359 59 1 1.008 1
 48 8 306 1.2 1 3 20 2200 1.8584073464102069 0.99672484397888184 53 0 0.92300000000000004 0.89999999999999991


# name: resolution
# type: matrix
# rows: 1
# columns: 2
 1366 768


# name: hz
# type: scalar
60


# name: pc
# type: sq_string
# elements: 1
# length: 21
gregor-Latitude-E6320


# name: experiment
# type: sq_string
# elements: 1
# length: 4
RFPb


# name: isOctave
# type: bool
1




