# Created by Octave 5.2.0, Mon Mar 21 17:37:33 2022 CET <student@gregor-Latitude-E6320>
# name: RFP
# type: scalar struct
# ndims: 2
 1 1
# length: 10
# name: vp
# type: sq_string
# elements: 1
# length: 3
V03


# name: mapping
# type: scalar
2


# name: date
# type: sq_string
# elements: 1
# length: 15
20220321T173535


# name: block
# type: scalar
2


# name: outmat
# type: matrix
# rows: 48
# columns: 14
 1 2 476 1.6000000000000001 2 4 20 2200 -0.14159265358979312 2.2356503009796143 53 0 1.1379999999999999 0.79999999999999993
 2 2 122 0.40000000000000002 1 4 16 2000 -3.1415926535897931 1.4871866703033447 59 1 0.95499999999999996 0.79999999999999993
 3 2 128 0.40000000000000002 1 4 16 2200 1.8584073464102069 1.9507961273193359 59 1 1.153 0.69999999999999996
 4 2 308 1.2 1 3 20 2200 0.85840734641020688 1.2955327033996582 53 0 0.84999999999999998 1
 5 2 171 0.40000000000000002 2 4 16 2000 0.85840734641020688 1.3892769813537598 59 1 0.90400000000000003 0.79999999999999993
 6 2 331 1.2 1 4 20 2200 -1.1415926535897931 2.2323198318481445 53 0 1.155 1
 7 2 91 0 2 4 20 2200 1.8584073464102069 1.7737946510314941 53 0 1.0760000000000001 0.69999999999999996
 8 2 1 0 1 3 16 2000 -1.1415926535897931 1.3683102130889893 59 1 0.93100000000000005 0.69999999999999996
 9 2 204 0.80000000000000004 1 3 16 2400 -1.1415926535897931 2.0629594326019287 59 1 0.91700000000000004 0.89999999999999991
 10 2 495 3 1 3 20 2000 1.8584073464102069 1.4132864475250244 53 0 1.0389999999999999 0.79999999999999993
 11 2 402 1.6000000000000001 1 3 20 2200 -1.1415926535897931 1.267836332321167 53 0 0.91400000000000003 0.79999999999999993
 12 2 100 0.40000000000000002 1 3 16 2000 -1.1415926535897931 1.3288724422454834 59 1 1.1779999999999999 0.89999999999999991
 13 2 219 0.80000000000000004 1 4 16 2000 -1.1415926535897931 1.1370871067047119 59 1 0.87 0.79999999999999993
 14 2 105 0.40000000000000002 1 3 16 2400 -0.14159265358979312 1.2644996643066406 59 1 0.82499999999999996 1
 15 2 352 1.2 2 3 20 2000 -0.14159265358979312 1.1888115406036377 53 0 0.84699999999999998 1
 16 2 524 3 1 4 20 2200 2.8584073464102069 1.7997937202453613 53 0 1.018 1
 17 2 249 0.80000000000000004 2 3 16 2400 -1.1415926535897931 1.0398013591766357 59 1 1.085 1
 18 2 443 1.6000000000000001 2 3 16 2400 -3.1415926535897931 1.0401375293731689 53 0 0.98499999999999999 0.69999999999999996
 19 2 548 3 2 3 20 2200 -3.1415926535897931 0.99145174026489258 53 0 1.1539999999999999 0.79999999999999993
 20 2 230 0.80000000000000004 1 4 20 2000 1.8584073464102069 0.96630048751831055 53 0 1.1479999999999999 0.69999999999999996
 21 2 544 3 2 3 20 2000 -0.14159265358979312 1.0644657611846924 53 0 0.83699999999999997 0.69999999999999996
 22 2 492 3 1 3 16 2400 1.8584073464102069 0.99889731407165527 53 0 1.177 0.79999999999999993
 23 2 153 0.40000000000000002 2 3 16 2400 0.85840734641020688 1.3100762367248535 59 1 1.109 0.89999999999999991
 24 2 546 3 2 3 20 2200 -1.1415926535897931 1.0886096954345703 53 0 0.97099999999999997 0.89999999999999991
 25 2 527 3 1 4 20 2400 -1.1415926535897931 1.1267120838165283 53 0 1.173 0.89999999999999991
 26 2 455 1.6000000000000001 2 3 20 2400 2.8584073464102069 1.1035685539245605 53 0 1.163 0.69999999999999996
 27 2 393 1.6000000000000001 1 3 16 2400 -2.1415926535897931 1.1800475120544434 53 0 0.99199999999999999 0.89999999999999991
 28 2 27 0 1 4 16 2000 1.8584073464102069 0.98859095573425293 59 1 0.96099999999999997 0.69999999999999996
 29 2 551 3 2 3 20 2400 -3.1415926535897931 1.1034471988677979 53 0 1.012 0.69999999999999996
 30 2 20 0 1 3 20 2200 2.8584073464102069 0.88695836067199707 59 1 1.1020000000000001 1
 31 2 516 3 1 4 16 2400 0.85840734641020688 1.3929955959320068 53 0 0.97999999999999998 0.79999999999999993
 32 2 413 1.6000000000000001 1 4 16 2200 1.8584073464102069 1.1749634742736816 53 0 1.0089999999999999 0.79999999999999993
 33 2 465 1.6000000000000001 2 4 16 2400 -1.1415926535897931 1.0767714977264404 53 0 0.91800000000000004 0.79999999999999993
 34 2 416 1.6000000000000001 1 4 16 2200 -3.1415926535897931 1.6017720699310303 53 0 0.99099999999999999 0.79999999999999993
 35 2 467 1.6000000000000001 2 4 16 2400 -0.14159265358979312 1.3476405143737793 53 0 0.98999999999999999 0.89999999999999991
 36 2 466 1.6000000000000001 2 4 16 2400 0.85840734641020688 0.9709935188293457 53 0 1.177 0.79999999999999993
 37 2 170 0.40000000000000002 2 4 16 2000 -2.1415926535897931 1.2551403045654297 59 1 0.98699999999999999 0.69999999999999996
 38 2 119 0.40000000000000002 1 3 20 2400 -1.1415926535897931 2.0004277229309082 53 0 1.087 0.89999999999999991
 39 2 114 0.40000000000000002 1 3 20 2200 -2.1415926535897931 4.7028572559356689 59 1 1.113 1
 40 2 212 0.80000000000000004 1 3 20 2200 -2.1415926535897931 0.88618564605712891 53 0 0.89900000000000002 0.69999999999999996
 41 2 373 1.2 2 4 20 2000 1.8584073464102069 1.3580126762390137 53 0 1.079 0.69999999999999996
 42 2 22 0 1 3 20 2400 -1.1415926535897931 1.5506963729858398 59 1 0.99299999999999999 0.79999999999999993
 43 2 521 3 1 4 20 2200 1.8584073464102069 1.2668206691741943 53 0 0.91500000000000004 0.79999999999999993
 44 2 31 0 1 4 16 2200 -3.1415926535897931 0.91037678718566895 59 1 0.82799999999999996 1
 45 2 44 0 1 4 20 2200 -1.1415926535897931 1.3412213325500488 59 1 0.91300000000000003 1
 46 2 288 0.80000000000000004 2 4 20 2400 0.85840734641020688 1.9435129165649414 53 0 1.149 0.89999999999999991
 47 2 35 0 1 4 16 2400 -1.1415926535897931 1.1445643901824951 59 1 1.103 1
 48 2 90 0 2 4 20 2200 -2.1415926535897931 1.6304900646209717 59 1 0.91400000000000003 0.69999999999999996


# name: resolution
# type: matrix
# rows: 1
# columns: 2
 1366 768


# name: hz
# type: scalar
60


# name: pc
# type: sq_string
# elements: 1
# length: 21
gregor-Latitude-E6320


# name: experiment
# type: sq_string
# elements: 1
# length: 4
RFPb


# name: isOctave
# type: bool
1




