# Created by Octave 5.2.0, Mon Mar 21 17:54:39 2022 CET <student@gregor-Latitude-E6320>
# name: RFP
# type: scalar struct
# ndims: 2
 1 1
# length: 10
# name: vp
# type: sq_string
# elements: 1
# length: 3
V03


# name: mapping
# type: scalar
2


# name: date
# type: sq_string
# elements: 1
# length: 15
20220321T175240


# name: block
# type: scalar
10


# name: outmat
# type: matrix
# rows: 48
# columns: 14
 1 10 555 3 2 4 16 2000 -1.1415926535897931 3.9786441326141357 53 0 1.0209999999999999 0.69999999999999996
 2 10 227 0.80000000000000004 1 4 16 2400 -1.1415926535897931 3.2904191017150879 53 0 0.93700000000000006 0.69999999999999996
 3 10 71 0 2 3 20 2400 -3.1415926535897931 1.3109455108642578 59 1 1.1339999999999999 0.79999999999999993
 4 10 566 3 2 4 20 2000 0.85840734641020688 1.1931812763214111 53 0 0.998 0.69999999999999996
 5 10 247 0.80000000000000004 2 3 16 2200 -3.1415926535897931 0.8668816089630127 59 1 0.90700000000000003 1
 6 10 426 1.6000000000000001 1 4 20 2200 -0.14159265358979312 0.85744929313659668 53 0 1.1439999999999999 0.89999999999999991
 7 10 260 0.80000000000000004 2 3 20 2200 1.8584073464102069 0.9982001781463623 59 1 0.91200000000000003 0.79999999999999993
 8 10 250 0.80000000000000004 2 3 16 2400 1.8584073464102069 2.9624850749969482 59 1 1.006 0.89999999999999991
 9 10 454 1.6000000000000001 2 3 20 2400 2.8584073464102069 1.3293936252593994 53 0 1.022 1
 10 10 241 0.80000000000000004 2 3 16 2000 -0.14159265358979312 1.3022556304931641 59 1 0.93000000000000005 0.89999999999999991
 11 10 287 0.80000000000000004 2 4 20 2400 -2.1415926535897931 1.5783553123474121 53 0 0.95099999999999996 0.89999999999999991
 12 10 142 0.40000000000000002 1 4 20 2400 -2.1415926535897931 1.0490546226501465 59 1 0.80700000000000005 0.79999999999999993
 13 10 34 0 1 4 16 2400 2.8584073464102069 2.1067240238189697 59 1 0.88500000000000001 1
 14 10 284 0.80000000000000004 2 4 20 2200 -2.1415926535897931 1.3398587703704834 53 0 1.034 0.89999999999999991
 15 10 431 1.6000000000000001 1 4 20 2400 2.8584073464102069 1.4769201278686523 53 0 0.876 1
 16 10 207 0.80000000000000004 1 3 20 2000 2.8584073464102069 1.0213780403137207 53 0 0.873 0.89999999999999991
 17 10 374 1.2 2 4 20 2000 0.85840734641020688 1.2138552665710449 53 0 1.095 0.89999999999999991
 18 10 4 0 1 3 16 2000 1.8584073464102069 1.2682945728302002 59 1 0.99099999999999999 0.89999999999999991
 19 10 575 3 2 4 20 2400 0.85840734641020688 1.184044361114502 53 0 0.80100000000000005 0.69999999999999996
 20 10 569 3 2 4 20 2200 -3.1415926535897931 0.90685462951660156 53 0 1.0489999999999999 0.79999999999999993
 21 10 245 0.80000000000000004 2 3 16 2200 -0.14159265358979312 0.84949231147766113 59 1 1.0920000000000001 0.89999999999999991
 22 10 533 3 2 3 16 2200 -1.1415926535897931 0.86276030540466309 53 0 1 0.89999999999999991
 23 10 370 1.2 2 4 16 2400 0.85840734641020688 0.96937346458435059 53 0 0.90000000000000002 0.79999999999999993
 24 10 217 0.80000000000000004 1 4 16 2000 -0.14159265358979312 1.2351377010345459 59 1 0.92500000000000004 1
 25 10 552 3 2 3 20 2400 -0.14159265358979312 1.1516556739807129 53 0 1.1759999999999999 1
 26 10 540 3 2 3 16 2400 -3.1415926535897931 0.86179447174072266 53 0 1.0149999999999999 0.69999999999999996
 27 10 528 3 1 4 20 2400 -2.1415926535897931 3.1684446334838867 53 0 1.052 0.89999999999999991
 28 10 364 1.2 2 4 16 2000 -2.1415926535897931 1.7362926006317139 53 0 0.85699999999999998 0.69999999999999996
 29 10 326 1.2 1 4 20 2000 0.85840734641020688 1.6074762344360352 53 0 1.2 1
 30 10 65 0 2 3 20 2200 0.85840734641020688 1.6698386669158936 59 1 0.91100000000000003 0.69999999999999996
 31 10 174 0.40000000000000002 2 4 16 2200 -3.1415926535897931 1.0210888385772705 59 1 1.071 0.89999999999999991
 32 10 483 3 1 3 16 2000 -0.14159265358979312 0.90492653846740723 53 0 1.165 1
 33 10 186 0.40000000000000002 2 4 20 2200 -0.14159265358979312 0.84189701080322266 59 1 1.089 1
 34 10 325 1.2 1 4 20 2000 1.8584073464102069 1.2202143669128418 53 0 0.97199999999999998 0.69999999999999996
 35 10 410 1.6000000000000001 1 4 16 2000 0.85840734641020688 0.84544563293457031 53 0 0.95799999999999996 0.89999999999999991
 36 10 257 0.80000000000000004 2 3 20 2200 -3.1415926535897931 1.1880168914794922 53 0 0.80300000000000005 1
 37 10 563 3 2 4 16 2400 -0.14159265358979312 0.87379884719848633 53 0 0.98699999999999999 1
 38 10 151 0.40000000000000002 2 3 16 2200 -2.1415926535897931 0.93141508102416992 59 1 0.96499999999999997 0.69999999999999996
 39 10 293 1.2 1 3 16 2200 2.8584073464102069 3.3413677215576172 53 0 1.1930000000000001 0.69999999999999996
 40 10 214 0.80000000000000004 1 3 20 2400 0.85840734641020688 0.95409846305847168 59 1 0.94399999999999995 0.89999999999999991
 41 10 285 0.80000000000000004 2 4 20 2400 1.8584073464102069 4.2988934516906738 59 1 1.01 0.69999999999999996
 42 10 574 3 2 4 20 2400 -3.1415926535897931 1.7658803462982178 53 0 1.1930000000000001 0.89999999999999991
 43 10 386 1.6000000000000001 1 3 16 2000 2.8584073464102069 1.1137471199035645 53 0 0.89800000000000002 1
 44 10 430 1.6000000000000001 1 4 20 2400 -1.1415926535897931 0.87237954139709473 53 0 0.89400000000000002 0.69999999999999996
 45 10 211 0.80000000000000004 1 3 20 2200 -3.1415926535897931 1.079641580581665 53 0 1.103 0.89999999999999991
 46 10 157 0.40000000000000002 2 3 20 2000 2.8584073464102069 1.1082704067230225 59 1 0.96499999999999997 1
 47 10 154 0.40000000000000002 2 3 16 2400 1.8584073464102069 0.83053326606750488 59 1 0.91500000000000004 0.79999999999999993
 48 10 276 0.80000000000000004 2 4 16 2400 0.85840734641020688 0.94540166854858398 59 1 1.1020000000000001 1


# name: resolution
# type: matrix
# rows: 1
# columns: 2
 1366 768


# name: hz
# type: scalar
60


# name: pc
# type: sq_string
# elements: 1
# length: 21
gregor-Latitude-E6320


# name: experiment
# type: sq_string
# elements: 1
# length: 4
RFPb


# name: isOctave
# type: bool
1




