# Created by Octave 5.2.0, Mon Mar 21 17:41:45 2022 CET <student@gregor-Latitude-E6320>
# name: RFP
# type: scalar struct
# ndims: 2
 1 1
# length: 10
# name: vp
# type: sq_string
# elements: 1
# length: 3
V03


# name: mapping
# type: scalar
2


# name: date
# type: sq_string
# elements: 1
# length: 15
20220321T173934


# name: block
# type: scalar
4


# name: outmat
# type: matrix
# rows: 48
# columns: 14
 1 4 53 0 2 3 16 2200 2.8584073464102069 1.3880674839019775 59 1 0.82799999999999996 0.89999999999999991
 2 4 189 0.40000000000000002 2 4 20 2400 -0.14159265358979312 1.0795903205871582 59 1 0.93899999999999995 0.89999999999999991
 3 4 298 1.2 1 3 16 2400 -1.1415926535897931 1.0010066032409668 53 0 1.0329999999999999 0.79999999999999993
 4 4 498 3 1 3 20 2200 -2.1415926535897931 0.9559016227722168 53 0 0.80300000000000005 0.89999999999999991
 5 4 259 0.80000000000000004 2 3 20 2200 -2.1415926535897931 1.1269586086273193 53 0 1.1970000000000001 0.69999999999999996
 6 4 190 0.40000000000000002 2 4 20 2400 -1.1415926535897931 2.3638176918029785 59 1 1.0700000000000001 0.89999999999999991
 7 4 224 0.80000000000000004 1 4 16 2200 -1.1415926535897931 1.5511915683746338 59 1 1.012 0.69999999999999996
 8 4 265 0.80000000000000004 2 4 16 2000 -2.1415926535897931 1.7844305038452148 59 1 0.97199999999999998 0.69999999999999996
 9 4 570 3 2 4 20 2200 0.85840734641020688 1.0870354175567627 53 0 0.873 0.89999999999999991
 10 4 556 3 2 4 16 2000 -3.1415926535897931 1.1286232471466064 53 0 1.0629999999999999 0.69999999999999996
 11 4 290 1.2 1 3 16 2000 -3.1415926535897931 3.7008333206176758 59 1 1.101 1
 12 4 185 0.40000000000000002 2 4 20 2200 0.85840734641020688 1.5233936309814453 59 1 1.129 0.89999999999999991
 13 4 380 1.2 2 4 20 2200 2.8584073464102069 1.2630119323730469 53 0 1.121 0.79999999999999993
 14 4 180 0.40000000000000002 2 4 16 2400 -1.1415926535897931 1.169175386428833 59 1 0.92700000000000005 0.79999999999999993
 15 4 518 3 1 4 20 2000 0.85840734641020688 1.1379852294921875 53 0 1.0169999999999999 0.89999999999999991
 16 4 403 1.6000000000000001 1 3 20 2200 -3.1415926535897931 0.82663106918334961 53 0 0.84099999999999997 0.79999999999999993
 17 4 564 3 2 4 16 2400 -2.1415926535897931 3.8325319290161133 53 0 0.80000000000000004 1
 18 4 218 0.80000000000000004 1 4 16 2000 -2.1415926535897931 1.8421602249145508 59 1 0.874 0.69999999999999996
 19 4 405 1.6000000000000001 1 3 20 2400 0.85840734641020688 1.2553248405456543 53 0 1.079 0.69999999999999996
 20 4 336 1.2 1 4 20 2400 -3.1415926535897931 1.1315927505493164 53 0 0.85199999999999998 1
 21 4 559 3 2 4 16 2200 -1.1415926535897931 1.2773492336273193 53 0 0.81999999999999995 1
 22 4 108 0.40000000000000002 1 3 16 2400 0.85840734641020688 0.89607381820678711 59 1 0.83199999999999996 0.69999999999999996
 23 4 433 1.6000000000000001 2 3 16 2000 -0.14159265358979312 1.151472806930542 53 0 0.88500000000000001 1
 24 4 384 1.2 2 4 20 2400 -3.1415926535897931 1.7078399658203125 53 0 0.99299999999999999 0.89999999999999991
 25 4 127 0.40000000000000002 1 4 16 2200 1.8584073464102069 1.3581266403198242 59 1 1.101 0.79999999999999993
 26 4 134 0.40000000000000002 1 4 20 2000 1.8584073464102069 1.7422735691070557 59 1 0.98299999999999998 1
 27 4 333 1.2 1 4 20 2400 -1.1415926535897931 4.253972053527832 53 0 1.165 0.69999999999999996
 28 4 21 0 1 3 20 2400 0.85840734641020688 1.4616711139678955 59 1 0.80400000000000005 0.79999999999999993
 29 4 178 0.40000000000000002 2 4 16 2400 -3.1415926535897931 1.1543984413146973 59 1 1.0980000000000001 0.89999999999999991
 30 4 400 1.6000000000000001 1 3 20 2000 -3.1415926535897931 1.0842461585998535 53 0 1.175 0.89999999999999991
 31 4 366 1.2 2 4 16 2200 0.85840734641020688 1.7590653896331787 59 1 0.97699999999999998 0.89999999999999991
 32 4 47 0 1 4 20 2400 -1.1415926535897931 1.1261954307556152 59 1 0.875 0.79999999999999993
 33 4 266 0.80000000000000004 2 4 16 2000 1.8584073464102069 1.2958197593688965 59 1 1.083 0.69999999999999996
 34 4 148 0.40000000000000002 2 3 16 2000 -1.1415926535897931 1.1128413677215576 59 1 0.83599999999999997 0.89999999999999991
 35 4 491 3 1 3 16 2400 -3.1415926535897931 1.3124442100524902 53 0 1.1120000000000001 0.69999999999999996
 36 4 202 0.80000000000000004 1 3 16 2400 0.85840734641020688 1.6909365653991699 59 1 1.1419999999999999 1
 37 4 520 3 1 4 20 2000 2.8584073464102069 1.2590634822845459 53 0 0.96299999999999997 0.79999999999999993
 38 4 350 1.2 2 3 20 2000 -2.1415926535897931 1.2527318000793457 53 0 1.133 1
 39 4 121 0.40000000000000002 1 4 16 2000 0.85840734641020688 1.210169792175293 59 1 1.1000000000000001 0.69999999999999996
 40 4 277 0.80000000000000004 2 4 20 2000 1.8584073464102069 1.9858064651489258 53 0 0.85999999999999999 0.69999999999999996
 41 4 10 0 1 3 16 2400 -0.14159265358979312 5.8257851600646973 59 1 1 0.69999999999999996
 42 4 493 3 1 3 20 2000 -1.1415926535897931 1.4187314510345459 53 0 0.81499999999999995 0.89999999999999991
 43 4 419 1.6000000000000001 1 4 16 2400 -2.1415926535897931 1.2555506229400635 53 0 0.98899999999999999 0.69999999999999996
 44 4 198 0.80000000000000004 1 3 16 2200 -3.1415926535897931 1.0356519222259521 59 1 1.1839999999999999 1
 45 4 228 0.80000000000000004 1 4 16 2400 0.85840734641020688 3.4747214317321777 59 1 0.88300000000000001 1
 46 4 330 1.2 1 4 20 2200 -2.1415926535897931 1.59171462059021 53 0 0.97299999999999998 0.79999999999999993
 47 4 271 0.80000000000000004 2 4 16 2200 -3.1415926535897931 1.5079312324523926 59 1 1.1659999999999999 1
 48 4 497 3 1 3 20 2200 -0.14159265358979312 4.6120142936706543 53 0 0.98399999999999999 0.89999999999999991


# name: resolution
# type: matrix
# rows: 1
# columns: 2
 1366 768


# name: hz
# type: scalar
60


# name: pc
# type: sq_string
# elements: 1
# length: 21
gregor-Latitude-E6320


# name: experiment
# type: sq_string
# elements: 1
# length: 4
RFPb


# name: isOctave
# type: bool
1




