# Created by Octave 5.2.0, Mon Mar 21 17:56:40 2022 CET <student@gregor-Latitude-E6320>
# name: RFP
# type: scalar struct
# ndims: 2
 1 1
# length: 10
# name: vp
# type: sq_string
# elements: 1
# length: 3
V03


# name: mapping
# type: scalar
2


# name: date
# type: sq_string
# elements: 1
# length: 15
20220321T175440


# name: block
# type: scalar
11


# name: outmat
# type: matrix
# rows: 48
# columns: 14
 1 11 18 0 1 3 20 2200 -3.1415926535897931 0.8732755184173584 59 1 0.95699999999999996 0.79999999999999993
 2 11 172 0.40000000000000002 2 4 16 2000 -2.1415926535897931 1.024228572845459 59 1 0.90000000000000002 0.79999999999999993
 3 11 63 0 2 3 20 2000 0.85840734641020688 1.0754842758178711 59 1 1.181 0.79999999999999993
 4 11 57 0 2 3 16 2400 -2.1415926535897931 0.90314149856567383 59 1 1.036 0.89999999999999991
 5 11 404 1.6000000000000001 1 3 20 2200 -1.1415926535897931 1.3420267105102539 53 0 1.1160000000000001 0.69999999999999996
 6 11 340 1.2 2 3 16 2000 -1.1415926535897931 1.1885285377502441 53 0 1.083 0.69999999999999996
 7 11 424 1.6000000000000001 1 4 20 2000 2.8584073464102069 1.046180248260498 53 0 0.95499999999999996 0.89999999999999991
 8 11 88 0 2 4 20 2000 2.8584073464102069 1.1702418327331543 59 1 1.022 0.79999999999999993
 9 11 357 1.2 2 3 20 2400 1.8584073464102069 0.81585955619812012 53 0 0.82499999999999996 0.69999999999999996
 10 11 103 0.40000000000000002 1 3 16 2200 0.85840734641020688 1.0804274082183838 59 1 0.92200000000000004 1
 11 11 223 0.80000000000000004 1 4 16 2200 2.8584073464102069 3.7003524303436279 59 1 1.107 1
 12 11 504 3 1 3 20 2400 -1.1415926535897931 1.359107494354248 53 0 0.97799999999999998 0.89999999999999991
 13 11 576 3 2 4 20 2400 1.8584073464102069 1.100433349609375 53 0 0.875 1
 14 11 11 0 1 3 16 2400 1.8584073464102069 0.97257637977600098 59 1 0.89600000000000002 0.69999999999999996
 15 11 453 1.6000000000000001 2 3 20 2400 -2.1415926535897931 1.448599100112915 53 0 0.95999999999999996 1
 16 11 86 0 2 4 20 2000 -2.1415926535897931 1.4549109935760498 59 1 0.90400000000000003 0.89999999999999991
 17 11 272 0.80000000000000004 2 4 16 2200 1.8584073464102069 1.3023712635040283 59 1 0.99099999999999999 0.69999999999999996
 18 11 270 0.80000000000000004 2 4 16 2200 -1.1415926535897931 3.9818551540374756 59 1 0.871 0.79999999999999993
 19 11 377 1.2 2 4 20 2200 -0.14159265358979312 1.7001934051513672 53 0 1.0940000000000001 0.89999999999999991
 20 11 346 1.2 2 3 16 2400 0.85840734641020688 1.1845734119415283 53 0 0.89500000000000002 0.89999999999999991
 21 11 462 1.6000000000000001 2 4 16 2200 -1.1415926535897931 1.0863842964172363 53 0 0.92600000000000005 0.89999999999999991
 22 11 176 0.40000000000000002 2 4 16 2200 2.8584073464102069 0.95523619651794434 59 1 0.871 0.69999999999999996
 23 11 541 3 2 3 20 2000 -0.14159265358979312 0.95289373397827148 53 0 1.1719999999999999 0.69999999999999996
 24 11 294 1.2 1 3 16 2200 -3.1415926535897931 1.0982859134674072 53 0 1.01 0.79999999999999993
 25 11 50 0 2 3 16 2000 0.85840734641020688 1.0860915184020996 59 1 0.89400000000000002 0.79999999999999993
 26 11 111 0.40000000000000002 1 3 20 2000 0.85840734641020688 0.86903548240661621 59 1 0.98699999999999999 0.69999999999999996
 27 11 213 0.80000000000000004 1 3 20 2400 1.8584073464102069 1.0537257194519043 53 0 0.82599999999999996 0.79999999999999993
 28 11 342 1.2 2 3 16 2200 -2.1415926535897931 1.1057333946228027 53 0 1.1160000000000001 0.79999999999999993
 29 11 464 1.6000000000000001 2 4 16 2200 -0.14159265358979312 2.6107645034790039 53 0 1.0289999999999999 0.89999999999999991
 30 11 158 0.40000000000000002 2 3 20 2000 2.8584073464102069 1.4801316261291504 59 1 0.87 0.69999999999999996
 31 11 252 0.80000000000000004 2 3 16 2400 1.8584073464102069 1.1357665061950684 59 1 1.145 1
 32 11 358 1.2 2 3 20 2400 0.85840734641020688 1.1077790260314941 53 0 1.0309999999999999 1
 33 11 149 0.40000000000000002 2 3 16 2200 -3.1415926535897931 0.86925268173217773 59 1 1.153 0.89999999999999991
 34 11 58 0 2 3 16 2400 -0.14159265358979312 0.9273378849029541 53 0 0.81200000000000006 1
 35 11 262 0.80000000000000004 2 3 20 2400 1.8584073464102069 1.835350513458252 53 0 1.0960000000000001 0.69999999999999996
 36 11 268 0.80000000000000004 2 4 16 2000 -3.1415926535897931 1.1668846607208252 53 0 1.0940000000000001 0.89999999999999991
 37 11 109 0.40000000000000002 1 3 20 2000 1.8584073464102069 1.611905574798584 53 0 0.81899999999999995 0.79999999999999993
 38 11 468 1.6000000000000001 2 4 16 2400 -1.1415926535897931 1.2139415740966797 53 0 0.92700000000000005 0.79999999999999993
 39 11 545 3 2 3 20 2200 -0.14159265358979312 4.5509793758392334 53 0 0.85499999999999998 1
 40 11 59 0 2 3 16 2400 -2.1415926535897931 1.4122042655944824 59 1 1.121 0.79999999999999993
 41 11 215 0.80000000000000004 1 3 20 2400 -1.1415926535897931 1.7701606750488281 59 1 1.022 0.89999999999999991
 42 11 258 0.80000000000000004 2 3 20 2200 -1.1415926535897931 4.8164935111999512 53 0 0.97799999999999998 0.89999999999999991
 43 11 434 1.6000000000000001 2 3 16 2000 -3.1415926535897931 1.7735543251037598 53 0 1.0609999999999999 1
 44 11 203 0.80000000000000004 1 3 16 2400 -1.1415926535897931 1.2337098121643066 59 1 1.089 0.79999999999999993
 45 11 531 3 2 3 16 2000 2.8584073464102069 1.0679926872253418 53 0 0.97599999999999998 0.69999999999999996
 46 11 514 3 1 4 16 2400 0.85840734641020688 0.91112923622131348 53 0 0.84399999999999997 0.69999999999999996
 47 11 435 1.6000000000000001 2 3 16 2000 -3.1415926535897931 1.0667569637298584 53 0 0.89900000000000002 0.89999999999999991
 48 11 81 0 2 4 16 2400 0.85840734641020688 0.86674904823303223 59 1 1.03 0.69999999999999996


# name: resolution
# type: matrix
# rows: 1
# columns: 2
 1366 768


# name: hz
# type: scalar
60


# name: pc
# type: sq_string
# elements: 1
# length: 21
gregor-Latitude-E6320


# name: experiment
# type: sq_string
# elements: 1
# length: 4
RFPb


# name: isOctave
# type: bool
1




