# Created by Octave 5.2.0, Mon Mar 21 17:44:00 2022 CET <student@gregor-Latitude-E6320>
# name: RFP
# type: scalar struct
# ndims: 2
 1 1
# length: 10
# name: vp
# type: sq_string
# elements: 1
# length: 3
V03


# name: mapping
# type: scalar
2


# name: date
# type: sq_string
# elements: 1
# length: 15
20220321T174147


# name: block
# type: scalar
5


# name: outmat
# type: matrix
# rows: 48
# columns: 14
 1 5 553 3 2 4 16 2000 -0.14159265358979312 2.3805186748504639 53 0 1.069 1
 2 5 206 0.80000000000000004 1 3 20 2000 0.85840734641020688 1.0224180221557617 59 1 1.054 1
 3 5 32 0 1 4 16 2200 -2.1415926535897931 2.1018316745758057 59 1 0.997 0.69999999999999996
 4 5 537 3 2 3 16 2400 2.8584073464102069 1.424062967300415 53 0 1.117 0.69999999999999996
 5 5 519 3 1 4 20 2000 0.85840734641020688 1.2755954265594482 53 0 0.85399999999999998 1
 6 5 200 0.80000000000000004 1 3 16 2200 1.8584073464102069 2.6567995548248291 59 1 1.1200000000000001 1
 7 5 72 0 2 3 20 2400 -1.1415926535897931 1.1665029525756836 59 1 0.997 1
 8 5 191 0.40000000000000002 2 4 20 2400 -1.1415926535897931 1.0794351100921631 59 1 0.92700000000000005 1
 9 5 508 3 1 4 16 2000 0.85840734641020688 1.384021520614624 53 0 0.98399999999999999 1
 10 5 313 1.2 1 4 16 2000 -0.14159265358979312 2.2035634517669678 59 1 1.0429999999999999 0.69999999999999996
 11 5 197 0.80000000000000004 1 3 16 2200 -2.1415926535897931 1.0729951858520508 53 0 1.0189999999999999 0.69999999999999996
 12 5 195 0.80000000000000004 1 3 16 2000 0.85840734641020688 1.2693285942077637 53 0 0.88400000000000001 0.89999999999999991
 13 5 184 0.40000000000000002 2 4 20 2000 -3.1415926535897931 1.255145788192749 53 0 1.0149999999999999 0.89999999999999991
 14 5 140 0.40000000000000002 1 4 20 2200 -0.14159265358979312 4.8784480094909668 53 0 1.0880000000000001 1
 15 5 126 0.40000000000000002 1 4 16 2200 -0.14159265358979312 0.89720773696899414 59 1 1.149 1
 16 5 36 0 1 4 16 2400 0.85840734641020688 1.640139102935791 59 1 0.89500000000000002 0.89999999999999991
 17 5 68 0 2 3 20 2200 0.85840734641020688 1.8101286888122559 59 1 0.94499999999999995 0.89999999999999991
 18 5 125 0.40000000000000002 1 4 16 2200 1.8584073464102069 4.7513954639434814 59 1 0.85099999999999998 0.69999999999999996
 19 5 320 1.2 1 4 16 2200 -0.14159265358979312 1.0397565364837646 59 1 1.0329999999999999 1
 20 5 436 1.6000000000000001 2 3 16 2000 -1.1415926535897931 1.1078219413757324 53 0 0.89400000000000002 0.89999999999999991
 21 5 286 0.80000000000000004 2 4 20 2400 -2.1415926535897931 1.4997398853302002 53 0 0.97199999999999998 0.79999999999999993
 22 5 244 0.80000000000000004 2 3 16 2000 -2.1415926535897931 2.4892430305480957 59 1 1.0580000000000001 0.89999999999999991
 23 5 24 0 1 3 20 2400 1.8584073464102069 1.5622289180755615 59 1 1.095 0.69999999999999996
 24 5 70 0 2 3 20 2400 1.8584073464102069 1.1279997825622559 59 1 0.81200000000000006 0.89999999999999991
 25 5 437 1.6000000000000001 2 3 16 2200 -1.1415926535897931 1.7304425239562988 53 0 0.96399999999999997 1
 26 5 323 1.2 1 4 16 2400 -1.1415926535897931 1.0934767723083496 53 0 1.101 0.69999999999999996
 27 5 389 1.6000000000000001 1 3 16 2200 -2.1415926535897931 2.1667613983154297 53 0 0.81499999999999995 0.79999999999999993
 28 5 515 3 1 4 16 2400 2.8584073464102069 1.1154618263244629 53 0 0.83599999999999997 0.79999999999999993
 29 5 8 0 1 3 16 2200 0.85840734641020688 0.96587729454040527 59 1 1.123 1
 30 5 567 3 2 4 20 2000 -2.1415926535897931 0.8447418212890625 53 0 1.0349999999999999 0.79999999999999993
 31 5 378 1.2 2 4 20 2200 1.8584073464102069 4.0494520664215088 53 0 1.0509999999999999 0.69999999999999996
 32 5 460 1.6000000000000001 2 4 16 2000 1.8584073464102069 1.7690558433532715 53 0 1.165 0.89999999999999991
 33 5 69 0 2 3 20 2400 1.8584073464102069 1.6182098388671875 59 1 0.89700000000000002 0.89999999999999991
 34 5 319 1.2 1 4 16 2200 -0.14159265358979312 2.1964452266693115 59 1 1.071 0.69999999999999996
 35 5 560 3 2 4 16 2200 -3.1415926535897931 1.8839125633239746 53 0 0.89500000000000002 0.89999999999999991
 36 5 145 0.40000000000000002 2 3 16 2000 -3.1415926535897931 0.98256039619445801 59 1 1.0389999999999999 0.79999999999999993
 37 5 55 0 2 3 16 2200 -1.1415926535897931 1.1278223991394043 59 1 0.94899999999999995 0.89999999999999991
 38 5 235 0.80000000000000004 1 4 20 2200 -0.14159265358979312 0.9759516716003418 59 1 1.0129999999999999 0.89999999999999991
 39 5 150 0.40000000000000002 2 3 16 2200 0.85840734641020688 1.0741479396820068 59 1 1.0489999999999999 0.89999999999999991
 40 5 349 1.2 2 3 20 2000 -0.14159265358979312 0.8222510814666748 53 0 0.80800000000000005 0.79999999999999993
 41 5 208 0.80000000000000004 1 3 20 2000 -0.14159265358979312 5.7224886417388916 53 0 1.1599999999999999 0.89999999999999991
 42 5 536 3 2 3 16 2200 -2.1415926535897931 1.2172808647155762 53 0 1.1859999999999999 0.79999999999999993
 43 5 143 0.40000000000000002 1 4 20 2400 0.85840734641020688 1.0726354122161865 59 1 1.1419999999999999 1
 44 5 168 0.40000000000000002 2 3 20 2400 -1.1415926535897931 0.87508368492126465 59 1 1.0669999999999999 0.69999999999999996
 45 5 414 1.6000000000000001 1 4 16 2200 0.85840734641020688 1.6488711833953857 53 0 0.92000000000000004 1
 46 5 565 3 2 4 20 2000 1.8584073464102069 3.1708664894104004 53 0 1.012 1
 47 5 112 0.40000000000000002 1 3 20 2000 -2.1415926535897931 1.1924545764923096 59 1 0.872 0.89999999999999991
 48 5 399 1.6000000000000001 1 3 20 2000 -2.1415926535897931 0.9971768856048584 53 0 0.90800000000000003 0.69999999999999996


# name: resolution
# type: matrix
# rows: 1
# columns: 2
 1366 768


# name: hz
# type: scalar
60


# name: pc
# type: sq_string
# elements: 1
# length: 21
gregor-Latitude-E6320


# name: experiment
# type: sq_string
# elements: 1
# length: 4
RFPb


# name: isOctave
# type: bool
1




