# Created by Octave 5.2.0, Mon Mar 21 17:52:39 2022 CET <student@gregor-Latitude-E6320>
# name: RFP
# type: scalar struct
# ndims: 2
 1 1
# length: 10
# name: vp
# type: sq_string
# elements: 1
# length: 3
V03


# name: mapping
# type: scalar
2


# name: date
# type: sq_string
# elements: 1
# length: 15
20220321T175027


# name: block
# type: scalar
9


# name: outmat
# type: matrix
# rows: 48
# columns: 14
 1 9 95 0 2 4 20 2400 -1.1415926535897931 1.1200704574584961 59 1 1.145 1
 2 9 274 0.80000000000000004 2 4 16 2400 -3.1415926535897931 3.7241988182067871 59 1 1.024 0.69999999999999996
 3 9 499 3 1 3 20 2200 0.85840734641020688 1.1375093460083008 53 0 0.99099999999999999 0.89999999999999991
 4 9 417 1.6000000000000001 1 4 16 2400 2.8584073464102069 1.392841100692749 59 1 1.117 0.89999999999999991
 5 9 472 1.6000000000000001 2 4 20 2000 -3.1415926535897931 1.0865378379821777 53 0 0.94999999999999996 0.69999999999999996
 6 9 131 0.40000000000000002 1 4 16 2400 -1.1415926535897931 0.96527671813964844 59 1 0.97799999999999998 0.89999999999999991
 7 9 332 1.2 1 4 20 2200 -0.14159265358979312 0.98678064346313477 53 0 0.82099999999999995 0.89999999999999991
 8 9 390 1.6000000000000001 1 3 16 2200 -0.14159265358979312 1.5984461307525635 53 0 0.89700000000000002 0.89999999999999991
 9 9 40 0 1 4 20 2000 -3.1415926535897931 4.3469991683959961 59 1 1.1140000000000001 0.69999999999999996
 10 9 315 1.2 1 4 16 2000 -0.14159265358979312 1.472074031829834 53 0 1.091 0.69999999999999996
 11 9 450 1.6000000000000001 2 3 20 2200 0.85840734641020688 1.0169188976287842 53 0 1.1830000000000001 0.69999999999999996
 12 9 361 1.2 2 4 16 2000 -2.1415926535897931 0.86842608451843262 53 0 0.85599999999999998 1
 13 9 558 3 2 4 16 2200 0.85840734641020688 0.84961915016174316 53 0 1.0580000000000001 0.69999999999999996
 14 9 442 1.6000000000000001 2 3 16 2400 1.8584073464102069 0.84388566017150879 53 0 0.94099999999999995 0.89999999999999991
 15 9 85 0 2 4 20 2000 2.8584073464102069 0.9230494499206543 59 1 1.153 0.79999999999999993
 16 9 167 0.40000000000000002 2 3 20 2400 -1.1415926535897931 0.86120772361755371 59 1 0.97099999999999997 0.79999999999999993
 17 9 240 0.80000000000000004 1 4 20 2400 -0.14159265358979312 0.94985723495483398 59 1 0.88500000000000001 1
 18 9 182 0.40000000000000002 2 4 20 2000 -3.1415926535897931 0.86101865768432617 59 1 0.89100000000000001 0.69999999999999996
 19 9 41 0 1 4 20 2200 -1.1415926535897931 0.84334397315979004 59 1 1.052 0.79999999999999993
 20 9 104 0.40000000000000002 1 3 16 2200 2.8584073464102069 3.4675848484039307 59 1 0.873 0.79999999999999993
 21 9 549 3 2 3 20 2400 0.85840734641020688 1.3507685661315918 53 0 1.071 0.79999999999999993
 22 9 478 1.6000000000000001 2 4 20 2400 -2.1415926535897931 1.2046892642974854 53 0 0.93300000000000005 1
 23 9 291 1.2 1 3 16 2000 0.85840734641020688 1.0732929706573486 53 0 1.036 0.79999999999999993
 24 9 264 0.80000000000000004 2 3 20 2400 -3.1415926535897931 0.92874574661254883 53 0 0.98099999999999998 0.89999999999999991
 25 9 329 1.2 1 4 20 2200 2.8584073464102069 0.86613273620605469 53 0 0.93300000000000005 0.79999999999999993
 26 9 500 3 1 3 20 2200 -3.1415926535897931 2.2882194519042969 53 0 1.097 0.69999999999999996
 27 9 487 3 1 3 16 2200 -3.1415926535897931 2.508420467376709 53 0 0.96599999999999997 1
 28 9 192 0.40000000000000002 2 4 20 2400 0.85840734641020688 1.5244262218475342 53 0 0.81399999999999995 0.69999999999999996
 29 9 365 1.2 2 4 16 2200 2.8584073464102069 3.3287982940673828 53 0 1.0860000000000001 0.89999999999999991
 30 9 509 3 1 4 16 2200 -3.1415926535897931 1.1454904079437256 53 0 1.1259999999999999 0.79999999999999993
 31 9 295 1.2 1 3 16 2200 1.8584073464102069 3.9498724937438965 53 0 0.94499999999999995 0.79999999999999993
 32 9 179 0.40000000000000002 2 4 16 2400 -1.1415926535897931 1.3135809898376465 59 1 0.94599999999999995 1
 33 9 321 1.2 1 4 16 2400 -1.1415926535897931 2.8469827175140381 59 1 0.98499999999999999 0.69999999999999996
 34 9 2 0 1 3 16 2000 1.8584073464102069 3.7395052909851074 59 1 1.1140000000000001 0.79999999999999993
 35 9 502 3 1 3 20 2400 -2.1415926535897931 0.82873344421386719 53 0 0.84199999999999997 0.79999999999999993
 36 9 118 0.40000000000000002 1 3 20 2400 0.85840734641020688 1.0943965911865234 59 1 1.1459999999999999 0.79999999999999993
 37 9 532 3 2 3 16 2000 1.8584073464102069 0.81694865226745605 53 0 1.0620000000000001 0.69999999999999996
 38 9 470 1.6000000000000001 2 4 20 2000 2.8584073464102069 0.94552278518676758 53 0 1.1639999999999999 0.89999999999999991
 39 9 221 0.80000000000000004 1 4 16 2200 -1.1415926535897931 1.0594661235809326 59 1 0.97499999999999998 0.89999999999999991
 40 9 421 1.6000000000000001 1 4 20 2000 1.8584073464102069 4.2965323925018311 53 0 1.1990000000000001 1
 41 9 38 0 1 4 20 2000 -3.1415926535897931 1.1012794971466064 59 1 0.83599999999999997 1
 42 9 479 1.6000000000000001 2 4 20 2400 2.8584073464102069 1.6006944179534912 59 1 0.96799999999999997 1
 43 9 395 1.6000000000000001 1 3 16 2400 -1.1415926535897931 3.6699965000152588 53 0 1.101 0.69999999999999996
 44 9 67 0 2 3 20 2200 0.85840734641020688 1.2603142261505127 59 1 1.1000000000000001 0.79999999999999993
 45 9 303 1.2 1 3 20 2000 1.8584073464102069 0.98631644248962402 53 0 1.0089999999999999 1
 46 9 471 1.6000000000000001 2 4 20 2000 0.85840734641020688 4.1687591075897217 53 0 1.077 0.69999999999999996
 47 9 484 3 1 3 16 2000 0.85840734641020688 0.92541384696960449 53 0 1.042 1
 48 9 360 1.2 2 3 20 2400 -3.1415926535897931 1.279578685760498 53 0 1.079 1


# name: resolution
# type: matrix
# rows: 1
# columns: 2
 1366 768


# name: hz
# type: scalar
60


# name: pc
# type: sq_string
# elements: 1
# length: 21
gregor-Latitude-E6320


# name: experiment
# type: sq_string
# elements: 1
# length: 4
RFPb


# name: isOctave
# type: bool
1




