# Created by Octave 5.2.0, Mon Mar 21 17:58:45 2022 CET <student@gregor-Latitude-E6320>
# name: RFP
# type: scalar struct
# ndims: 2
 1 1
# length: 10
# name: vp
# type: sq_string
# elements: 1
# length: 3
V03


# name: mapping
# type: scalar
2


# name: date
# type: sq_string
# elements: 1
# length: 15
20220321T175641


# name: block
# type: scalar
12


# name: outmat
# type: matrix
# rows: 48
# columns: 14
 1 12 89 0 2 4 20 2200 -3.1415926535897931 3.4682698249816895 59 1 1.153 0.89999999999999991
 2 12 251 0.80000000000000004 2 3 16 2400 0.85840734641020688 1.2615425586700439 53 0 0.86199999999999999 0.79999999999999993
 3 12 225 0.80000000000000004 1 4 16 2400 -2.1415926535897931 1.1738178730010986 53 0 0.98999999999999999 0.79999999999999993
 4 12 216 0.80000000000000004 1 3 20 2400 2.8584073464102069 0.92364668846130371 53 0 0.96799999999999997 0.89999999999999991
 5 12 124 0.40000000000000002 1 4 16 2000 -1.1415926535897931 2.8706717491149902 59 1 0.93999999999999995 1
 6 12 302 1.2 1 3 20 2000 1.8584073464102069 1.0633277893066406 53 0 1.1890000000000001 1
 7 12 196 0.80000000000000004 1 3 16 2000 2.8584073464102069 3.0875425338745117 53 0 1.0940000000000001 0.89999999999999991
 8 12 412 1.6000000000000001 1 4 16 2000 -0.14159265358979312 1.1117806434631348 53 0 0.80700000000000005 0.79999999999999993
 9 12 538 3 2 3 16 2400 -3.1415926535897931 1.0616681575775146 53 0 1.0860000000000001 0.89999999999999991
 10 12 177 0.40000000000000002 2 4 16 2400 -0.14159265358979312 1.0272214412689209 59 1 1 0.79999999999999993
 11 12 562 3 2 4 16 2400 -1.1415926535897931 3.3782815933227539 53 0 1.0029999999999999 1
 12 12 418 1.6000000000000001 1 4 16 2400 -3.1415926535897931 1.3421039581298828 53 0 0.80700000000000005 1
 13 12 496 3 1 3 20 2000 -0.14159265358979312 1.1882226467132568 53 0 1.0740000000000001 1
 14 12 52 0 2 3 16 2000 -3.1415926535897931 1.1177456378936768 59 1 1.119 0.79999999999999993
 15 12 299 1.2 1 3 16 2400 -3.1415926535897931 1.2588651180267334 53 0 0.98699999999999999 0.89999999999999991
 16 12 382 1.2 2 4 20 2400 -0.14159265358979312 1.0736749172210693 53 0 1.149 0.69999999999999996
 17 12 448 1.6000000000000001 2 3 20 2000 -0.14159265358979312 0.91619443893432617 53 0 1.1679999999999999 1
 18 12 79 0 2 4 16 2200 0.85840734641020688 1.1074492931365967 59 1 0.86199999999999999 0.79999999999999993
 19 12 147 0.40000000000000002 2 3 16 2000 -0.14159265358979312 1.0399117469787598 59 1 1.1739999999999999 0.69999999999999996
 20 12 183 0.40000000000000002 2 4 20 2000 1.8584073464102069 3.8727688789367676 59 1 0.93600000000000005 0.89999999999999991
 21 12 415 1.6000000000000001 1 4 16 2200 1.8584073464102069 1.4623303413391113 53 0 1.018 0.69999999999999996
 22 12 506 3 1 4 16 2000 1.8584073464102069 0.91595554351806641 53 0 1.1080000000000001 0.89999999999999991
 23 12 335 1.2 1 4 20 2400 1.8584073464102069 0.91873955726623535 53 0 0.93500000000000005 0.69999999999999996
 24 12 318 1.2 1 4 16 2200 -2.1415926535897931 0.82586526870727539 53 0 1.075 0.69999999999999996
 25 12 23 0 1 3 20 2400 -1.1415926535897931 0.84220314025878906 59 1 0.82499999999999996 0.69999999999999996
 26 12 107 0.40000000000000002 1 3 16 2400 1.8584073464102069 4.7838237285614014 59 1 1.1120000000000001 1
 27 12 233 0.80000000000000004 1 4 20 2200 0.85840734641020688 1.3722324371337891 53 0 0.84699999999999998 0.79999999999999993
 28 12 120 0.40000000000000002 1 3 20 2400 -2.1415926535897931 1.2814762592315674 53 0 1.155 0.69999999999999996
 29 12 345 1.2 2 3 16 2400 -1.1415926535897931 0.98436498641967773 53 0 1.081 0.89999999999999991
 30 12 239 0.80000000000000004 1 4 20 2400 0.85840734641020688 3.9695653915405273 53 0 1.0229999999999999 0.89999999999999991
 31 12 166 0.40000000000000002 2 3 20 2400 1.8584073464102069 1.3197238445281982 59 1 0.871 0.79999999999999993
 32 12 26 0 1 4 16 2000 -3.1415926535897931 0.91540431976318359 59 1 1.008 0.79999999999999993
 33 12 568 3 2 4 20 2000 -3.1415926535897931 1.3965344429016113 53 0 0.91000000000000003 1
 34 12 439 1.6000000000000001 2 3 16 2200 -3.1415926535897931 1.2656018733978271 53 0 0.90200000000000002 0.89999999999999991
 35 12 301 1.2 1 3 20 2000 -0.14159265358979312 1.0954461097717285 53 0 1.169 0.89999999999999991
 36 12 452 1.6000000000000001 2 3 20 2200 -2.1415926535897931 1.2238588333129883 53 0 1.1040000000000001 0.69999999999999996
 37 12 550 3 2 3 20 2400 2.8584073464102069 1.0864937305450439 53 0 1.0229999999999999 1
 38 12 33 0 1 4 16 2400 -2.1415926535897931 0.9465937614440918 59 1 1.0509999999999999 1
 39 12 406 1.6000000000000001 1 3 20 2400 -3.1415926535897931 1.0624589920043945 53 0 0.92800000000000005 0.79999999999999993
 40 12 234 0.80000000000000004 1 4 20 2200 1.8584073464102069 0.89946484565734863 53 0 1.01 1
 41 12 173 0.40000000000000002 2 4 16 2200 2.8584073464102069 0.81986069679260254 59 1 0.97899999999999998 0.89999999999999991
 42 12 163 0.40000000000000002 2 3 20 2200 2.8584073464102069 1.0459573268890381 53 0 1.1919999999999999 0.69999999999999996
 43 12 572 3 2 4 20 2200 -0.14159265358979312 2.7605385780334473 53 0 1.198 0.89999999999999991
 44 12 25 0 1 4 16 2000 -2.1415926535897931 1.0217387676239014 59 1 1.071 1
 45 12 9 0 1 3 16 2400 1.8584073464102069 1.057842493057251 59 1 1.0169999999999999 0.69999999999999996
 46 12 279 0.80000000000000004 2 4 20 2000 -3.1415926535897931 1.160456657409668 53 0 0.88500000000000001 0.69999999999999996
 47 12 132 0.40000000000000002 1 4 16 2400 1.8584073464102069 0.93790888786315918 59 1 1.161 0.79999999999999993
 48 12 101 0.40000000000000002 1 3 16 2200 1.8584073464102069 2.8556506633758545 59 1 0.81200000000000006 1


# name: resolution
# type: matrix
# rows: 1
# columns: 2
 1366 768


# name: hz
# type: scalar
60


# name: pc
# type: sq_string
# elements: 1
# length: 21
gregor-Latitude-E6320


# name: experiment
# type: sq_string
# elements: 1
# length: 4
RFPb


# name: isOctave
# type: bool
1




