# Created by Octave 5.2.0, Mon Mar 21 17:35:30 2022 CET <student@gregor-Latitude-E6320>
# name: RFP
# type: scalar struct
# ndims: 2
 1 1
# length: 10
# name: vp
# type: sq_string
# elements: 1
# length: 3
V03


# name: mapping
# type: scalar
2


# name: date
# type: sq_string
# elements: 1
# length: 15
20220321T173306


# name: block
# type: scalar
1


# name: outmat
# type: matrix
# rows: 48
# columns: 14
 1 1 194 0.80000000000000004 1 3 16 2000 2.8584073464102069 1.9559099674224854 53 0 0.90300000000000002 0.69999999999999996
 2 1 387 1.6000000000000001 1 3 16 2000 -3.1415926535897931 1.1819541454315186 53 0 1.032 0.89999999999999991
 3 1 269 0.80000000000000004 2 4 16 2200 -0.14159265358979312 1.077286958694458 53 0 1.1180000000000001 0.89999999999999991
 4 1 17 0 1 3 20 2200 0.85840734641020688 10.299954652786255 59 1 1.173 1
 5 1 226 0.80000000000000004 1 4 16 2400 -3.1415926535897931 1.0792129039764404 59 1 1.1080000000000001 1
 6 1 322 1.2 1 4 16 2400 -1.1415926535897931 4.1415450572967529 59 1 1.165 1
 7 1 529 3 2 3 16 2000 -0.14159265358979312 7.5097165107727051 59 1 1.1819999999999999 0.69999999999999996
 8 1 305 1.2 1 3 20 2200 -2.1415926535897931 0.83863449096679688 53 0 0.93000000000000005 1
 9 1 210 0.80000000000000004 1 3 20 2200 -2.1415926535897931 6.7825837135314941 53 0 0.84499999999999997 0.89999999999999991
 10 1 355 1.2 2 3 20 2200 -2.1415926535897931 1.7766487598419189 53 0 1.081 0.89999999999999991
 11 1 456 1.6000000000000001 2 3 20 2400 2.8584073464102069 1.3023500442504883 53 0 1.143 0.89999999999999991
 12 1 367 1.2 2 4 16 2200 -2.1415926535897931 1.7233982086181641 53 0 1.093 0.69999999999999996
 13 1 93 0 2 4 20 2400 -0.14159265358979312 1.2596545219421387 59 1 1.1579999999999999 0.79999999999999993
 14 1 314 1.2 1 4 16 2000 2.8584073464102069 1.4449303150177002 59 1 1.115 1
 15 1 392 1.6000000000000001 1 3 16 2200 -0.14159265358979312 1.3003995418548584 53 0 0.995 0.69999999999999996
 16 1 275 0.80000000000000004 2 4 16 2400 2.8584073464102069 1.2026565074920654 59 1 0.89700000000000002 0.79999999999999993
 17 1 557 3 2 4 16 2200 -2.1415926535897931 1.0551571846008301 59 1 1.1910000000000001 1
 18 1 409 1.6000000000000001 1 4 16 2000 1.8584073464102069 1.2479863166809082 59 1 0.95199999999999996 1
 19 1 96 0 2 4 20 2400 1.8584073464102069 2.8728823661804199 53 0 0.95199999999999996 0.89999999999999991
 20 1 42 0 1 4 20 2200 -3.1415926535897931 1.8367815017700195 53 0 0.95099999999999996 0.79999999999999993
 21 1 371 1.2 2 4 16 2400 1.8584073464102069 1.6357929706573486 59 1 0.81000000000000005 1
 22 1 43 0 1 4 20 2200 2.8584073464102069 1.3986234664916992 59 1 0.96299999999999997 1
 23 1 534 3 2 3 16 2200 -2.1415926535897931 1.893751859664917 59 1 1.105 1
 24 1 117 0.40000000000000002 1 3 20 2400 -2.1415926535897931 1.3668966293334961 53 0 0.996 0.79999999999999993
 25 1 458 1.6000000000000001 2 4 16 2000 1.8584073464102069 1.923304557800293 53 0 0.92600000000000005 0.69999999999999996
 26 1 396 1.6000000000000001 1 3 16 2400 0.85840734641020688 1.4754533767700195 53 0 1 0.69999999999999996
 27 1 490 3 1 3 16 2400 -3.1415926535897931 1.2054264545440674 53 0 0.89500000000000002 0.69999999999999996
 28 1 429 1.6000000000000001 1 4 20 2400 1.8584073464102069 1.2394797801971436 53 0 0.997 0.79999999999999993
 29 1 78 0 2 4 16 2200 -0.14159265358979312 1.2079336643218994 59 1 0.874 0.89999999999999991
 30 1 573 3 2 4 20 2400 2.8584073464102069 1.2476563453674316 53 0 1.044 0.89999999999999991
 31 1 83 0 2 4 16 2400 -2.1415926535897931 1.1309189796447754 59 1 1.1060000000000001 0.89999999999999991
 32 1 201 0.80000000000000004 1 3 16 2400 -3.1415926535897931 1.2001302242279053 59 1 1.0149999999999999 1
 33 1 80 0 2 4 16 2200 2.8584073464102069 1.3063907623291016 59 1 0.80700000000000005 0.89999999999999991
 34 1 526 3 1 4 20 2400 -2.1415926535897931 1.1541717052459717 53 0 1.1519999999999999 1
 35 1 489 3 1 3 16 2400 2.8584073464102069 0.97979211807250977 53 0 1.0860000000000001 0.79999999999999993
 36 1 5 0 1 3 16 2200 1.8584073464102069 1.3484842777252197 59 1 0.95599999999999996 1
 37 1 475 1.6000000000000001 2 4 20 2200 -1.1415926535897931 1.2089617252349854 53 0 0.83099999999999996 0.69999999999999996
 38 1 152 0.40000000000000002 2 3 16 2200 -3.1415926535897931 1.8713014125823975 59 1 0.878 0.69999999999999996
 39 1 292 1.2 1 3 16 2000 2.8584073464102069 0.99568343162536621 59 1 1.0189999999999999 1
 40 1 162 0.40000000000000002 2 3 20 2200 -3.1415926535897931 1.3819398880004883 53 0 0.85299999999999998 0.89999999999999991
 41 1 486 3 1 3 16 2200 2.8584073464102069 1.5218076705932617 53 0 0.92600000000000005 0.79999999999999993
 42 1 316 1.2 1 4 16 2000 -1.1415926535897931 1.8250255584716797 53 0 1.133 0.89999999999999991
 43 1 379 1.2 2 4 20 2200 -3.1415926535897931 1.7018425464630127 53 0 1.0589999999999999 0.89999999999999991
 44 1 238 0.80000000000000004 1 4 20 2400 -0.14159265358979312 2.7176573276519775 53 0 1.014 0.69999999999999996
 45 1 507 3 1 4 16 2000 -3.1415926535897931 1.5296263694763184 53 0 0.88900000000000001 0.69999999999999996
 46 1 110 0.40000000000000002 1 3 20 2000 2.8584073464102069 1.3569691181182861 53 0 1.0469999999999999 0.79999999999999993
 47 1 61 0 2 3 20 2000 0.85840734641020688 2.4796936511993408 53 0 1.1739999999999999 0.89999999999999991
 48 1 133 0.40000000000000002 1 4 20 2000 -1.1415926535897931 1.3849101066589355 53 0 0.80000000000000004 0.69999999999999996


# name: resolution
# type: matrix
# rows: 1
# columns: 2
 1366 768


# name: hz
# type: scalar
60


# name: pc
# type: sq_string
# elements: 1
# length: 21
gregor-Latitude-E6320


# name: experiment
# type: sq_string
# elements: 1
# length: 4
RFPb


# name: isOctave
# type: bool
1




