# Created by Octave 5.2.0, Mon Mar 21 17:48:20 2022 CET <student@gregor-Latitude-E6320>
# name: RFP
# type: scalar struct
# ndims: 2
 1 1
# length: 10
# name: vp
# type: sq_string
# elements: 1
# length: 3
V03


# name: mapping
# type: scalar
2


# name: date
# type: sq_string
# elements: 1
# length: 15
20220321T174616


# name: block
# type: scalar
7


# name: outmat
# type: matrix
# rows: 48
# columns: 14
 1 7 469 1.6000000000000001 2 4 20 2000 -2.1415926535897931 1.3978216648101807 53 0 0.85999999999999999 0.79999999999999993
 2 7 561 3 2 4 16 2400 -0.14159265358979312 0.82163023948669434 53 0 1.0609999999999999 1
 3 7 543 3 2 3 20 2000 -1.1415926535897931 4.136354923248291 53 0 0.83999999999999997 0.69999999999999996
 4 7 381 1.2 2 4 20 2400 0.85840734641020688 0.91629886627197266 53 0 0.997 0.79999999999999993
 5 7 446 1.6000000000000001 2 3 20 2000 1.8584073464102069 1.3368220329284668 53 0 0.93899999999999995 0.89999999999999991
 6 7 116 0.40000000000000002 1 3 20 2200 1.8584073464102069 1.3459148406982422 59 1 0.90400000000000003 1
 7 7 461 1.6000000000000001 2 4 16 2200 -2.1415926535897931 1.6686670780181885 53 0 0.92400000000000004 0.79999999999999993
 8 7 311 1.2 1 3 20 2400 0.85840734641020688 1.5728344917297363 53 0 1.0800000000000001 0.89999999999999991
 9 7 351 1.2 2 3 20 2000 -3.1415926535897931 1.5756525993347168 53 0 0.93799999999999994 1
 10 7 64 0 2 3 20 2000 -3.1415926535897931 3.4068913459777832 59 1 1.125 1
 11 7 146 0.40000000000000002 2 3 16 2000 -3.1415926535897931 1.776839017868042 59 1 1.1180000000000001 1
 12 7 45 0 1 4 20 2400 -0.14159265358979312 1.4111151695251465 59 1 1.1160000000000001 0.69999999999999996
 13 7 76 0 2 4 16 2000 -2.1415926535897931 1.7090206146240234 59 1 0.89200000000000002 0.69999999999999996
 14 7 341 1.2 2 3 16 2200 -3.1415926535897931 1.5639538764953613 53 0 0.83399999999999996 0.79999999999999993
 15 7 327 1.2 1 4 20 2000 1.8584073464102069 1.4812090396881104 53 0 1.139 0.89999999999999991
 16 7 441 1.6000000000000001 2 3 16 2400 -1.1415926535897931 1.1993703842163086 53 0 1.0860000000000001 0.69999999999999996
 17 7 102 0.40000000000000002 1 3 16 2200 2.8584073464102069 0.96433568000793457 59 1 1.1699999999999999 0.79999999999999993
 18 7 99 0.40000000000000002 1 3 16 2000 -1.1415926535897931 0.81935501098632812 59 1 1.169 0.69999999999999996
 19 7 263 0.80000000000000004 2 3 20 2400 1.8584073464102069 1.0123023986816406 53 0 1.0169999999999999 0.69999999999999996
 20 7 530 3 2 3 16 2000 -0.14159265358979312 1.0563225746154785 53 0 1.1759999999999999 0.89999999999999991
 21 7 401 1.6000000000000001 1 3 20 2200 -0.14159265358979312 0.85109233856201172 53 0 1.0209999999999999 1
 22 7 494 3 1 3 20 2000 -0.14159265358979312 3.9066543579101562 53 0 1.0169999999999999 1
 23 7 92 0 2 4 20 2200 -2.1415926535897931 1.431220531463623 59 1 1.083 0.79999999999999993
 24 7 248 0.80000000000000004 2 3 16 2200 2.8584073464102069 1.102001428604126 59 1 1.1259999999999999 0.89999999999999991
 25 7 385 1.6000000000000001 1 3 16 2000 1.8584073464102069 1.6211416721343994 53 0 1.024 0.69999999999999996
 26 7 363 1.2 2 4 16 2000 -1.1415926535897931 1.3372573852539062 53 0 1.0800000000000001 1
 27 7 188 0.40000000000000002 2 4 20 2200 2.8584073464102069 1.2070202827453613 59 1 1.1799999999999999 0.89999999999999991
 28 7 87 0 2 4 20 2000 -0.14159265358979312 1.1895656585693359 59 1 0.97199999999999998 0.89999999999999991
 29 7 175 0.40000000000000002 2 4 16 2200 -2.1415926535897931 1.0813355445861816 59 1 1.056 0.79999999999999993
 30 7 232 0.80000000000000004 1 4 20 2000 -1.1415926535897931 1.9879546165466309 53 0 1.028 0.89999999999999991
 31 7 309 1.2 1 3 20 2400 1.8584073464102069 0.95133042335510254 53 0 1.1080000000000001 0.79999999999999993
 32 7 273 0.80000000000000004 2 4 16 2400 2.8584073464102069 1.5478217601776123 53 0 0.84499999999999997 0.79999999999999993
 33 7 445 1.6000000000000001 2 3 20 2000 -0.14159265358979312 0.90910863876342773 53 0 1.1679999999999999 0.89999999999999991
 34 7 376 1.2 2 4 20 2000 -2.1415926535897931 1.0426089763641357 53 0 0.92100000000000004 0.89999999999999991
 35 7 343 1.2 2 3 16 2200 0.85840734641020688 1.0050618648529053 53 0 1.1080000000000001 1
 36 7 289 1.2 1 3 16 2000 -2.1415926535897931 1.0160541534423828 53 0 0.82199999999999995 0.89999999999999991
 37 7 420 1.6000000000000001 1 4 16 2400 -1.1415926535897931 3.2448596954345703 53 0 1.0980000000000001 1
 38 7 542 3 2 3 20 2000 -0.14159265358979312 1.1928269863128662 53 0 1.0489999999999999 0.79999999999999993
 39 7 229 0.80000000000000004 1 4 20 2000 1.8584073464102069 4.7006406784057617 53 0 0.876 0.69999999999999996
 40 7 136 0.40000000000000002 1 4 20 2000 -0.14159265358979312 0.98785662651062012 59 1 0.86499999999999999 0.89999999999999991
 41 7 137 0.40000000000000002 1 4 20 2200 -0.14159265358979312 1.0411736965179443 59 1 0.86699999999999999 0.69999999999999996
 42 7 66 0 2 3 20 2200 1.8584073464102069 0.90540099143981934 59 1 1.022 0.89999999999999991
 43 7 535 3 2 3 16 2200 -0.14159265358979312 1.3488790988922119 53 0 1.0669999999999999 0.69999999999999996
 44 7 505 3 1 4 16 2000 0.85840734641020688 1.0495853424072266 53 0 1.1160000000000001 0.89999999999999991
 45 7 222 0.80000000000000004 1 4 16 2200 -0.14159265358979312 1.8144538402557373 59 1 0.88700000000000001 0.79999999999999993
 46 7 139 0.40000000000000002 1 4 20 2200 1.8584073464102069 1.0657930374145508 59 1 1.0369999999999999 0.79999999999999993
 47 7 156 0.40000000000000002 2 3 16 2400 -3.1415926535897931 1.2444899082183838 59 1 1.1879999999999999 0.69999999999999996
 48 7 388 1.6000000000000001 1 3 16 2000 2.8584073464102069 0.83786988258361816 53 0 1.181 0.79999999999999993


# name: resolution
# type: matrix
# rows: 1
# columns: 2
 1366 768


# name: hz
# type: scalar
60


# name: pc
# type: sq_string
# elements: 1
# length: 21
gregor-Latitude-E6320


# name: experiment
# type: sq_string
# elements: 1
# length: 4
RFPb


# name: isOctave
# type: bool
1




