# Created by Octave 5.2.0, Tue Mar 22 17:01:38 2022 CET <student@gregor-Latitude-E6320>
# name: RFP
# type: scalar struct
# ndims: 2
 1 1
# length: 10
# name: vp
# type: sq_string
# elements: 1
# length: 3
V04


# name: mapping
# type: scalar
2


# name: date
# type: sq_string
# elements: 1
# length: 15
20220322T165939


# name: block
# type: scalar
5


# name: outmat
# type: matrix
# rows: 48
# columns: 14
 1 5 347 1.2 2 3 16 2400 0.85840734641020688 1.2509586811065674 59 1 1.1759999999999999 0.79999999999999993
 2 5 188 0.40000000000000002 2 4 20 2200 -1.1415926535897931 0.9166717529296875 59 1 0.85799999999999998 0.69999999999999996
 3 5 43 0 1 4 20 2200 -1.1415926535897931 2.4900836944580078 59 1 1.153 1
 4 5 533 3 2 3 16 2200 2.8584073464102069 0.88078188896179199 53 0 1.153 1
 5 5 399 1.6000000000000001 1 3 20 2000 -1.1415926535897931 1.0465655326843262 53 0 0.81100000000000005 0.69999999999999996
 6 5 228 0.80000000000000004 1 4 16 2400 1.8584073464102069 2.2566442489624023 59 1 1.044 0.79999999999999993
 7 5 449 1.6000000000000001 2 3 20 2200 -2.1415926535897931 1.427574634552002 53 0 1.044 0.89999999999999991
 8 5 50 0 2 3 16 2000 1.8584073464102069 1.7712385654449463 59 1 1.113 0.79999999999999993
 9 5 73 0 2 4 16 2000 -2.1415926535897931 0.99759674072265625 59 1 1.0129999999999999 0.89999999999999991
 10 5 413 1.6000000000000001 1 4 16 2200 2.8584073464102069 0.82940912246704102 53 0 1.012 0.79999999999999993
 11 5 485 3 1 3 16 2200 -3.1415926535897931 2.570483922958374 53 0 0.92500000000000004 0.69999999999999996
 12 5 572 3 2 4 20 2200 -3.1415926535897931 0.97105693817138672 53 0 0.97899999999999998 0.89999999999999991
 13 5 434 1.6000000000000001 2 3 16 2000 -3.1415926535897931 0.88964176177978516 53 0 1.107 0.89999999999999991
 14 5 181 0.40000000000000002 2 4 20 2000 2.8584073464102069 2.3009359836578369 53 0 1.1479999999999999 0.79999999999999993
 15 5 90 0 2 4 20 2200 -3.1415926535897931 1.0123188495635986 59 1 0.82999999999999996 0.79999999999999993
 16 5 22 0 1 3 20 2400 -1.1415926535897931 2.0827329158782959 59 1 1.002 0.69999999999999996
 17 5 115 0.40000000000000002 1 3 20 2200 -3.1415926535897931 2.45220947265625 59 1 1.0389999999999999 0.79999999999999993
 18 5 448 1.6000000000000001 2 3 20 2000 -3.1415926535897931 0.86314606666564941 53 0 0.81000000000000005 0.69999999999999996
 19 5 250 0.80000000000000004 2 3 16 2400 2.8584073464102069 1.0951440334320068 59 1 0.93000000000000005 1
 20 5 381 1.2 2 4 20 2400 -1.1415926535897931 0.98104023933410645 53 0 0.83999999999999997 1
 21 5 428 1.6000000000000001 1 4 20 2200 -0.14159265358979312 0.92311763763427734 53 0 1.03 0.69999999999999996
 22 5 102 0.40000000000000002 1 3 16 2200 -3.1415926535897931 2.7858688831329346 59 1 1.0329999999999999 0.79999999999999993
 23 5 66 0 2 3 20 2200 -0.14159265358979312 0.99113869667053223 59 1 0.871 0.89999999999999991
 24 5 148 0.40000000000000002 2 3 16 2000 -0.14159265358979312 0.82324624061584473 59 1 0.92900000000000005 0.79999999999999993
 25 5 295 1.2 1 3 16 2200 0.85840734641020688 2.3751487731933594 53 0 1.044 0.89999999999999991
 26 5 248 0.80000000000000004 2 3 16 2200 -3.1415926535897931 0.98000454902648926 59 1 1.127 0.89999999999999991
 27 5 385 1.6000000000000001 1 3 16 2000 0.85840734641020688 2.8437457084655762 53 0 0.88800000000000001 0.89999999999999991
 28 5 312 1.2 1 3 20 2400 -2.1415926535897931 1.0125637054443359 53 0 0.84599999999999997 1
 29 5 107 0.40000000000000002 1 3 16 2400 0.85840734641020688 1.2656211853027344 53 0 0.90400000000000003 1
 30 5 223 0.80000000000000004 1 4 16 2200 -3.1415926535897931 0.93852949142456055 53 0 1.036 0.89999999999999991
 31 5 537 3 2 3 16 2400 -3.1415926535897931 0.96529674530029297 53 0 1.0609999999999999 0.79999999999999993
 32 5 355 1.2 2 3 20 2200 0.85840734641020688 2.915907621383667 53 0 1.1659999999999999 0.89999999999999991
 33 5 236 0.80000000000000004 1 4 20 2200 0.85840734641020688 2.5391967296600342 53 0 0.98699999999999999 1
 34 5 34 0 1 4 16 2400 -1.1415926535897931 1.0675311088562012 59 1 0.877 0.69999999999999996
 35 5 206 0.80000000000000004 1 3 20 2000 0.85840734641020688 0.81661581993103027 53 0 1.1220000000000001 0.69999999999999996
 36 5 76 0 2 4 16 2000 -3.1415926535897931 2.3163528442382812 59 1 0.93100000000000005 0.69999999999999996
 37 5 54 0 2 3 16 2200 0.85840734641020688 1.1881036758422852 59 1 1.1100000000000001 1
 38 5 412 1.6000000000000001 1 4 16 2000 0.85840734641020688 0.90847587585449219 53 0 0.96799999999999997 0.79999999999999993
 39 5 437 1.6000000000000001 2 3 16 2200 -3.1415926535897931 1.0547318458557129 53 0 1.1990000000000001 0.89999999999999991
 40 5 169 0.40000000000000002 2 4 16 2000 1.8584073464102069 1.1853792667388916 53 0 0.80100000000000005 0.69999999999999996
 41 5 10 0 1 3 16 2400 0.85840734641020688 0.85088777542114258 59 1 1.1919999999999999 0.89999999999999991
 42 5 150 0.40000000000000002 2 3 16 2200 -3.1415926535897931 2.514056921005249 59 1 1.0349999999999999 0.79999999999999993
 43 5 101 0.40000000000000002 1 3 16 2200 -0.14159265358979312 1.2163581848144531 59 1 0.98599999999999999 0.69999999999999996
 44 5 567 3 2 4 20 2000 -3.1415926535897931 0.81584525108337402 53 0 1.016 0.79999999999999993
 45 5 239 0.80000000000000004 1 4 20 2400 2.8584073464102069 0.88174533843994141 53 0 0.89400000000000002 0.69999999999999996
 46 5 403 1.6000000000000001 1 3 20 2200 -3.1415926535897931 2.3005847930908203 53 0 0.89500000000000002 0.69999999999999996
 47 5 171 0.40000000000000002 2 4 16 2000 0.85840734641020688 0.95177793502807617 59 1 0.87 0.79999999999999993
 48 5 509 3 1 4 16 2200 -0.14159265358979312 1.0048878192901611 53 0 1.01 0.79999999999999993


# name: resolution
# type: matrix
# rows: 1
# columns: 2
 1366 768


# name: hz
# type: scalar
60


# name: pc
# type: sq_string
# elements: 1
# length: 21
gregor-Latitude-E6320


# name: experiment
# type: sq_string
# elements: 1
# length: 4
RFPb


# name: isOctave
# type: bool
1




