# Created by Octave 5.2.0, Tue Mar 22 17:05:51 2022 CET <student@gregor-Latitude-E6320>
# name: RFP
# type: scalar struct
# ndims: 2
 1 1
# length: 10
# name: vp
# type: sq_string
# elements: 1
# length: 3
V04


# name: mapping
# type: scalar
2


# name: date
# type: sq_string
# elements: 1
# length: 15
20220322T170345


# name: block
# type: scalar
7


# name: outmat
# type: matrix
# rows: 48
# columns: 14
 1 7 108 0.40000000000000002 1 3 16 2400 -3.1415926535897931 1.0054852962493896 59 1 1.085 0.79999999999999993
 2 7 531 3 2 3 16 2000 1.8584073464102069 2.5096280574798584 53 0 0.85399999999999998 0.79999999999999993
 3 7 325 1.2 1 4 20 2000 -2.1415926535897931 1.0748918056488037 53 0 1.1379999999999999 1
 4 7 80 0 2 4 16 2200 0.85840734641020688 0.94942474365234375 59 1 1.139 0.79999999999999993
 5 7 258 0.80000000000000004 2 3 20 2200 -0.14159265358979312 0.9569098949432373 53 0 1.1819999999999999 1
 6 7 58 0 2 3 16 2400 0.85840734641020688 3.7817621231079102 59 1 1.163 0.89999999999999991
 7 7 237 0.80000000000000004 1 4 20 2400 -3.1415926535897931 1.0964956283569336 53 0 1.1859999999999999 0.69999999999999996
 8 7 69 0 2 3 20 2400 -2.1415926535897931 1.3756513595581055 59 1 0.99299999999999999 0.69999999999999996
 9 7 139 0.40000000000000002 1 4 20 2200 -2.1415926535897931 0.95005321502685547 59 1 0.871 1
 10 7 125 0.40000000000000002 1 4 16 2200 1.8584073464102069 3.0084438323974609 59 1 0.91200000000000003 1
 11 7 186 0.40000000000000002 2 4 20 2200 -0.14159265358979312 1.1750926971435547 59 1 1.0289999999999999 0.89999999999999991
 12 7 153 0.40000000000000002 2 3 16 2400 -3.1415926535897931 2.3398149013519287 59 1 1.1719999999999999 0.89999999999999991
 13 7 483 3 1 3 16 2000 0.85840734641020688 0.90624332427978516 53 0 1.02 0.69999999999999996
 14 7 132 0.40000000000000002 1 4 16 2400 -2.1415926535897931 0.93624663352966309 59 1 1.0409999999999999 0.69999999999999996
 15 7 570 3 2 4 20 2200 -2.1415926535897931 0.95109057426452637 53 0 0.91400000000000003 0.79999999999999993
 16 7 243 0.80000000000000004 2 3 16 2000 1.8584073464102069 1.1054327487945557 59 1 0.99399999999999999 0.89999999999999991
 17 7 81 0 2 4 16 2400 -0.14159265358979312 2.5407428741455078 59 1 1.194 0.89999999999999991
 18 7 473 1.6000000000000001 2 4 20 2200 -2.1415926535897931 3.0561962127685547 53 0 1.1950000000000001 0.79999999999999993
 19 7 333 1.2 1 4 20 2400 -0.14159265358979312 2.2541139125823975 53 0 0.81599999999999995 1
 20 7 544 3 2 3 20 2000 1.8584073464102069 0.98931169509887695 53 0 0.94899999999999995 0.79999999999999993
 21 7 323 1.2 1 4 16 2400 -2.1415926535897931 1.598444938659668 53 0 1.167 0.69999999999999996
 22 7 244 0.80000000000000004 2 3 16 2000 2.8584073464102069 1.7766067981719971 53 0 1.0269999999999999 0.89999999999999991
 23 7 162 0.40000000000000002 2 3 20 2200 1.8584073464102069 1.2495241165161133 53 0 1.163 0.89999999999999991
 24 7 165 0.40000000000000002 2 3 20 2400 1.8584073464102069 1.636911153793335 53 0 1.0029999999999999 1
 25 7 249 0.80000000000000004 2 3 16 2400 -0.14159265358979312 0.81913256645202637 53 0 0.85899999999999999 0.79999999999999993
 26 7 522 3 1 4 20 2200 -3.1415926535897931 2.1998178958892822 53 0 0.80200000000000005 1
 27 7 36 0 1 4 16 2400 1.8584073464102069 2.1255640983581543 59 1 0.92300000000000004 1
 28 7 87 0 2 4 20 2000 1.8584073464102069 0.9577786922454834 59 1 1.026 0.79999999999999993
 29 7 507 3 1 4 16 2000 1.8584073464102069 2.6711585521697998 53 0 0.81799999999999995 0.69999999999999996
 30 7 562 3 2 4 16 2400 2.8584073464102069 0.8637080192565918 53 0 1.046 0.69999999999999996
 31 7 32 0 1 4 16 2200 2.8584073464102069 2.1925475597381592 59 1 1.008 1
 32 7 8 0 1 3 16 2200 -2.1415926535897931 2.1092748641967773 59 1 1.1619999999999999 0.89999999999999991
 33 7 369 1.2 2 4 16 2400 1.8584073464102069 0.98636984825134277 53 0 0.86799999999999999 0.69999999999999996
 34 7 398 1.6000000000000001 1 3 20 2000 -2.1415926535897931 0.82752203941345215 53 0 0.995 0.79999999999999993
 35 7 83 0 2 4 16 2400 0.85840734641020688 2.2273569107055664 59 1 1.0129999999999999 1
 36 7 527 3 1 4 20 2400 2.8584073464102069 1.8140177726745605 53 0 1.012 0.69999999999999996
 37 7 512 3 1 4 16 2200 1.8584073464102069 1.5360581874847412 53 0 0.80300000000000005 1
 38 7 270 0.80000000000000004 2 4 16 2200 1.8584073464102069 1.6871812343597412 53 0 1.0169999999999999 0.69999999999999996
 39 7 489 3 1 3 16 2400 0.85840734641020688 1.2711374759674072 53 0 0.94199999999999995 0.69999999999999996
 40 7 360 1.2 2 3 20 2400 -3.1415926535897931 1.0971477031707764 53 0 0.88600000000000001 0.89999999999999991
 41 7 329 1.2 1 4 20 2200 -1.1415926535897931 1.2966263294219971 53 0 0.91500000000000004 1
 42 7 284 0.80000000000000004 2 4 20 2200 2.8584073464102069 1.2531580924987793 53 0 0.88400000000000001 0.79999999999999993
 43 7 520 3 1 4 20 2000 2.8584073464102069 1.182772159576416 53 0 0.86099999999999999 0.89999999999999991
 44 7 530 3 2 3 16 2000 1.8584073464102069 1.1750607490539551 53 0 0.97899999999999998 0.89999999999999991
 45 7 99 0.40000000000000002 1 3 16 2000 2.8584073464102069 0.83691501617431641 59 1 1.181 0.89999999999999991
 46 7 185 0.40000000000000002 2 4 20 2200 -1.1415926535897931 2.5280323028564453 53 0 1.111 0.79999999999999993
 47 7 573 3 2 4 20 2400 0.85840734641020688 2.1560666561126709 53 0 0.93100000000000005 0.89999999999999991
 48 7 136 0.40000000000000002 1 4 20 2000 -0.14159265358979312 1.2568070888519287 53 0 0.84399999999999997 0.69999999999999996


# name: resolution
# type: matrix
# rows: 1
# columns: 2
 1366 768


# name: hz
# type: scalar
60


# name: pc
# type: sq_string
# elements: 1
# length: 21
gregor-Latitude-E6320


# name: experiment
# type: sq_string
# elements: 1
# length: 4
RFPb


# name: isOctave
# type: bool
1




