# Created by Octave 5.2.0, Tue Mar 22 17:13:30 2022 CET <student@gregor-Latitude-E6320>
# name: RFP
# type: scalar struct
# ndims: 2
 1 1
# length: 10
# name: vp
# type: sq_string
# elements: 1
# length: 3
V04


# name: mapping
# type: scalar
2


# name: date
# type: sq_string
# elements: 1
# length: 15
20220322T171132


# name: block
# type: scalar
11


# name: outmat
# type: matrix
# rows: 48
# columns: 14
 1 11 377 1.2 2 4 20 2200 -1.1415926535897931 2.6750526428222656 53 0 0.87 0.79999999999999993
 2 11 423 1.6000000000000001 1 4 20 2000 -2.1415926535897931 2.5147948265075684 53 0 1.0700000000000001 0.69999999999999996
 3 11 411 1.6000000000000001 1 4 16 2000 -2.1415926535897931 1.0123746395111084 53 0 0.90700000000000003 0.79999999999999993
 4 11 172 0.40000000000000002 2 4 16 2000 1.8584073464102069 1.521315336227417 53 0 0.88500000000000001 0.69999999999999996
 5 11 52 0 2 3 16 2000 0.85840734641020688 1.2404706478118896 59 1 0.88 1
 6 11 539 3 2 3 16 2400 -3.1415926535897931 1.2028264999389648 53 0 1.0269999999999999 0.79999999999999993
 7 11 426 1.6000000000000001 1 4 20 2200 -2.1415926535897931 3.1807734966278076 53 0 0.94499999999999995 0.89999999999999991
 8 11 451 1.6000000000000001 2 3 20 2200 0.85840734641020688 3.8061661720275879 53 0 0.98599999999999999 0.79999999999999993
 9 11 397 1.6000000000000001 1 3 20 2000 2.8584073464102069 1.5044639110565186 53 0 0.999 1
 10 11 224 0.80000000000000004 1 4 16 2200 -1.1415926535897931 1.1430096626281738 59 1 0.92300000000000004 0.89999999999999991
 11 11 91 0 2 4 20 2200 2.8584073464102069 2.2461299896240234 59 1 1.081 1
 12 11 351 1.2 2 3 20 2000 -1.1415926535897931 1.032268762588501 53 0 1.0640000000000001 0.89999999999999991
 13 11 100 0.40000000000000002 1 3 16 2000 1.8584073464102069 2.6772053241729736 59 1 0.877 0.69999999999999996
 14 11 479 1.6000000000000001 2 4 20 2400 -0.14159265358979312 1.6833257675170898 53 0 1.0800000000000001 1
 15 11 481 3 1 3 16 2000 -0.14159265358979312 1.5612833499908447 53 0 0.90000000000000002 0.89999999999999991
 16 11 373 1.2 2 4 20 2000 -0.14159265358979312 1.3916647434234619 53 0 0.97899999999999998 0.69999999999999996
 17 11 321 1.2 1 4 16 2400 2.8584073464102069 1.0937767028808594 53 0 0.82399999999999995 0.69999999999999996
 18 11 110 0.40000000000000002 1 3 20 2000 0.85840734641020688 1.0966341495513916 59 1 0.96799999999999997 0.79999999999999993
 19 11 330 1.2 1 4 20 2200 1.8584073464102069 1.8918447494506836 53 0 1.0609999999999999 1
 20 11 560 3 2 4 16 2200 -1.1415926535897931 1.0214707851409912 53 0 0.95799999999999996 0.89999999999999991
 21 11 363 1.2 2 4 16 2000 0.85840734641020688 2.3857488632202148 53 0 1.125 1
 22 11 60 0 2 3 16 2400 2.8584073464102069 1.3462734222412109 59 1 0.88300000000000001 0.79999999999999993
 23 11 286 0.80000000000000004 2 4 20 2400 -3.1415926535897931 1.2010750770568848 53 0 0.83899999999999997 1
 24 11 405 1.6000000000000001 1 3 20 2400 2.8584073464102069 1.1268725395202637 53 0 1.131 1
 25 11 395 1.6000000000000001 1 3 16 2400 -2.1415926535897931 1.0476186275482178 53 0 1.119 0.69999999999999996
 26 11 212 0.80000000000000004 1 3 20 2200 1.8584073464102069 1.1079199314117432 53 0 0.93200000000000005 1
 27 11 422 1.6000000000000001 1 4 20 2000 2.8584073464102069 1.0634491443634033 53 0 0.88700000000000001 0.79999999999999993
 28 11 259 0.80000000000000004 2 3 20 2200 0.85840734641020688 1.3105225563049316 59 1 1.0940000000000001 0.79999999999999993
 29 11 575 3 2 4 20 2400 2.8584073464102069 1.1276276111602783 53 0 0.96699999999999997 0.79999999999999993
 30 11 142 0.40000000000000002 1 4 20 2400 -1.1415926535897931 1.1255486011505127 53 0 1.127 0.79999999999999993
 31 11 281 0.80000000000000004 2 4 20 2200 -3.1415926535897931 1.241405725479126 59 1 0.82399999999999995 0.89999999999999991
 32 11 4 0 1 3 16 2000 1.8584073464102069 0.9454658031463623 59 1 0.94099999999999995 1
 33 11 227 0.80000000000000004 1 4 16 2400 -2.1415926535897931 0.94143080711364746 59 1 0.84299999999999997 1
 34 11 462 1.6000000000000001 2 4 16 2200 1.8584073464102069 0.93822312355041504 53 0 1.004 0.79999999999999993
 35 11 278 0.80000000000000004 2 4 20 2000 0.85840734641020688 0.8976137638092041 59 1 1.0820000000000001 0.89999999999999991
 36 11 159 0.40000000000000002 2 3 20 2000 -2.1415926535897931 1.081615686416626 59 1 0.89200000000000002 0.69999999999999996
 37 11 65 0 2 3 20 2200 -2.1415926535897931 0.9882512092590332 59 1 1.073 0.69999999999999996
 38 11 337 1.2 2 3 16 2000 2.8584073464102069 1.0193877220153809 59 1 0.92700000000000005 0.69999999999999996
 39 11 433 1.6000000000000001 2 3 16 2000 -1.1415926535897931 0.83007168769836426 53 0 0.88 0.79999999999999993
 40 11 497 3 1 3 20 2200 -1.1415926535897931 1.2607021331787109 53 0 1.1279999999999999 0.79999999999999993
 41 11 505 3 1 4 16 2000 -1.1415926535897931 1.0049014091491699 53 0 1.077 0.69999999999999996
 42 11 23 0 1 3 20 2400 0.85840734641020688 2.3971750736236572 59 1 1.0569999999999999 1
 43 11 407 1.6000000000000001 1 3 20 2400 -0.14159265358979312 1.0169107913970947 53 0 1.1619999999999999 1
 44 11 246 0.80000000000000004 2 3 16 2200 -0.14159265358979312 1.0107386112213135 53 0 1.163 1
 45 11 155 0.40000000000000002 2 3 16 2400 2.8584073464102069 1.0049073696136475 59 1 0.99199999999999999 1
 46 11 528 3 1 4 20 2400 -2.1415926535897931 0.8570559024810791 53 0 1.0209999999999999 1
 47 11 535 3 2 3 16 2200 2.8584073464102069 0.84059476852416992 53 0 0.98299999999999998 0.79999999999999993
 48 11 127 0.40000000000000002 1 4 16 2200 -0.14159265358979312 2.3211760520935059 59 1 0.94099999999999995 0.79999999999999993


# name: resolution
# type: matrix
# rows: 1
# columns: 2
 1366 768


# name: hz
# type: scalar
60


# name: pc
# type: sq_string
# elements: 1
# length: 21
gregor-Latitude-E6320


# name: experiment
# type: sq_string
# elements: 1
# length: 4
RFPb


# name: isOctave
# type: bool
1




