# Created by Octave 5.2.0, Tue Mar 22 17:15:22 2022 CET <student@gregor-Latitude-E6320>
# name: RFP
# type: scalar struct
# ndims: 2
 1 1
# length: 10
# name: vp
# type: sq_string
# elements: 1
# length: 3
V04


# name: mapping
# type: scalar
2


# name: date
# type: sq_string
# elements: 1
# length: 15
20220322T171331


# name: block
# type: scalar
12


# name: outmat
# type: matrix
# rows: 48
# columns: 14
 1 12 446 1.6000000000000001 2 3 20 2000 -3.1415926535897931 0.83972406387329102 53 0 0.89300000000000002 0.79999999999999993
 2 12 203 0.80000000000000004 1 3 16 2400 -0.14159265358979312 1.2433161735534668 59 1 0.84099999999999997 1
 3 12 184 0.40000000000000002 2 4 20 2000 -2.1415926535897931 0.85123467445373535 59 1 1.1399999999999999 1
 4 12 566 3 2 4 20 2000 -1.1415926535897931 2.207782506942749 53 0 1.095 1
 5 12 420 1.6000000000000001 1 4 16 2400 0.85840734641020688 1.036726713180542 59 1 0.82399999999999995 0.89999999999999991
 6 12 25 0 1 4 16 2000 -2.1415926535897931 0.91022872924804688 59 1 0.96199999999999997 0.89999999999999991
 7 12 432 1.6000000000000001 1 4 20 2400 0.85840734641020688 0.99216222763061523 53 0 1.0740000000000001 1
 8 12 121 0.40000000000000002 1 4 16 2000 -1.1415926535897931 1.9948995113372803 59 1 0.91900000000000004 0.89999999999999991
 9 12 103 0.40000000000000002 1 3 16 2200 2.8584073464102069 1.0281682014465332 59 1 0.90200000000000002 1
 10 12 252 0.80000000000000004 2 3 16 2400 -1.1415926535897931 1.1724450588226318 53 0 0.90300000000000002 0.79999999999999993
 11 12 457 1.6000000000000001 2 4 16 2000 0.85840734641020688 1.3879306316375732 53 0 1.008 0.69999999999999996
 12 12 440 1.6000000000000001 2 3 16 2200 0.85840734641020688 0.99402856826782227 53 0 1.163 0.89999999999999991
 13 12 510 3 1 4 16 2200 0.85840734641020688 0.92201709747314453 53 0 0.88500000000000001 0.79999999999999993
 14 12 261 0.80000000000000004 2 3 20 2400 1.8584073464102069 1.0804579257965088 53 0 0.92500000000000004 0.69999999999999996
 15 12 283 0.80000000000000004 2 4 20 2200 -3.1415926535897931 1.0490849018096924 53 0 0.94499999999999995 0.79999999999999993
 16 12 366 1.2 2 4 16 2200 -1.1415926535897931 0.97786045074462891 53 0 1.1850000000000001 0.79999999999999993
 17 12 187 0.40000000000000002 2 4 20 2200 2.8584073464102069 1.0375123023986816 53 0 0.93400000000000005 0.79999999999999993
 18 12 311 1.2 1 3 20 2400 -2.1415926535897931 1.0691044330596924 53 0 0.80400000000000005 1
 19 12 144 0.40000000000000002 1 4 20 2400 2.8584073464102069 2.3204820156097412 59 1 1.163 1
 20 12 168 0.40000000000000002 2 3 20 2400 -2.1415926535897931 0.84691500663757324 59 1 1.054 0.69999999999999996
 21 12 48 0 1 4 20 2400 0.85840734641020688 0.91512131690979004 59 1 1.135 0.89999999999999991
 22 12 309 1.2 1 3 20 2400 1.8584073464102069 2.4389677047729492 53 0 0.873 0.69999999999999996
 23 12 404 1.6000000000000001 1 3 20 2200 0.85840734641020688 0.84400582313537598 53 0 0.93799999999999994 1
 24 12 175 0.40000000000000002 2 4 16 2200 -2.1415926535897931 2.7038652896881104 59 1 1.0880000000000001 1
 25 12 210 0.80000000000000004 1 3 20 2200 0.85840734641020688 1.1714158058166504 59 1 1.032 0.79999999999999993
 26 12 70 0 2 3 20 2400 -3.1415926535897931 1.2270383834838867 59 1 1.1970000000000001 0.79999999999999993
 27 12 460 1.6000000000000001 2 4 16 2000 2.8584073464102069 1.2875339984893799 53 0 0.90000000000000002 0.69999999999999996
 28 12 254 0.80000000000000004 2 3 20 2000 1.8584073464102069 1.2310607433319092 53 0 0.95099999999999996 0.69999999999999996
 29 12 39 0 1 4 20 2000 -0.14159265358979312 1.0881202220916748 59 1 0.999 1
 30 12 218 0.80000000000000004 1 4 16 2000 0.85840734641020688 0.94046759605407715 59 1 1.139 1
 31 12 558 3 2 4 16 2200 2.8584073464102069 1.0035295486450195 53 0 1.147 0.89999999999999991
 32 12 174 0.40000000000000002 2 4 16 2200 2.8584073464102069 0.98021030426025391 59 1 1.0960000000000001 1
 33 12 154 0.40000000000000002 2 3 16 2400 2.8584073464102069 1.5691730976104736 59 1 0.82199999999999995 0.89999999999999991
 34 12 486 3 1 3 16 2200 -3.1415926535897931 0.96884822845458984 53 0 1.0589999999999999 0.69999999999999996
 35 12 549 3 2 3 20 2400 -3.1415926535897931 1.0549678802490234 53 0 1.1100000000000001 0.89999999999999991
 36 12 410 1.6000000000000001 1 4 16 2000 1.8584073464102069 1.2998123168945312 59 1 1.0780000000000001 1
 37 12 163 0.40000000000000002 2 3 20 2200 1.8584073464102069 2.4238801002502441 59 1 1.0980000000000001 0.79999999999999993
 38 12 199 0.80000000000000004 1 3 16 2200 -3.1415926535897931 0.83458662033081055 59 1 1.1020000000000001 0.89999999999999991
 39 12 147 0.40000000000000002 2 3 16 2000 1.8584073464102069 0.88906216621398926 59 1 0.878 0.69999999999999996
 40 12 335 1.2 1 4 20 2400 0.85840734641020688 2.4472477436065674 53 0 1.0820000000000001 1
 41 12 197 0.80000000000000004 1 3 16 2200 1.8584073464102069 1.1211156845092773 53 0 0.89600000000000002 0.79999999999999993
 42 12 129 0.40000000000000002 1 4 16 2400 -2.1415926535897931 1.0818550586700439 59 1 1.01 0.79999999999999993
 43 12 46 0 1 4 20 2400 -2.1415926535897931 2.2774686813354492 59 1 1.036 1
 44 12 547 3 2 3 20 2200 -3.1415926535897931 1.0786798000335693 53 0 0.82699999999999996 1
 45 12 59 0 2 3 16 2400 2.8584073464102069 0.83898115158081055 59 1 0.85399999999999998 1
 46 12 502 3 1 3 20 2400 -2.1415926535897931 1.0965380668640137 53 0 0.88 0.89999999999999991
 47 12 55 0 2 3 16 2200 1.8584073464102069 1.3782825469970703 59 1 0.80900000000000005 0.69999999999999996
 48 12 242 0.80000000000000004 2 3 16 2000 2.8584073464102069 1.2817428112030029 53 0 0.98099999999999998 0.89999999999999991


# name: resolution
# type: matrix
# rows: 1
# columns: 2
 1366 768


# name: hz
# type: scalar
60


# name: pc
# type: sq_string
# elements: 1
# length: 21
gregor-Latitude-E6320


# name: experiment
# type: sq_string
# elements: 1
# length: 4
RFPb


# name: isOctave
# type: bool
1




