# Created by Octave 5.2.0, Tue Mar 22 16:59:37 2022 CET <student@gregor-Latitude-E6320>
# name: RFP
# type: scalar struct
# ndims: 2
 1 1
# length: 10
# name: vp
# type: sq_string
# elements: 1
# length: 3
V04


# name: mapping
# type: scalar
2


# name: date
# type: sq_string
# elements: 1
# length: 15
20220322T165742


# name: block
# type: scalar
4


# name: outmat
# type: matrix
# rows: 48
# columns: 14
 1 4 559 3 2 4 16 2200 -0.14159265358979312 1.0469610691070557 53 0 0.89500000000000002 0.79999999999999993
 2 4 61 0 2 3 20 2000 0.85840734641020688 2.8643147945404053 59 1 1.159 0.89999999999999991
 3 4 307 1.2 1 3 20 2200 -1.1415926535897931 1.2200253009796143 59 1 1.147 1
 4 4 151 0.40000000000000002 2 3 16 2200 -0.14159265358979312 2.5604982376098633 59 1 1.1579999999999999 0.89999999999999991
 5 4 49 0 2 3 16 2000 -1.1415926535897931 1.0225014686584473 59 1 0.88 0.69999999999999996
 6 4 475 1.6000000000000001 2 4 20 2200 -2.1415926535897931 2.789623498916626 53 0 0.83599999999999997 0.69999999999999996
 7 4 15 0 1 3 20 2000 -2.1415926535897931 0.89492440223693848 59 1 0.97199999999999998 0.69999999999999996
 8 4 18 0 1 3 20 2200 2.8584073464102069 0.82463550567626953 59 1 1.0600000000000001 0.69999999999999996
 9 4 391 1.6000000000000001 1 3 16 2200 -3.1415926535897931 2.3183243274688721 53 0 0.90500000000000003 1
 10 4 378 1.2 2 4 20 2200 2.8584073464102069 2.1634860038757324 53 0 0.86799999999999999 0.79999999999999993
 11 4 383 1.2 2 4 20 2400 -2.1415926535897931 2.1381058692932129 53 0 0.95699999999999996 0.89999999999999991
 12 4 491 3 1 3 16 2400 0.85840734641020688 1.0259509086608887 53 0 0.99299999999999999 1
 13 4 289 1.2 1 3 16 2000 2.8584073464102069 1.246110200881958 53 0 0.86399999999999999 0.79999999999999993
 14 4 247 0.80000000000000004 2 3 16 2200 0.85840734641020688 1.116034984588623 53 0 0.89000000000000001 0.89999999999999991
 15 4 548 3 2 3 20 2200 1.8584073464102069 1.0322508811950684 53 0 0.95499999999999996 1
 16 4 152 0.40000000000000002 2 3 16 2200 -3.1415926535897931 1.3255434036254883 59 1 0.82299999999999995 1
 17 4 290 1.2 1 3 16 2000 -3.1415926535897931 0.82210779190063477 53 0 0.91200000000000003 0.69999999999999996
 18 4 315 1.2 1 4 16 2000 -1.1415926535897931 1.0150237083435059 53 0 0.90600000000000003 0.69999999999999996
 19 4 19 0 1 3 20 2200 1.8584073464102069 2.2057404518127441 59 1 0.86699999999999999 0.89999999999999991
 20 4 327 1.2 1 4 20 2000 0.85840734641020688 0.96685504913330078 53 0 1.0149999999999999 0.69999999999999996
 21 4 464 1.6000000000000001 2 4 16 2200 0.85840734641020688 1.0500450134277344 53 0 1.0129999999999999 0.79999999999999993
 22 4 44 0 1 4 20 2200 0.85840734641020688 0.93011927604675293 59 1 0.96099999999999997 0.79999999999999993
 23 4 200 0.80000000000000004 1 3 16 2200 2.8584073464102069 2.8340427875518799 53 0 1.0569999999999999 0.69999999999999996
 24 4 98 0.40000000000000002 1 3 16 2000 -2.1415926535897931 2.5136754512786865 59 1 1.153 0.89999999999999991
 25 4 498 3 1 3 20 2200 1.8584073464102069 0.90582489967346191 53 0 1.0720000000000001 0.89999999999999991
 26 4 332 1.2 1 4 20 2200 -0.14159265358979312 1.1897056102752686 53 0 0.90000000000000002 0.79999999999999993
 27 4 194 0.80000000000000004 1 3 16 2000 -2.1415926535897931 1.3934471607208252 53 0 0.88300000000000001 1
 28 4 92 0 2 4 20 2200 2.8584073464102069 1.4572811126708984 59 1 0.91900000000000004 0.79999999999999993
 29 4 305 1.2 1 3 20 2200 -1.1415926535897931 1.6816442012786865 53 0 1.0149999999999999 0.69999999999999996
 30 4 215 0.80000000000000004 1 3 20 2400 -2.1415926535897931 1.2397599220275879 53 0 0.80100000000000005 1
 31 4 353 1.2 2 3 20 2200 -3.1415926535897931 1.327064037322998 53 0 0.82899999999999996 1
 32 4 532 3 2 3 16 2000 2.8584073464102069 1.0143537521362305 53 0 0.93700000000000006 0.69999999999999996
 33 4 358 1.2 2 3 20 2400 -3.1415926535897931 1.2414934635162354 53 0 1 0.69999999999999996
 34 4 17 0 1 3 20 2200 -0.14159265358979312 1.0285711288452148 59 1 0.92900000000000005 0.89999999999999991
 35 4 471 1.6000000000000001 2 4 20 2000 -3.1415926535897931 1.0889930725097656 53 0 1.1299999999999999 0.69999999999999996
 36 4 320 1.2 1 4 16 2200 -2.1415926535897931 0.92980003356933594 53 0 1.016 1
 37 4 211 0.80000000000000004 1 3 20 2200 1.8584073464102069 1.1468727588653564 53 0 0.85099999999999998 0.79999999999999993
 38 4 421 1.6000000000000001 1 4 20 2000 -3.1415926535897931 0.89453864097595215 53 0 1.099 0.89999999999999991
 39 4 287 0.80000000000000004 2 4 20 2400 -2.1415926535897931 1.040691614151001 53 0 1.036 1
 40 4 192 0.40000000000000002 2 4 20 2400 -1.1415926535897931 0.82447481155395508 59 1 0.93100000000000005 1
 41 4 131 0.40000000000000002 1 4 16 2400 -2.1415926535897931 0.9912266731262207 53 0 0.879 0.69999999999999996
 42 4 308 1.2 1 3 20 2200 -3.1415926535897931 0.98149442672729492 53 0 1.1419999999999999 0.79999999999999993
 43 4 488 3 1 3 16 2200 0.85840734641020688 0.91253209114074707 53 0 1.012 0.79999999999999993
 44 4 554 3 2 4 16 2000 -1.1415926535897931 1.1764838695526123 53 0 0.84999999999999998 0.69999999999999996
 45 4 104 0.40000000000000002 1 3 16 2200 -3.1415926535897931 3.5330944061279297 59 1 1.093 1
 46 4 316 1.2 1 4 16 2000 -2.1415926535897931 0.93097496032714844 59 1 0.91100000000000003 0.79999999999999993
 47 4 454 1.6000000000000001 2 3 20 2400 1.8584073464102069 0.86861324310302734 53 0 0.999 0.79999999999999993
 48 4 78 0 2 4 16 2200 -1.1415926535897931 0.86983919143676758 59 1 0.86899999999999999 0.79999999999999993


# name: resolution
# type: matrix
# rows: 1
# columns: 2
 1366 768


# name: hz
# type: scalar
60


# name: pc
# type: sq_string
# elements: 1
# length: 21
gregor-Latitude-E6320


# name: experiment
# type: sq_string
# elements: 1
# length: 4
RFPb


# name: isOctave
# type: bool
1




