# Created by Octave 5.2.0, Tue Mar 22 16:57:39 2022 CET <student@gregor-Latitude-E6320>
# name: RFP
# type: scalar struct
# ndims: 2
 1 1
# length: 10
# name: vp
# type: sq_string
# elements: 1
# length: 3
V04


# name: mapping
# type: scalar
2


# name: date
# type: sq_string
# elements: 1
# length: 15
20220322T165535


# name: block
# type: scalar
3


# name: outmat
# type: matrix
# rows: 48
# columns: 14
 1 3 349 1.2 2 3 20 2000 -0.14159265358979312 1.4915947914123535 53 0 0.83099999999999996 0.89999999999999991
 2 3 314 1.2 1 4 16 2000 -2.1415926535897931 0.96939182281494141 59 1 1.081 0.69999999999999996
 3 3 461 1.6000000000000001 2 4 16 2200 -0.14159265358979312 1.0330381393432617 59 1 0.81100000000000005 1
 4 3 276 0.80000000000000004 2 4 16 2400 0.85840734641020688 1.1668510437011719 59 1 0.80300000000000005 0.89999999999999991
 5 3 496 3 1 3 20 2000 0.85840734641020688 0.92449760437011719 53 0 1.198 1
 6 3 392 1.6000000000000001 1 3 16 2200 -1.1415926535897931 1.0719020366668701 53 0 1.1359999999999999 0.89999999999999991
 7 3 190 0.40000000000000002 2 4 20 2400 2.8584073464102069 2.1586902141571045 59 1 1.165 0.89999999999999991
 8 3 480 1.6000000000000001 2 4 20 2400 1.8584073464102069 0.97107958793640137 59 1 0.879 0.89999999999999991
 9 3 189 0.40000000000000002 2 4 20 2400 -3.1415926535897931 2.2448117733001709 59 1 0.92700000000000005 0.69999999999999996
 10 3 472 1.6000000000000001 2 4 20 2000 2.8584073464102069 0.87418270111083984 59 1 0.84799999999999998 0.79999999999999993
 11 3 234 0.80000000000000004 1 4 20 2200 -3.1415926535897931 2.8604912757873535 59 1 0.99399999999999999 1
 12 3 256 0.80000000000000004 2 3 20 2000 -1.1415926535897931 1.0375795364379883 53 0 0.88600000000000001 0.89999999999999991
 13 3 292 1.2 1 3 16 2000 0.85840734641020688 1.2058296203613281 53 0 1.1879999999999999 0.69999999999999996
 14 3 120 0.40000000000000002 1 3 20 2400 -0.14159265358979312 1.4510960578918457 53 0 0.84299999999999997 1
 15 3 313 1.2 1 4 16 2000 -2.1415926535897931 0.95734953880310059 59 1 1.123 1
 16 3 406 1.6000000000000001 1 3 20 2400 1.8584073464102069 2.8074219226837158 53 0 1.085 0.79999999999999993
 17 3 361 1.2 2 4 16 2000 -0.14159265358979312 0.99454474449157715 59 1 1.1819999999999999 0.89999999999999991
 18 3 515 3 1 4 16 2400 1.8584073464102069 1.1864497661590576 59 1 1.0640000000000001 0.69999999999999996
 19 3 438 1.6000000000000001 2 3 16 2200 -1.1415926535897931 0.94185614585876465 53 0 0.84799999999999998 0.69999999999999996
 20 3 304 1.2 1 3 20 2000 1.8584073464102069 0.85346126556396484 53 0 1.01 0.69999999999999996
 21 3 226 0.80000000000000004 1 4 16 2400 -2.1415926535897931 2.1617279052734375 59 1 1.0880000000000001 0.89999999999999991
 22 3 113 0.40000000000000002 1 3 20 2200 -2.1415926535897931 2.6777541637420654 53 0 0.80800000000000005 0.89999999999999991
 23 3 209 0.80000000000000004 1 3 20 2200 -3.1415926535897931 1.1614646911621094 53 0 1.1659999999999999 1
 24 3 390 1.6000000000000001 1 3 16 2200 0.85840734641020688 2.3237297534942627 53 0 1.117 0.69999999999999996
 25 3 293 1.2 1 3 16 2200 -0.14159265358979312 1.2906906604766846 53 0 0.86699999999999999 0.89999999999999991
 26 3 88 0 2 4 20 2000 0.85840734641020688 1.8196561336517334 59 1 0.98899999999999999 0.69999999999999996
 27 3 306 1.2 1 3 20 2200 -2.1415926535897931 0.9096062183380127 53 0 1.04 1
 28 3 317 1.2 1 4 16 2200 0.85840734641020688 1.0353143215179443 59 1 0.90600000000000003 0.89999999999999991
 29 3 494 3 1 3 20 2000 -1.1415926535897931 1.0609867572784424 59 1 0.90800000000000003 0.89999999999999991
 30 3 135 0.40000000000000002 1 4 20 2000 -1.1415926535897931 3.1202573776245117 59 1 0.94999999999999996 1
 31 3 365 1.2 2 4 16 2200 -1.1415926535897931 0.86203145980834961 59 1 0.84799999999999998 0.69999999999999996
 32 3 367 1.2 2 4 16 2200 -2.1415926535897931 2.5312080383300781 59 1 1.04 0.69999999999999996
 33 3 557 3 2 4 16 2200 2.8584073464102069 2.3026823997497559 59 1 0.82499999999999996 0.89999999999999991
 34 3 84 0 2 4 16 2400 1.8584073464102069 2.5967917442321777 59 1 0.95199999999999996 0.79999999999999993
 35 3 506 3 1 4 16 2000 -0.14159265358979312 4.625694751739502 53 0 0.93999999999999995 1
 36 3 334 1.2 1 4 20 2400 -2.1415926535897931 1.2599344253540039 53 0 0.81499999999999995 0.69999999999999996
 37 3 86 0 2 4 20 2000 1.8584073464102069 0.94338345527648926 59 1 1.1970000000000001 1
 38 3 386 1.6000000000000001 1 3 16 2000 0.85840734641020688 0.99683380126953125 53 0 1.107 0.79999999999999993
 39 3 445 1.6000000000000001 2 3 20 2000 0.85840734641020688 3.2438328266143799 53 0 1.127 0.79999999999999993
 40 3 297 1.2 1 3 16 2400 -3.1415926535897931 1.0463356971740723 53 0 0.80900000000000005 0.79999999999999993
 41 3 183 0.40000000000000002 2 4 20 2000 -2.1415926535897931 0.85252022743225098 59 1 1.05 1
 42 3 556 3 2 4 16 2000 -1.1415926535897931 0.87874364852905273 53 0 0.86899999999999999 1
 43 3 540 3 2 3 16 2400 -3.1415926535897931 0.93465399742126465 53 0 0.85599999999999998 0.89999999999999991
 44 3 415 1.6000000000000001 1 4 16 2200 -2.1415926535897931 2.1504907608032227 53 0 0.82799999999999996 0.89999999999999991
 45 3 89 0 2 4 20 2200 -3.1415926535897931 2.3225204944610596 59 1 1.1479999999999999 0.89999999999999991
 46 3 191 0.40000000000000002 2 4 20 2400 -2.1415926535897931 1.0642662048339844 59 1 1.024 1
 47 3 20 0 1 3 20 2200 0.85840734641020688 1.0977733135223389 59 1 1.1539999999999999 0.69999999999999996
 48 3 266 0.80000000000000004 2 4 16 2000 -0.14159265358979312 1.0343589782714844 59 1 1.032 0.69999999999999996


# name: resolution
# type: matrix
# rows: 1
# columns: 2
 1366 768


# name: hz
# type: scalar
60


# name: pc
# type: sq_string
# elements: 1
# length: 21
gregor-Latitude-E6320


# name: experiment
# type: sq_string
# elements: 1
# length: 4
RFPb


# name: isOctave
# type: bool
1




