# Created by Octave 5.2.0, Tue Mar 22 16:55:31 2022 CET <student@gregor-Latitude-E6320>
# name: RFP
# type: scalar struct
# ndims: 2
 1 1
# length: 10
# name: vp
# type: sq_string
# elements: 1
# length: 3
V04


# name: mapping
# type: scalar
2


# name: date
# type: sq_string
# elements: 1
# length: 15
20220322T165321


# name: block
# type: scalar
2


# name: outmat
# type: matrix
# rows: 48
# columns: 14
 1 2 1 0 1 3 16 2000 -0.14159265358979312 1.2910881042480469 59 1 1.1060000000000001 0.79999999999999993
 2 2 143 0.40000000000000002 1 4 20 2400 -2.1415926535897931 0.89200234413146973 59 1 0.876 0.69999999999999996
 3 2 97 0.40000000000000002 1 3 16 2000 1.8584073464102069 1.1057350635528564 53 0 1.0489999999999999 0.79999999999999993
 4 2 282 0.80000000000000004 2 4 20 2200 -2.1415926535897931 3.2908082008361816 59 1 0.93600000000000005 1
 5 2 157 0.40000000000000002 2 3 20 2000 2.8584073464102069 1.0609288215637207 53 0 0.88400000000000001 0.69999999999999996
 6 2 525 3 1 4 20 2400 1.8584073464102069 1.3114306926727295 53 0 1.034 0.69999999999999996
 7 2 336 1.2 1 4 20 2400 1.8584073464102069 1.1824121475219727 59 1 1.0649999999999999 0.79999999999999993
 8 2 288 0.80000000000000004 2 4 20 2400 -0.14159265358979312 1.0537154674530029 59 1 0.80300000000000005 0.89999999999999991
 9 2 280 0.80000000000000004 2 4 20 2000 0.85840734641020688 0.90534877777099609 59 1 0.91500000000000004 0.69999999999999996
 10 2 442 1.6000000000000001 2 3 16 2400 2.8584073464102069 2.6060872077941895 53 0 0.84699999999999998 0.89999999999999991
 11 2 303 1.2 1 3 20 2000 1.8584073464102069 3.1343786716461182 53 0 0.90100000000000002 0.89999999999999991
 12 2 9 0 1 3 16 2400 -2.1415926535897931 0.94538283348083496 59 1 1.1879999999999999 0.89999999999999991
 13 2 375 1.2 2 4 20 2000 2.8584073464102069 1.1633055210113525 59 1 1.0529999999999999 0.89999999999999991
 14 2 324 1.2 1 4 16 2400 -0.14159265358979312 1.0283048152923584 59 1 0.93400000000000005 0.89999999999999991
 15 2 443 1.6000000000000001 2 3 16 2400 -0.14159265358979312 2.7598779201507568 53 0 1.1850000000000001 0.69999999999999996
 16 2 524 3 1 4 20 2200 -3.1415926535897931 2.500838041305542 59 1 0.88400000000000001 0.89999999999999991
 17 2 417 1.6000000000000001 1 4 16 2400 -1.1415926535897931 1.2607407569885254 59 1 1.1279999999999999 0.89999999999999991
 18 2 519 3 1 4 20 2000 -0.14159265358979312 0.99957609176635742 59 1 0.88900000000000001 1
 19 2 232 0.80000000000000004 1 4 20 2000 0.85840734641020688 4.7708618640899658 59 1 1.1559999999999999 0.79999999999999993
 20 2 501 3 1 3 20 2400 -0.14159265358979312 0.87418770790100098 53 0 1.155 1
 21 2 408 1.6000000000000001 1 3 20 2400 2.8584073464102069 3.2283167839050293 53 0 1.119 0.69999999999999996
 22 2 72 0 2 3 20 2400 -1.1415926535897931 1.5219073295593262 59 1 1.1739999999999999 0.69999999999999996
 23 2 467 1.6000000000000001 2 4 16 2400 -3.1415926535897931 4.4882383346557617 59 1 1.0029999999999999 0.69999999999999996
 24 2 561 3 2 4 16 2400 -1.1415926535897931 3.4604270458221436 59 1 0.88100000000000001 0.89999999999999991
 25 2 182 0.40000000000000002 2 4 20 2000 -1.1415926535897931 1.0057108402252197 59 1 1.0760000000000001 0.89999999999999991
 26 2 16 0 1 3 20 2000 1.8584073464102069 1.2045669555664062 53 0 0.90700000000000003 0.79999999999999993
 27 2 274 0.80000000000000004 2 4 16 2400 -2.1415926535897931 2.1789448261260986 59 1 0.97399999999999998 0.69999999999999996
 28 2 95 0 2 4 20 2400 1.8584073464102069 0.8234255313873291 59 1 0.875 0.79999999999999993
 29 2 164 0.40000000000000002 2 3 20 2200 -0.14159265358979312 2.4838554859161377 53 0 0.96799999999999997 0.69999999999999996
 30 2 478 1.6000000000000001 2 4 20 2400 -0.14159265358979312 2.8858540058135986 59 1 0.88900000000000001 0.89999999999999991
 31 2 111 0.40000000000000002 1 3 20 2000 1.8584073464102069 1.1677098274230957 53 0 0.80900000000000005 1
 32 2 149 0.40000000000000002 2 3 16 2200 0.85840734641020688 1.1375539302825928 53 0 0.95099999999999996 0.79999999999999993
 33 2 402 1.6000000000000001 1 3 20 2200 0.85840734641020688 0.84797930717468262 53 0 0.88400000000000001 0.79999999999999993
 34 2 343 1.2 2 3 16 2200 -2.1415926535897931 2.2563009262084961 53 0 1.1060000000000001 0.89999999999999991
 35 2 516 3 1 4 16 2400 2.8584073464102069 1.2242248058319092 59 1 1.004 0.79999999999999993
 36 2 340 1.2 2 3 16 2000 1.8584073464102069 1.0645694732666016 53 0 1.024 1
 37 2 63 0 2 3 20 2000 -0.14159265358979312 1.0745503902435303 53 0 0.89400000000000002 1
 38 2 379 1.2 2 4 20 2200 1.8584073464102069 0.85149884223937988 59 1 0.96199999999999997 1
 39 2 427 1.6000000000000001 1 4 20 2200 2.8584073464102069 0.82840538024902344 59 1 1.04 0.89999999999999991
 40 2 201 0.80000000000000004 1 3 16 2400 -1.1415926535897931 1.1158931255340576 53 0 1.048 0.69999999999999996
 41 2 106 0.40000000000000002 1 3 16 2400 2.8584073464102069 1.3018019199371338 53 0 0.81000000000000005 0.69999999999999996
 42 2 277 0.80000000000000004 2 4 20 2000 -2.1415926535897931 2.5804409980773926 59 1 0.88300000000000001 0.79999999999999993
 43 2 521 3 1 4 20 2200 -3.1415926535897931 1.2065103054046631 59 1 1.0680000000000001 1
 44 2 77 0 2 4 16 2200 0.85840734641020688 2.3658638000488281 59 1 0.92500000000000004 0.69999999999999996
 45 2 536 3 2 3 16 2200 1.8584073464102069 1.1312463283538818 53 0 1.042 0.69999999999999996
 46 2 356 1.2 2 3 20 2200 2.8584073464102069 1.2083134651184082 53 0 1.109 0.69999999999999996
 47 2 196 0.80000000000000004 1 3 16 2000 2.8584073464102069 1.1868419647216797 53 0 0.995 0.89999999999999991
 48 2 500 3 1 3 20 2200 -3.1415926535897931 1.1764495372772217 53 0 1.05 0.89999999999999991


# name: resolution
# type: matrix
# rows: 1
# columns: 2
 1366 768


# name: hz
# type: scalar
60


# name: pc
# type: sq_string
# elements: 1
# length: 21
gregor-Latitude-E6320


# name: experiment
# type: sq_string
# elements: 1
# length: 4
RFPb


# name: isOctave
# type: bool
1




