# Created by Octave 5.2.0, Tue Mar 22 16:53:16 2022 CET <student@gregor-Latitude-E6320>
# name: RFP
# type: scalar struct
# ndims: 2
 1 1
# length: 10
# name: vp
# type: sq_string
# elements: 1
# length: 3
V04


# name: mapping
# type: scalar
2


# name: date
# type: sq_string
# elements: 1
# length: 15
20220322T165055


# name: block
# type: scalar
1


# name: outmat
# type: matrix
# rows: 48
# columns: 14
 1 1 240 0.80000000000000004 1 4 20 2400 1.8584073464102069 1.2511687278747559 59 1 1.022 0.79999999999999993
 2 1 12 0 1 3 16 2400 2.8584073464102069 3.3511199951171875 59 1 0.96099999999999997 0.79999999999999993
 3 1 30 0 1 4 16 2200 0.85840734641020688 1.0342731475830078 59 1 0.82999999999999996 0.79999999999999993
 4 1 268 0.80000000000000004 2 4 16 2000 -0.14159265358979312 0.9309995174407959 59 1 0.96399999999999997 0.79999999999999993
 5 1 452 1.6000000000000001 2 3 20 2200 2.8584073464102069 16.483249187469482 59 1 1.0269999999999999 1
 6 1 393 1.6000000000000001 1 3 16 2400 -3.1415926535897931 1.5737383365631104 59 1 1.0740000000000001 0.79999999999999993
 7 1 64 0 2 3 20 2000 -3.1415926535897931 0.93203997611999512 53 0 1.131 0.89999999999999991
 8 1 13 0 1 3 20 2000 -2.1415926535897931 1.3113284111022949 59 1 0.95699999999999996 0.79999999999999993
 9 1 447 1.6000000000000001 2 3 20 2000 1.8584073464102069 1.849635124206543 53 0 0.97799999999999998 1
 10 1 550 3 2 3 20 2400 -1.1415926535897931 1.2741165161132812 53 0 0.95499999999999996 0.79999999999999993
 11 1 470 1.6000000000000001 2 4 20 2000 1.8584073464102069 1.0887269973754883 53 0 1 0.79999999999999993
 12 1 368 1.2 2 4 16 2200 -0.14159265358979312 1.1427664756774902 59 1 0.88600000000000001 1
 13 1 463 1.6000000000000001 2 4 16 2200 -3.1415926535897931 3.8663754463195801 59 1 1.1619999999999999 1
 14 1 138 0.40000000000000002 1 4 20 2200 -0.14159265358979312 1.9706404209136963 53 0 1.179 0.89999999999999991
 15 1 350 1.2 2 3 20 2000 -0.14159265358979312 1.2985615730285645 53 0 1.0509999999999999 0.69999999999999996
 16 1 372 1.2 2 4 16 2400 1.8584073464102069 1.39579176902771 53 0 1.099 0.79999999999999993
 17 1 364 1.2 2 4 16 2000 -3.1415926535897931 1.6318209171295166 59 1 1.0589999999999999 1
 18 1 156 0.40000000000000002 2 3 16 2400 1.8584073464102069 1.7978270053863525 59 1 0.995 1
 19 1 230 0.80000000000000004 1 4 20 2000 2.8584073464102069 1.0870890617370605 53 0 1.1419999999999999 0.79999999999999993
 20 1 296 1.2 1 3 16 2200 -3.1415926535897931 0.95230746269226074 53 0 0.93200000000000005 1
 21 1 511 3 1 4 16 2200 1.8584073464102069 1.0177597999572754 53 0 1.0980000000000001 0.89999999999999991
 22 1 220 0.80000000000000004 1 4 16 2000 0.85840734641020688 2.9329009056091309 53 0 0.80700000000000005 0.79999999999999993
 23 1 441 1.6000000000000001 2 3 16 2400 2.8584073464102069 0.99451780319213867 53 0 1.109 0.69999999999999996
 24 1 425 1.6000000000000001 1 4 20 2200 -0.14159265358979312 2.996145486831665 59 1 0.92600000000000005 0.89999999999999991
 25 1 28 0 1 4 16 2000 1.8584073464102069 1.3296384811401367 59 1 0.91500000000000004 0.79999999999999993
 26 1 27 0 1 4 16 2000 1.8584073464102069 3.3811676502227783 59 1 0.91400000000000003 0.89999999999999991
 27 1 484 3 1 3 16 2000 1.8584073464102069 1.1827585697174072 53 0 0.90400000000000003 0.79999999999999993
 28 1 298 1.2 1 3 16 2400 2.8584073464102069 1.0489559173583984 53 0 0.94299999999999995 0.69999999999999996
 29 1 555 3 2 4 16 2000 -1.1415926535897931 0.96852898597717285 59 1 0.88 0.69999999999999996
 30 1 490 3 1 3 16 2400 0.85840734641020688 2.6725418567657471 53 0 1.1040000000000001 0.69999999999999996
 31 1 508 3 1 4 16 2000 -1.1415926535897931 0.87058043479919434 59 1 1.1100000000000001 1
 32 1 299 1.2 1 3 16 2400 -1.1415926535897931 1.0161142349243164 53 0 0.90500000000000003 0.69999999999999996
 33 1 109 0.40000000000000002 1 3 20 2000 1.8584073464102069 0.87951755523681641 53 0 0.92900000000000005 0.79999999999999993
 34 1 146 0.40000000000000002 2 3 16 2000 -0.14159265358979312 2.6665959358215332 59 1 1.0780000000000001 1
 35 1 35 0 1 4 16 2400 0.85840734641020688 0.98761487007141113 59 1 0.94999999999999996 0.89999999999999991
 36 1 231 0.80000000000000004 1 4 20 2000 -1.1415926535897931 0.91396856307983398 59 1 0.80700000000000005 0.89999999999999991
 37 1 371 1.2 2 4 16 2400 0.85840734641020688 1.026893138885498 59 1 0.88400000000000001 0.79999999999999993
 38 1 41 0 1 4 20 2200 -0.14159265358979312 3.4923412799835205 53 0 0.94399999999999995 0.69999999999999996
 39 1 180 0.40000000000000002 2 4 16 2400 -3.1415926535897931 1.0816056728363037 59 1 1.1850000000000001 1
 40 1 468 1.6000000000000001 2 4 16 2400 -3.1415926535897931 1.2734594345092773 59 1 1.0720000000000001 0.69999999999999996
 41 1 130 0.40000000000000002 1 4 16 2400 -2.1415926535897931 1.0729396343231201 59 1 0.98399999999999999 0.79999999999999993
 42 1 195 0.80000000000000004 1 3 16 2000 -3.1415926535897931 0.93306899070739746 53 0 0.83299999999999996 0.69999999999999996
 43 1 514 3 1 4 16 2400 -1.1415926535897931 2.7708609104156494 59 1 0.97599999999999998 1
 44 1 348 1.2 2 3 16 2400 2.8584073464102069 1.1522285938262939 59 1 0.87 0.89999999999999991
 45 1 216 0.80000000000000004 1 3 20 2400 -3.1415926535897931 1.0555641651153564 53 0 1.054 1
 46 1 260 0.80000000000000004 2 3 20 2200 -3.1415926535897931 2.9429378509521484 53 0 1.1279999999999999 0.69999999999999996
 47 1 67 0 2 3 20 2200 2.8584073464102069 0.99862408638000488 53 0 1.1719999999999999 1
 48 1 45 0 1 4 20 2400 1.8584073464102069 0.89168405532836914 59 1 0.81299999999999994 1


# name: resolution
# type: matrix
# rows: 1
# columns: 2
 1366 768


# name: hz
# type: scalar
60


# name: pc
# type: sq_string
# elements: 1
# length: 21
gregor-Latitude-E6320


# name: experiment
# type: sq_string
# elements: 1
# length: 4
RFPb


# name: isOctave
# type: bool
1




