# Created by Octave 5.2.0, Tue Mar 22 17:09:35 2022 CET <student@gregor-Latitude-E6320>
# name: RFP
# type: scalar struct
# ndims: 2
 1 1
# length: 10
# name: vp
# type: sq_string
# elements: 1
# length: 3
V04


# name: mapping
# type: scalar
2


# name: date
# type: sq_string
# elements: 1
# length: 15
20220322T170741


# name: block
# type: scalar
9


# name: outmat
# type: matrix
# rows: 48
# columns: 14
 1 9 94 0 2 4 20 2400 -0.14159265358979312 1.6086916923522949 53 0 1.119 0.79999999999999993
 2 9 458 1.6000000000000001 2 4 16 2000 -0.14159265358979312 0.92956423759460449 53 0 1.145 0.79999999999999993
 3 9 439 1.6000000000000001 2 3 16 2200 -1.1415926535897931 2.2551891803741455 53 0 1.0640000000000001 0.79999999999999993
 4 9 7 0 1 3 16 2200 -1.1415926535897931 0.9333653450012207 59 1 0.92400000000000004 0.69999999999999996
 5 9 205 0.80000000000000004 1 3 20 2000 1.8584073464102069 0.9758148193359375 53 0 0.83899999999999997 0.89999999999999991
 6 9 503 3 1 3 20 2400 0.85840734641020688 1.0417377948760986 53 0 0.94099999999999995 0.79999999999999993
 7 9 424 1.6000000000000001 1 4 20 2000 -2.1415926535897931 0.88109850883483887 53 0 1.069 1
 8 9 476 1.6000000000000001 2 4 20 2200 -1.1415926535897931 0.96452856063842773 53 0 0.89000000000000001 0.79999999999999993
 9 9 493 3 1 3 20 2000 2.8584073464102069 0.93708586692810059 53 0 0.92000000000000004 0.69999999999999996
 10 9 400 1.6000000000000001 1 3 20 2000 1.8584073464102069 2.8170711994171143 53 0 1.1870000000000001 0.79999999999999993
 11 9 469 1.6000000000000001 2 4 20 2000 -0.14159265358979312 2.4497482776641846 53 0 1.1859999999999999 0.69999999999999996
 12 9 279 0.80000000000000004 2 4 20 2000 0.85840734641020688 1.1432995796203613 53 0 1.101 0.69999999999999996
 13 9 6 0 1 3 16 2200 -2.1415926535897931 1.0781080722808838 59 1 1.0009999999999999 0.69999999999999996
 14 9 255 0.80000000000000004 2 3 20 2000 -1.1415926535897931 1.1089980602264404 59 1 0.82399999999999995 1
 15 9 40 0 1 4 20 2000 -1.1415926535897931 1.5809533596038818 59 1 0.86599999999999999 0.69999999999999996
 16 9 208 0.80000000000000004 1 3 20 2000 -3.1415926535897931 1.2956027984619141 59 1 1.0349999999999999 1
 17 9 271 0.80000000000000004 2 4 16 2200 -3.1415926535897931 0.9762873649597168 53 0 1.167 0.69999999999999996
 18 9 11 0 1 3 16 2400 0.85840734641020688 1.6933300495147705 59 1 1.125 0.89999999999999991
 19 9 482 3 1 3 16 2000 -3.1415926535897931 1.2022867202758789 53 0 0.82899999999999996 0.89999999999999991
 20 9 435 1.6000000000000001 2 3 16 2000 -0.14159265358979312 1.363189697265625 53 0 1.125 1
 21 9 85 0 2 4 20 2000 -1.1415926535897931 1.1446700096130371 59 1 1.0649999999999999 0.79999999999999993
 22 9 382 1.2 2 4 20 2400 1.8584073464102069 1.021914005279541 53 0 0.875 0.89999999999999991
 23 9 219 0.80000000000000004 1 4 16 2000 -1.1415926535897931 1.1654872894287109 53 0 0.80700000000000005 0.69999999999999996
 24 9 564 3 2 4 16 2400 1.8584073464102069 1.1522974967956543 53 0 0.98999999999999999 0.69999999999999996
 25 9 430 1.6000000000000001 1 4 20 2400 2.8584073464102069 1.196845531463623 53 0 1.099 1
 26 9 272 0.80000000000000004 2 4 16 2200 2.8584073464102069 1.0714130401611328 53 0 0.90500000000000003 0.69999999999999996
 27 9 477 1.6000000000000001 2 4 20 2400 -1.1415926535897931 2.7182166576385498 53 0 1.0149999999999999 0.89999999999999991
 28 9 145 0.40000000000000002 2 3 16 2000 -0.14159265358979312 1.1515185832977295 53 0 1.196 0.69999999999999996
 29 9 487 3 1 3 16 2200 -3.1415926535897931 1.0367920398712158 53 0 1.0740000000000001 0.69999999999999996
 30 9 362 1.2 2 4 16 2000 -0.14159265358979312 1.0449321269989014 53 0 0.88500000000000001 0.89999999999999991
 31 9 569 3 2 4 20 2200 1.8584073464102069 1.1550917625427246 53 0 1.069 0.79999999999999993
 32 9 300 1.2 1 3 16 2400 0.85840734641020688 0.89048337936401367 53 0 1.181 0.89999999999999991
 33 9 359 1.2 2 3 20 2400 1.8584073464102069 0.86163973808288574 53 0 1.0389999999999999 1
 34 9 213 0.80000000000000004 1 3 20 2400 -2.1415926535897931 1.1380906105041504 53 0 1.1120000000000001 1
 35 9 357 1.2 2 3 20 2400 -3.1415926535897931 1.1050689220428467 53 0 0.94499999999999995 0.69999999999999996
 36 9 105 0.40000000000000002 1 3 16 2400 -2.1415926535897931 0.99337458610534668 59 1 0.97199999999999998 0.79999999999999993
 37 9 166 0.40000000000000002 2 3 20 2400 -0.14159265358979312 0.97493338584899902 59 1 0.86799999999999999 0.89999999999999991
 38 9 93 0 2 4 20 2400 2.8584073464102069 2.2721278667449951 59 1 0.93700000000000006 0.89999999999999991
 39 9 257 0.80000000000000004 2 3 20 2200 1.8584073464102069 0.95570898056030273 53 0 1.0009999999999999 0.89999999999999991
 40 9 176 0.40000000000000002 2 4 16 2200 -0.14159265358979312 1.0629899501800537 59 1 0.93600000000000005 0.79999999999999993
 41 9 198 0.80000000000000004 1 3 16 2200 1.8584073464102069 1.2492733001708984 53 0 1.0980000000000001 0.69999999999999996
 42 9 370 1.2 2 4 16 2400 -2.1415926535897931 1.1853244304656982 53 0 0.88400000000000001 0.89999999999999991
 43 9 3 0 1 3 16 2000 -1.1415926535897931 0.98779892921447754 59 1 0.94499999999999995 1
 44 9 429 1.6000000000000001 1 4 20 2400 0.85840734641020688 1.0524039268493652 53 0 0.98099999999999998 0.89999999999999991
 45 9 394 1.6000000000000001 1 3 16 2400 -1.1415926535897931 2.5639069080352783 59 1 0.92000000000000004 0.89999999999999991
 46 9 574 3 2 4 20 2400 -1.1415926535897931 1.7348265647888184 53 0 1.1220000000000001 0.69999999999999996
 47 9 24 0 1 3 20 2400 2.8584073464102069 1.045828104019165 59 1 1.0800000000000001 0.79999999999999993
 48 9 376 1.2 2 4 20 2000 2.8584073464102069 2.0906651020050049 53 0 1.0880000000000001 0.89999999999999991


# name: resolution
# type: matrix
# rows: 1
# columns: 2
 1366 768


# name: hz
# type: scalar
60


# name: pc
# type: sq_string
# elements: 1
# length: 21
gregor-Latitude-E6320


# name: experiment
# type: sq_string
# elements: 1
# length: 4
RFPb


# name: isOctave
# type: bool
1




