# Created by Octave 5.2.0, Tue Mar 22 17:07:40 2022 CET <student@gregor-Latitude-E6320>
# name: RFP
# type: scalar struct
# ndims: 2
 1 1
# length: 10
# name: vp
# type: sq_string
# elements: 1
# length: 3
V04


# name: mapping
# type: scalar
2


# name: date
# type: sq_string
# elements: 1
# length: 15
20220322T170553


# name: block
# type: scalar
8


# name: outmat
# type: matrix
# rows: 48
# columns: 14
 1 8 416 1.6000000000000001 1 4 16 2200 -2.1415926535897931 1.1765847206115723 53 0 0.88400000000000001 0.89999999999999991
 2 8 33 0 1 4 16 2400 -1.1415926535897931 0.89066815376281738 59 1 0.995 0.69999999999999996
 3 8 543 3 2 3 20 2000 -3.1415926535897931 0.89854216575622559 53 0 1.159 1
 4 8 82 0 2 4 16 2400 -1.1415926535897931 1.2349116802215576 59 1 0.97799999999999998 0.89999999999999991
 5 8 51 0 2 3 16 2000 1.8584073464102069 0.81927704811096191 59 1 0.81899999999999995 1
 6 8 38 0 1 4 20 2000 -3.1415926535897931 1.0765745639801025 59 1 0.94299999999999995 0.69999999999999996
 7 8 344 1.2 2 3 16 2200 1.8584073464102069 1.1615216732025146 53 0 0.94799999999999995 0.89999999999999991
 8 8 285 0.80000000000000004 2 4 20 2400 -1.1415926535897931 1.3772602081298828 53 0 0.95099999999999996 0.69999999999999996
 9 8 79 0 2 4 16 2200 0.85840734641020688 1.0958056449890137 59 1 1.0800000000000001 0.69999999999999996
 10 8 346 1.2 2 3 16 2400 -3.1415926535897931 1.164808988571167 53 0 0.94399999999999995 0.89999999999999991
 11 8 141 0.40000000000000002 1 4 20 2400 -2.1415926535897931 1.0298757553100586 53 0 0.98499999999999999 0.79999999999999993
 12 8 253 0.80000000000000004 2 3 20 2000 -3.1415926535897931 0.9747004508972168 53 0 1.085 0.69999999999999996
 13 8 453 1.6000000000000001 2 3 20 2400 -0.14159265358979312 1.1202268600463867 53 0 1.095 0.79999999999999993
 14 8 546 3 2 3 20 2200 -3.1415926535897931 1.0557618141174316 53 0 0.81999999999999995 0.69999999999999996
 15 8 401 1.6000000000000001 1 3 20 2200 -1.1415926535897931 1.1538221836090088 53 0 0.94399999999999995 0.89999999999999991
 16 8 294 1.2 1 3 16 2200 -1.1415926535897931 1.0253674983978271 53 0 0.97899999999999998 0.69999999999999996
 17 8 450 1.6000000000000001 2 3 20 2200 2.8584073464102069 0.94657993316650391 53 0 1.149 1
 18 8 456 1.6000000000000001 2 3 20 2400 2.8584073464102069 1.2092020511627197 53 0 0.90800000000000003 0.69999999999999996
 19 8 96 0 2 4 20 2400 1.8584073464102069 0.98380374908447266 59 1 0.874 0.69999999999999996
 20 8 160 0.40000000000000002 2 3 20 2000 0.85840734641020688 0.98810124397277832 59 1 1.1459999999999999 0.69999999999999996
 21 8 74 0 2 4 16 2000 -3.1415926535897931 1.0970799922943115 59 1 1.052 0.69999999999999996
 22 8 318 1.2 1 4 16 2200 0.85840734641020688 0.85829877853393555 53 0 0.84699999999999998 0.89999999999999991
 23 8 178 0.40000000000000002 2 4 16 2400 0.85840734641020688 0.9187321662902832 59 1 0.998 0.69999999999999996
 24 8 374 1.2 2 4 20 2000 -3.1415926535897931 1.0636537075042725 53 0 0.81299999999999994 0.89999999999999991
 25 8 124 0.40000000000000002 1 4 16 2000 -3.1415926535897931 0.92096376419067383 59 1 1.0700000000000001 0.89999999999999991
 26 8 126 0.40000000000000002 1 4 16 2200 -3.1415926535897931 0.99970126152038574 53 0 1.1599999999999999 0.69999999999999996
 27 8 571 3 2 4 20 2200 0.85840734641020688 1.2862997055053711 53 0 1.0009999999999999 0.89999999999999991
 28 8 47 0 1 4 20 2400 -2.1415926535897931 0.84473085403442383 59 1 0.88400000000000001 0.69999999999999996
 29 8 229 0.80000000000000004 1 4 20 2000 2.8584073464102069 1.5743119716644287 53 0 0.84899999999999998 0.89999999999999991
 30 8 345 1.2 2 3 16 2400 1.8584073464102069 1.240178108215332 53 0 1.1930000000000001 1
 31 8 241 0.80000000000000004 2 3 16 2000 -1.1415926535897931 1.0799496173858643 53 0 1.04 0.89999999999999991
 32 8 42 0 1 4 20 2200 -2.1415926535897931 1.0355756282806396 59 1 0.98199999999999998 0.69999999999999996
 33 8 53 0 2 3 16 2200 0.85840734641020688 2.4055826663970947 59 1 1.139 1
 34 8 319 1.2 1 4 16 2200 0.85840734641020688 1.2310845851898193 53 0 0.86399999999999999 0.79999999999999993
 35 8 117 0.40000000000000002 1 3 20 2400 -3.1415926535897931 1.434603214263916 53 0 0.82799999999999996 1
 36 8 310 1.2 1 3 20 2400 -1.1415926535897931 1.2910244464874268 53 0 1.1040000000000001 0.89999999999999991
 37 8 29 0 1 4 16 2200 -3.1415926535897931 1.22517991065979 59 1 0.90100000000000002 1
 38 8 419 1.6000000000000001 1 4 16 2400 1.8584073464102069 1.2249295711517334 53 0 1.1830000000000001 1
 39 8 352 1.2 2 3 20 2000 -0.14159265358979312 1.4338178634643555 53 0 1.1930000000000001 0.89999999999999991
 40 8 26 0 1 4 16 2000 -3.1415926535897931 1.2052645683288574 59 1 1.056 0.79999999999999993
 41 8 170 0.40000000000000002 2 4 16 2000 -2.1415926535897931 1.1321756839752197 59 1 1.087 0.79999999999999993
 42 8 474 1.6000000000000001 2 4 20 2200 2.8584073464102069 1.0488545894622803 53 0 1.0409999999999999 0.79999999999999993
 43 8 466 1.6000000000000001 2 4 16 2400 -3.1415926535897931 2.2824795246124268 53 0 0.876 0.89999999999999991
 44 8 221 0.80000000000000004 1 4 16 2200 -2.1415926535897931 1.2805910110473633 53 0 1.135 0.79999999999999993
 45 8 217 0.80000000000000004 1 4 16 2000 1.8584073464102069 1.3791017532348633 53 0 0.95399999999999996 0.89999999999999991
 46 8 233 0.80000000000000004 1 4 20 2200 -2.1415926535897931 1.5409388542175293 53 0 0.99399999999999999 1
 47 8 301 1.2 1 3 20 2000 0.85840734641020688 1.5634357929229736 53 0 1.181 0.89999999999999991
 48 8 431 1.6000000000000001 1 4 20 2400 -1.1415926535897931 1.3696210384368896 53 0 0.91800000000000004 0.79999999999999993


# name: resolution
# type: matrix
# rows: 1
# columns: 2
 1366 768


# name: hz
# type: scalar
60


# name: pc
# type: sq_string
# elements: 1
# length: 21
gregor-Latitude-E6320


# name: experiment
# type: sq_string
# elements: 1
# length: 4
RFPb


# name: isOctave
# type: bool
1




