# Created by Octave 5.2.0, Tue Mar 22 17:03:44 2022 CET <student@gregor-Latitude-E6320>
# name: RFP
# type: scalar struct
# ndims: 2
 1 1
# length: 10
# name: vp
# type: sq_string
# elements: 1
# length: 3
V04


# name: mapping
# type: scalar
2


# name: date
# type: sq_string
# elements: 1
# length: 15
20220322T170140


# name: block
# type: scalar
6


# name: outmat
# type: matrix
# rows: 48
# columns: 14
 1 6 14 0 1 3 20 2000 -1.1415926535897931 2.4290716648101807 59 1 1 0.89999999999999991
 2 6 545 3 2 3 20 2200 0.85840734641020688 0.92712759971618652 53 0 1.079 1
 3 6 57 0 2 3 16 2400 1.8584073464102069 2.7907774448394775 59 1 0.91400000000000003 0.69999999999999996
 4 6 114 0.40000000000000002 1 3 20 2200 2.8584073464102069 0.84189200401306152 59 1 0.876 0.79999999999999993
 5 6 418 1.6000000000000001 1 4 16 2400 1.8584073464102069 2.648029088973999 53 0 0.86199999999999999 0.69999999999999996
 6 6 551 3 2 3 20 2400 0.85840734641020688 1.0328779220581055 53 0 1.0880000000000001 1
 7 6 354 1.2 2 3 20 2200 -2.1415926535897931 2.3487226963043213 53 0 0.82299999999999995 1
 8 6 529 3 2 3 16 2000 2.8584073464102069 1.0028986930847168 53 0 1.177 0.79999999999999993
 9 6 123 0.40000000000000002 1 4 16 2000 2.8584073464102069 0.91972565650939941 59 1 0.81699999999999995 1
 10 6 238 0.80000000000000004 1 4 20 2400 -1.1415926535897931 2.4986402988433838 59 1 1.143 0.89999999999999991
 11 6 465 1.6000000000000001 2 4 16 2400 0.85840734641020688 1.0205724239349365 53 0 1 0.79999999999999993
 12 6 62 0 2 3 20 2000 -2.1415926535897931 2.5872185230255127 59 1 0.96899999999999997 0.69999999999999996
 13 6 504 3 1 3 20 2400 0.85840734641020688 2.1848659515380859 53 0 0.94999999999999996 0.89999999999999991
 14 6 526 3 1 4 20 2400 0.85840734641020688 1.0632109642028809 53 0 0.94199999999999995 0.89999999999999991
 15 6 387 1.6000000000000001 1 3 16 2000 -1.1415926535897931 1.0531196594238281 53 0 1.077 0.89999999999999991
 16 6 553 3 2 4 16 2000 0.85840734641020688 1.8316199779510498 53 0 1.1819999999999999 0.89999999999999991
 17 6 576 3 2 4 20 2400 -1.1415926535897931 2.5897560119628906 53 0 1.0509999999999999 0.79999999999999993
 18 6 499 3 1 3 20 2200 -0.14159265358979312 0.93156790733337402 53 0 1.085 0.69999999999999996
 19 6 339 1.2 2 3 16 2000 0.85840734641020688 2.6589248180389404 53 0 0.92800000000000005 1
 20 6 204 0.80000000000000004 1 3 16 2400 -2.1415926535897931 1.0775794982910156 53 0 1.1379999999999999 0.79999999999999993
 21 6 119 0.40000000000000002 1 3 20 2400 -0.14159265358979312 0.88157081604003906 59 1 0.92300000000000004 1
 22 6 161 0.40000000000000002 2 3 20 2200 -0.14159265358979312 1.0811588764190674 59 1 1.155 1
 23 6 414 1.6000000000000001 1 4 16 2200 1.8584073464102069 2.4411201477050781 53 0 1.085 0.79999999999999993
 24 6 523 3 1 4 20 2200 2.8584073464102069 0.93944215774536133 53 0 1.04 1
 25 6 21 0 1 3 20 2400 -2.1415926535897931 2.318199634552002 59 1 1.0609999999999999 0.79999999999999993
 26 6 517 3 1 4 20 2000 -3.1415926535897931 0.8260498046875 53 0 0.96899999999999997 0.69999999999999996
 27 6 37 0 1 4 20 2000 -3.1415926535897931 2.3181440830230713 59 1 1.103 0.89999999999999991
 28 6 565 3 2 4 20 2000 -2.1415926535897931 0.86294460296630859 53 0 1.194 0.79999999999999993
 29 6 455 1.6000000000000001 2 3 20 2400 -3.1415926535897931 0.90311193466186523 53 0 1.139 0.79999999999999993
 30 6 568 3 2 4 20 2000 -1.1415926535897931 0.92307853698730469 53 0 0.91400000000000003 0.89999999999999991
 31 6 75 0 2 4 16 2000 -2.1415926535897931 0.85900282859802246 59 1 1.1950000000000001 0.89999999999999991
 32 6 134 0.40000000000000002 1 4 20 2000 1.8584073464102069 1.2491796016693115 59 1 1.0209999999999999 1
 33 6 262 0.80000000000000004 2 3 20 2400 -1.1415926535897931 1.032660961151123 59 1 0.95499999999999996 1
 34 6 177 0.40000000000000002 2 4 16 2400 -1.1415926535897931 1.0790548324584961 59 1 1.173 0.69999999999999996
 35 6 518 3 1 4 20 2000 -2.1415926535897931 2.4022290706634521 53 0 1.149 0.79999999999999993
 36 6 409 1.6000000000000001 1 4 16 2000 0.85840734641020688 2.7376768589019775 53 0 0.877 0.69999999999999996
 37 6 263 0.80000000000000004 2 3 20 2400 -1.1415926535897931 1.0824196338653564 53 0 1.127 0.89999999999999991
 38 6 222 0.80000000000000004 1 4 16 2200 0.85840734641020688 0.87578439712524414 59 1 1.0589999999999999 1
 39 6 140 0.40000000000000002 1 4 20 2200 -2.1415926535897931 2.425344705581665 59 1 0.93500000000000005 0.89999999999999991
 40 6 542 3 2 3 20 2000 2.8584073464102069 0.99975085258483887 53 0 1.081 1
 41 6 267 0.80000000000000004 2 4 16 2000 -3.1415926535897931 2.3094789981842041 53 0 1.0529999999999999 0.89999999999999991
 42 6 173 0.40000000000000002 2 4 16 2200 -1.1415926535897931 1.1451196670532227 59 1 1.034 0.89999999999999991
 43 6 225 0.80000000000000004 1 4 16 2400 0.85840734641020688 1.2025761604309082 59 1 1.0369999999999999 0.79999999999999993
 44 6 193 0.80000000000000004 1 3 16 2000 2.8584073464102069 1.0295956134796143 53 0 1.103 0.79999999999999993
 45 6 112 0.40000000000000002 1 3 20 2000 2.8584073464102069 0.86636614799499512 53 0 0.93600000000000005 0.69999999999999996
 46 6 342 1.2 2 3 16 2200 -1.1415926535897931 1.2465794086456299 53 0 0.88300000000000001 0.89999999999999991
 47 6 291 1.2 1 3 16 2000 0.85840734641020688 1.0335626602172852 53 0 0.95199999999999996 0.79999999999999993
 48 6 179 0.40000000000000002 2 4 16 2400 -2.1415926535897931 0.98043680191040039 53 0 1.1579999999999999 0.89999999999999991


# name: resolution
# type: matrix
# rows: 1
# columns: 2
 1366 768


# name: hz
# type: scalar
60


# name: pc
# type: sq_string
# elements: 1
# length: 21
gregor-Latitude-E6320


# name: experiment
# type: sq_string
# elements: 1
# length: 4
RFPb


# name: isOctave
# type: bool
1




