# Created by Octave 5.2.0, Tue Mar 22 17:11:31 2022 CET <student@gregor-Latitude-E6320>
# name: RFP
# type: scalar struct
# ndims: 2
 1 1
# length: 10
# name: vp
# type: sq_string
# elements: 1
# length: 3
V04


# name: mapping
# type: scalar
2


# name: date
# type: sq_string
# elements: 1
# length: 15
20220322T170936


# name: block
# type: scalar
10


# name: outmat
# type: matrix
# rows: 48
# columns: 14
 1 10 273 0.80000000000000004 2 4 16 2400 1.8584073464102069 1.0235917568206787 53 0 1.0389999999999999 0.89999999999999991
 2 10 264 0.80000000000000004 2 3 20 2400 -3.1415926535897931 2.2741408348083496 53 0 1.1080000000000001 0.79999999999999993
 3 10 338 1.2 2 3 16 2000 -3.1415926535897931 1.4854457378387451 53 0 0.96899999999999997 1
 4 10 534 3 2 3 16 2200 2.8584073464102069 1.0741074085235596 53 0 0.86099999999999999 0.69999999999999996
 5 10 384 1.2 2 4 20 2400 1.8584073464102069 1.0001285076141357 53 0 0.96099999999999997 0.89999999999999991
 6 10 495 3 1 3 20 2000 2.8584073464102069 1.0122272968292236 53 0 0.97199999999999998 0.69999999999999996
 7 10 269 0.80000000000000004 2 4 16 2200 -3.1415926535897931 1.0466794967651367 53 0 0.93300000000000005 0.79999999999999993
 8 10 245 0.80000000000000004 2 3 16 2200 -1.1415926535897931 0.9626762866973877 53 0 0.91200000000000003 0.89999999999999991
 9 10 133 0.40000000000000002 1 4 20 2000 -2.1415926535897931 0.81978201866149902 53 0 0.93799999999999994 0.79999999999999993
 10 10 444 1.6000000000000001 2 3 16 2400 -0.14159265358979312 1.1306214332580566 53 0 1.016 0.79999999999999993
 11 10 380 1.2 2 4 20 2200 -1.1415926535897931 0.82069683074951172 53 0 0.97099999999999997 0.79999999999999993
 12 10 122 0.40000000000000002 1 4 16 2000 1.8584073464102069 1.3562965393066406 59 1 1.1910000000000001 0.89999999999999991
 13 10 31 0 1 4 16 2200 -0.14159265358979312 1.4498398303985596 59 1 0.96799999999999997 0.89999999999999991
 14 10 326 1.2 1 4 20 2000 -0.14159265358979312 0.88386702537536621 53 0 0.88100000000000001 0.89999999999999991
 15 10 389 1.6000000000000001 1 3 16 2200 2.8584073464102069 1.3439531326293945 53 0 1.1819999999999999 0.69999999999999996
 16 10 563 3 2 4 16 2400 2.8584073464102069 1.0777349472045898 53 0 0.90900000000000003 0.69999999999999996
 17 10 207 0.80000000000000004 1 3 20 2000 2.8584073464102069 0.84555411338806152 53 0 1.1759999999999999 0.69999999999999996
 18 10 331 1.2 1 4 20 2200 -3.1415926535897931 0.92685818672180176 53 0 1.1339999999999999 0.79999999999999993
 19 10 158 0.40000000000000002 2 3 20 2000 -0.14159265358979312 1.1795239448547363 53 0 1.0509999999999999 0.89999999999999991
 20 10 322 1.2 1 4 16 2400 1.8584073464102069 1.2207005023956299 53 0 0.85399999999999998 1
 21 10 167 0.40000000000000002 2 3 20 2400 -2.1415926535897931 1.5931084156036377 53 0 1.1000000000000001 0.69999999999999996
 22 10 5 0 1 3 16 2200 1.8584073464102069 1.7664010524749756 53 0 1.05 0.69999999999999996
 23 10 513 3 1 4 16 2400 -2.1415926535897931 0.97952389717102051 53 0 1.1220000000000001 0.79999999999999993
 24 10 541 3 2 3 20 2000 1.8584073464102069 0.89891266822814941 53 0 0.93100000000000005 0.89999999999999991
 25 10 302 1.2 1 3 20 2000 -1.1415926535897931 0.98527884483337402 53 0 0.85399999999999998 0.89999999999999991
 26 10 71 0 2 3 20 2400 -2.1415926535897931 1.1714186668395996 59 1 0.875 0.89999999999999991
 27 10 118 0.40000000000000002 1 3 20 2400 0.85840734641020688 2.8765878677368164 59 1 0.96899999999999997 0.79999999999999993
 28 10 56 0 2 3 16 2200 1.8584073464102069 0.9385979175567627 59 1 1.1499999999999999 0.79999999999999993
 29 10 341 1.2 2 3 16 2200 -3.1415926535897931 0.84478974342346191 53 0 1.0389999999999999 1
 30 10 396 1.6000000000000001 1 3 16 2400 -0.14159265358979312 1.159064769744873 53 0 0.91700000000000004 1
 31 10 137 0.40000000000000002 1 4 20 2200 -3.1415926535897931 1.2737801074981689 59 1 0.98499999999999999 0.79999999999999993
 32 10 436 1.6000000000000001 2 3 16 2000 -3.1415926535897931 2.7429101467132568 53 0 1.121 1
 33 10 459 1.6000000000000001 2 4 16 2000 1.8584073464102069 1.3039960861206055 53 0 1.119 0.69999999999999996
 34 10 492 3 1 3 16 2400 -1.1415926535897931 1.5221617221832275 53 0 0.90800000000000003 0.69999999999999996
 35 10 538 3 2 3 16 2400 0.85840734641020688 0.90038228034973145 53 0 1.0109999999999999 0.89999999999999991
 36 10 2 0 1 3 16 2000 -2.1415926535897931 0.95334959030151367 59 1 1.0129999999999999 1
 37 10 202 0.80000000000000004 1 3 16 2400 2.8584073464102069 1.0652921199798584 53 0 0.80300000000000005 0.89999999999999991
 38 10 214 0.80000000000000004 1 3 20 2400 2.8584073464102069 1.039118766784668 53 0 1.073 0.79999999999999993
 39 10 235 0.80000000000000004 1 4 20 2200 2.8584073464102069 0.9120323657989502 53 0 1.04 0.69999999999999996
 40 10 128 0.40000000000000002 1 4 16 2200 0.85840734641020688 3.0539751052856445 59 1 0.86399999999999999 0.89999999999999991
 41 10 328 1.2 1 4 20 2000 -2.1415926535897931 0.98989605903625488 53 0 0.80300000000000005 0.79999999999999993
 42 10 552 3 2 3 20 2400 1.8584073464102069 1.1986985206604004 53 0 0.96699999999999997 0.89999999999999991
 43 10 265 0.80000000000000004 2 4 16 2000 -2.1415926535897931 3.1937966346740723 59 1 0.88700000000000001 1
 44 10 275 0.80000000000000004 2 4 16 2400 -3.1415926535897931 1.6774849891662598 53 0 1.0820000000000001 0.89999999999999991
 45 10 116 0.40000000000000002 1 3 20 2200 -3.1415926535897931 1.0497426986694336 53 0 1.167 0.69999999999999996
 46 10 388 1.6000000000000001 1 3 16 2000 -0.14159265358979312 1.3879716396331787 53 0 1.196 0.69999999999999996
 47 10 251 0.80000000000000004 2 3 16 2400 1.8584073464102069 2.3215658664703369 53 0 0.86199999999999999 0.79999999999999993
 48 10 68 0 2 3 20 2200 2.8584073464102069 1.8229074478149414 53 0 1.139 0.89999999999999991


# name: resolution
# type: matrix
# rows: 1
# columns: 2
 1366 768


# name: hz
# type: scalar
60


# name: pc
# type: sq_string
# elements: 1
# length: 21
gregor-Latitude-E6320


# name: experiment
# type: sq_string
# elements: 1
# length: 4
RFPb


# name: isOctave
# type: bool
1




