# Created by Octave 5.2.0, Fri Mar 25 17:25:39 2022 CET <student@gregor-Latitude-E6320>
# name: RFP
# type: scalar struct
# ndims: 2
 1 1
# length: 10
# name: vp
# type: sq_string
# elements: 1
# length: 3
V05


# name: mapping
# type: scalar
2


# name: date
# type: sq_string
# elements: 1
# length: 15
20220325T172330


# name: block
# type: scalar
9


# name: outmat
# type: matrix
# rows: 48
# columns: 14
 1 9 280 0.80000000000000004 2 4 20 2000 -2.1415926535897931 1.0465264320373535 53 0 1.149 0.79999999999999993
 2 9 361 1.2 2 4 16 2000 -3.1415926535897931 1.0031301975250244 53 0 0.84999999999999998 0.69999999999999996
 3 9 386 1.6000000000000001 1 3 16 2000 -2.1415926535897931 0.96358466148376465 53 0 1.0049999999999999 0.79999999999999993
 4 9 222 0.80000000000000004 1 4 16 2200 -3.1415926535897931 1.2537412643432617 53 0 0.91300000000000003 0.69999999999999996
 5 9 57 0 2 3 16 2400 -3.1415926535897931 4.1603786945343018 59 1 0.90800000000000003 0.79999999999999993
 6 9 364 1.2 2 4 16 2000 2.8584073464102069 0.95726346969604492 53 0 0.98899999999999999 1
 7 9 261 0.80000000000000004 2 3 20 2400 -3.1415926535897931 0.87698268890380859 53 0 1.008 0.69999999999999996
 8 9 467 1.6000000000000001 2 4 16 2400 2.8584073464102069 1.1411209106445312 53 0 1.1870000000000001 0.69999999999999996
 9 9 6 0 1 3 16 2200 -2.1415926535897931 2.4735753536224365 59 1 0.92700000000000005 0.89999999999999991
 10 9 71 0 2 3 20 2400 2.8584073464102069 0.85604429244995117 59 1 0.94099999999999995 0.69999999999999996
 11 9 455 1.6000000000000001 2 3 20 2400 0.85840734641020688 1.0946776866912842 53 0 0.92900000000000005 0.79999999999999993
 12 9 383 1.2 2 4 20 2400 -1.1415926535897931 1.0009598731994629 53 0 1.1830000000000001 0.89999999999999991
 13 9 322 1.2 1 4 16 2400 -3.1415926535897931 2.6922214031219482 53 0 1.1950000000000001 0.79999999999999993
 14 9 409 1.6000000000000001 1 4 16 2000 2.8584073464102069 0.96765422821044922 53 0 0.93600000000000005 0.69999999999999996
 15 9 193 0.80000000000000004 1 3 16 2000 -1.1415926535897931 3.2587122917175293 53 0 1.0009999999999999 1
 16 9 292 1.2 1 3 16 2000 -1.1415926535897931 1.1427357196807861 53 0 0.81699999999999995 1
 17 9 326 1.2 1 4 20 2000 -2.1415926535897931 1.0066654682159424 53 0 0.96999999999999997 1
 18 9 423 1.6000000000000001 1 4 20 2000 -1.1415926535897931 2.2625982761383057 53 0 0.94999999999999996 1
 19 9 260 0.80000000000000004 2 3 20 2200 2.8584073464102069 1.026839017868042 53 0 1.1890000000000001 0.79999999999999993
 20 9 441 1.6000000000000001 2 3 16 2400 0.85840734641020688 1.662992000579834 53 0 0.80700000000000005 0.69999999999999996
 21 9 164 0.40000000000000002 2 3 20 2200 -3.1415926535897931 1.0475692749023438 59 1 0.96799999999999997 0.79999999999999993
 22 9 131 0.40000000000000002 1 4 16 2400 0.85840734641020688 2.7962310314178467 59 1 1.1579999999999999 0.79999999999999993
 23 9 133 0.40000000000000002 1 4 20 2000 0.85840734641020688 2.1378204822540283 59 1 0.95799999999999996 0.69999999999999996
 24 9 575 3 2 4 20 2400 -2.1415926535897931 2.3379580974578857 53 0 1.0469999999999999 0.89999999999999991
 25 9 473 1.6000000000000001 2 4 20 2200 -3.1415926535897931 1.1740109920501709 53 0 1 0.89999999999999991
 26 9 492 3 1 3 16 2400 2.8584073464102069 3.2722885608673096 53 0 0.86599999999999999 0.69999999999999996
 27 9 185 0.40000000000000002 2 4 20 2200 0.85840734641020688 2.4041128158569336 59 1 1.0229999999999999 0.69999999999999996
 28 9 533 3 2 3 16 2200 0.85840734641020688 1.6466741561889648 53 0 0.81499999999999995 0.79999999999999993
 29 9 317 1.2 1 4 16 2200 -0.14159265358979312 1.3302099704742432 59 1 1.1679999999999999 1
 30 9 342 1.2 2 3 16 2200 0.85840734641020688 1.4444859027862549 53 0 0.81599999999999995 0.89999999999999991
 31 9 52 0 2 3 16 2000 0.85840734641020688 2.695838451385498 59 1 1.024 0.69999999999999996
 32 9 507 3 1 4 16 2000 2.8584073464102069 1.1495540142059326 53 0 1.0349999999999999 0.89999999999999991
 33 9 116 0.40000000000000002 1 3 20 2200 -1.1415926535897931 2.8217775821685791 59 1 1.1639999999999999 0.69999999999999996
 34 9 265 0.80000000000000004 2 4 16 2000 1.8584073464102069 1.0998141765594482 53 0 0.88 0.79999999999999993
 35 9 438 1.6000000000000001 2 3 16 2200 2.8584073464102069 1.1960000991821289 53 0 1.1120000000000001 0.89999999999999991
 36 9 11 0 1 3 16 2400 -3.1415926535897931 1.8410248756408691 59 1 0.84499999999999997 1
 37 9 190 0.40000000000000002 2 4 20 2400 -3.1415926535897931 1.3370306491851807 53 0 1.0169999999999999 0.79999999999999993
 38 9 241 0.80000000000000004 2 3 16 2000 -3.1415926535897931 1.0771710872650146 53 0 0.90300000000000002 0.69999999999999996
 39 9 313 1.2 1 4 16 2000 -3.1415926535897931 1.48105788230896 53 0 1.129 1
 40 9 138 0.40000000000000002 1 4 20 2200 0.85840734641020688 0.85563206672668457 59 1 0.92700000000000005 1
 41 9 481 3 1 3 16 2000 -2.1415926535897931 0.99298429489135742 53 0 0.81499999999999995 0.89999999999999991
 42 9 457 1.6000000000000001 2 4 16 2000 1.8584073464102069 2.635249137878418 53 0 1.167 0.69999999999999996
 43 9 430 1.6000000000000001 1 4 20 2400 -3.1415926535897931 1.056232213973999 53 0 0.89000000000000001 0.79999999999999993
 44 9 228 0.80000000000000004 1 4 16 2400 -2.1415926535897931 2.9232573509216309 59 1 1.1639999999999999 0.69999999999999996
 45 9 214 0.80000000000000004 1 3 20 2400 -1.1415926535897931 1.1108512878417969 53 0 0.995 0.79999999999999993
 46 9 362 1.2 2 4 16 2000 -0.14159265358979312 1.1210753917694092 53 0 0.91600000000000004 0.69999999999999996
 47 9 38 0 1 4 20 2000 -2.1415926535897931 0.85341167449951172 59 1 0.84299999999999997 0.79999999999999993
 48 9 55 0 2 3 16 2200 1.8584073464102069 2.3923611640930176 59 1 1.042 0.89999999999999991


# name: resolution
# type: matrix
# rows: 1
# columns: 2
 1366 768


# name: hz
# type: scalar
60


# name: pc
# type: sq_string
# elements: 1
# length: 21
gregor-Latitude-E6320


# name: experiment
# type: sq_string
# elements: 1
# length: 4
RFPb


# name: isOctave
# type: bool
1




