# Created by Octave 5.2.0, Fri Mar 25 17:14:55 2022 CET <student@gregor-Latitude-E6320>
# name: RFP
# type: scalar struct
# ndims: 2
 1 1
# length: 10
# name: vp
# type: sq_string
# elements: 1
# length: 3
V05


# name: mapping
# type: scalar
2


# name: date
# type: sq_string
# elements: 1
# length: 15
20220325T171253


# name: block
# type: scalar
4


# name: outmat
# type: matrix
# rows: 48
# columns: 14
 1 4 115 0.40000000000000002 1 3 20 2200 1.8584073464102069 1.2865321636199951 59 1 1.024 0.69999999999999996
 2 4 53 0 2 3 16 2200 0.85840734641020688 1.1249113082885742 59 1 1.0589999999999999 1
 3 4 376 1.2 2 4 20 2000 -0.14159265358979312 1.0765383243560791 53 0 0.97299999999999998 0.79999999999999993
 4 4 208 0.80000000000000004 1 3 20 2000 -3.1415926535897931 1.3609426021575928 53 0 0.88400000000000001 0.69999999999999996
 5 4 495 3 1 3 20 2000 -1.1415926535897931 0.96594715118408203 53 0 1.1359999999999999 0.79999999999999993
 6 4 550 3 2 3 20 2400 1.8584073464102069 0.83072185516357422 53 0 0.91600000000000004 1
 7 4 112 0.40000000000000002 1 3 20 2000 -1.1415926535897931 3.4539361000061035 59 1 0.98299999999999998 0.69999999999999996
 8 4 384 1.2 2 4 20 2400 -3.1415926535897931 1.3517014980316162 53 0 0.93899999999999995 0.79999999999999993
 9 4 212 0.80000000000000004 1 3 20 2200 0.85840734641020688 1.5573630332946777 53 0 1.1419999999999999 0.69999999999999996
 10 4 23 0 1 3 20 2400 -3.1415926535897931 0.89328670501708984 59 1 0.80600000000000005 0.89999999999999991
 11 4 7 0 1 3 16 2200 -0.14159265358979312 2.7774922847747803 59 1 1.014 0.89999999999999991
 12 4 489 3 1 3 16 2400 -0.14159265358979312 2.25437331199646 53 0 0.86399999999999999 0.89999999999999991
 13 4 553 3 2 4 16 2000 1.8584073464102069 1.1042490005493164 53 0 1.105 0.69999999999999996
 14 4 414 1.6000000000000001 1 4 16 2200 -3.1415926535897931 1.082953929901123 53 0 1.1080000000000001 0.79999999999999993
 15 4 69 0 2 3 20 2400 -1.1415926535897931 1.0185141563415527 59 1 1.1319999999999999 0.69999999999999996
 16 4 46 0 1 4 20 2400 2.8584073464102069 3.0239377021789551 59 1 1.1859999999999999 1
 17 4 303 1.2 1 3 20 2000 2.8584073464102069 0.8953549861907959 53 0 1.1459999999999999 0.79999999999999993
 18 4 531 3 2 3 16 2000 1.8584073464102069 1.0010449886322021 53 0 1.0489999999999999 0.89999999999999991
 19 4 26 0 1 4 16 2000 -1.1415926535897931 2.6569664478302002 59 1 1.006 1
 20 4 142 0.40000000000000002 1 4 20 2400 -2.1415926535897931 1.087512731552124 59 1 0.873 0.79999999999999993
 21 4 266 0.80000000000000004 2 4 16 2000 -2.1415926535897931 1.4964559078216553 53 0 1.1220000000000001 0.69999999999999996
 22 4 323 1.2 1 4 16 2400 1.8584073464102069 1.1561915874481201 59 1 0.89900000000000002 1
 23 4 283 0.80000000000000004 2 4 20 2200 1.8584073464102069 1.2621164321899414 59 1 0.98299999999999998 0.79999999999999993
 24 4 425 1.6000000000000001 1 4 20 2200 1.8584073464102069 0.95842695236206055 53 0 1.02 1
 25 4 50 0 2 3 16 2000 2.8584073464102069 1.201000452041626 59 1 0.81599999999999995 0.89999999999999991
 26 4 508 3 1 4 16 2000 -0.14159265358979312 1.2201833724975586 53 0 0.81599999999999995 1
 27 4 135 0.40000000000000002 1 4 20 2000 -2.1415926535897931 1.3030619621276855 59 1 1.083 0.89999999999999991
 28 4 398 1.6000000000000001 1 3 20 2000 -0.14159265358979312 4.076801061630249 53 0 1.2 0.69999999999999996
 29 4 339 1.2 2 3 16 2000 -3.1415926535897931 1.0835847854614258 59 1 0.98999999999999999 0.89999999999999991
 30 4 160 0.40000000000000002 2 3 20 2000 -3.1415926535897931 1.1469483375549316 59 1 1.1040000000000001 0.79999999999999993
 31 4 541 3 2 3 20 2000 1.8584073464102069 1.123943567276001 53 0 1.159 1
 32 4 102 0.40000000000000002 1 3 16 2200 0.85840734641020688 1.3376619815826416 59 1 0.97999999999999998 1
 33 4 93 0 2 4 20 2400 -3.1415926535897931 2.4690022468566895 59 1 0.88800000000000001 0.89999999999999991
 34 4 374 1.2 2 4 20 2000 2.8584073464102069 1.0507888793945312 53 0 1.1180000000000001 0.89999999999999991
 35 4 490 3 1 3 16 2400 2.8584073464102069 1.1612312793731689 53 0 0.89000000000000001 0.79999999999999993
 36 4 22 0 1 3 20 2400 -3.1415926535897931 1.3980951309204102 59 1 0.97099999999999997 1
 37 4 335 1.2 1 4 20 2400 0.85840734641020688 1.1689004898071289 53 0 1.0289999999999999 0.79999999999999993
 38 4 540 3 2 3 16 2400 2.8584073464102069 1.8663456439971924 53 0 0.92000000000000004 1
 39 4 281 0.80000000000000004 2 4 20 2200 -3.1415926535897931 1.1607263088226318 53 0 1.1060000000000001 0.69999999999999996
 40 4 557 3 2 4 16 2200 -0.14159265358979312 1.3315825462341309 53 0 0.96399999999999997 0.69999999999999996
 41 4 284 0.80000000000000004 2 4 20 2200 1.8584073464102069 0.86882448196411133 53 0 0.84699999999999998 0.89999999999999991
 42 4 239 0.80000000000000004 1 4 20 2400 -2.1415926535897931 0.84864926338195801 53 0 1.135 0.89999999999999991
 43 4 381 1.2 2 4 20 2400 2.8584073464102069 0.98254036903381348 53 0 1.169 0.89999999999999991
 44 4 88 0 2 4 20 2000 -3.1415926535897931 3.1120834350585938 59 1 1.0329999999999999 1
 45 4 183 0.40000000000000002 2 4 20 2000 -3.1415926535897931 1.2822270393371582 59 1 1.171 0.89999999999999991
 46 4 209 0.80000000000000004 1 3 20 2200 -1.1415926535897931 0.83135652542114258 59 1 1.1419999999999999 0.89999999999999991
 47 4 248 0.80000000000000004 2 3 16 2200 -1.1415926535897931 1.9451127052307129 59 1 0.86199999999999999 0.89999999999999991
 48 4 443 1.6000000000000001 2 3 16 2400 -3.1415926535897931 1.7274167537689209 53 0 1.165 0.69999999999999996


# name: resolution
# type: matrix
# rows: 1
# columns: 2
 1366 768


# name: hz
# type: scalar
60


# name: pc
# type: sq_string
# elements: 1
# length: 21
gregor-Latitude-E6320


# name: experiment
# type: sq_string
# elements: 1
# length: 4
RFPb


# name: isOctave
# type: bool
1




