# Created by Octave 5.2.0, Fri Mar 25 17:12:33 2022 CET <student@gregor-Latitude-E6320>
# name: RFP
# type: scalar struct
# ndims: 2
 1 1
# length: 10
# name: vp
# type: sq_string
# elements: 1
# length: 3
V05


# name: mapping
# type: scalar
2


# name: date
# type: sq_string
# elements: 1
# length: 15
20220325T171040


# name: block
# type: scalar
3


# name: outmat
# type: matrix
# rows: 48
# columns: 14
 1 3 259 0.80000000000000004 2 3 20 2200 -3.1415926535897931 1.0895411968231201 59 1 1.0409999999999999 0.69999999999999996
 2 3 173 0.40000000000000002 2 4 16 2200 1.8584073464102069 2.8634583950042725 59 1 0.99399999999999999 0.79999999999999993
 3 3 480 1.6000000000000001 2 4 20 2400 1.8584073464102069 1.1897733211517334 53 0 1.018 1
 4 3 232 0.80000000000000004 1 4 20 2000 0.85840734641020688 0.97575521469116211 59 1 1.177 0.79999999999999993
 5 3 42 0 1 4 20 2200 2.8584073464102069 0.95619606971740723 59 1 1.167 0.79999999999999993
 6 3 110 0.40000000000000002 1 3 20 2000 -2.1415926535897931 0.9557654857635498 59 1 1.089 0.89999999999999991
 7 3 47 0 1 4 20 2400 2.8584073464102069 0.93566489219665527 59 1 1.0960000000000001 0.79999999999999993
 8 3 387 1.6000000000000001 1 3 16 2000 -1.1415926535897931 1.7725543975830078 59 1 0.81799999999999995 1
 9 3 547 3 2 3 20 2200 0.85840734641020688 1.0653960704803467 53 0 1.0029999999999999 0.89999999999999991
 10 3 31 0 1 4 16 2200 -3.1415926535897931 0.8709721565246582 59 1 1.1950000000000001 0.89999999999999991
 11 3 199 0.80000000000000004 1 3 16 2200 -0.14159265358979312 0.85640048980712891 59 1 0.83099999999999996 0.89999999999999991
 12 3 333 1.2 1 4 20 2400 -1.1415926535897931 3.0614287853240967 53 0 0.86499999999999999 0.69999999999999996
 13 3 291 1.2 1 3 16 2000 0.85840734641020688 1.2224678993225098 59 1 1.014 0.69999999999999996
 14 3 378 1.2 2 4 20 2200 -3.1415926535897931 1.0218310356140137 59 1 1.002 1
 15 3 44 0 1 4 20 2200 2.8584073464102069 3.5065672397613525 59 1 0.99199999999999999 0.79999999999999993
 16 3 516 3 1 4 16 2400 1.8584073464102069 0.98201227188110352 53 0 1.0509999999999999 0.79999999999999993
 17 3 503 3 1 3 20 2400 -1.1415926535897931 0.96129775047302246 53 0 0.84999999999999998 0.89999999999999991
 18 3 201 0.80000000000000004 1 3 16 2400 -3.1415926535897931 1.0172226428985596 59 1 0.876 0.79999999999999993
 19 3 405 1.6000000000000001 1 3 20 2400 -0.14159265358979312 1.0398638248443604 53 0 0.98199999999999998 0.89999999999999991
 20 3 470 1.6000000000000001 2 4 20 2000 0.85840734641020688 1.4651691913604736 53 0 1.1479999999999999 0.79999999999999993
 21 3 449 1.6000000000000001 2 3 20 2200 -3.1415926535897931 0.94168972969055176 53 0 0.85499999999999998 0.79999999999999993
 22 3 486 3 1 3 16 2200 -1.1415926535897931 0.82452726364135742 53 0 0.81899999999999995 0.69999999999999996
 23 3 64 0 2 3 20 2000 -0.14159265358979312 2.2753024101257324 59 1 0.86399999999999999 1
 24 3 299 1.2 1 3 16 2400 -0.14159265358979312 1.0097601413726807 53 0 0.96999999999999997 0.69999999999999996
 25 3 257 0.80000000000000004 2 3 20 2200 1.8584073464102069 2.2976150512695312 53 0 1.147 1
 26 3 445 1.6000000000000001 2 3 20 2000 0.85840734641020688 1.0022821426391602 53 0 0.83999999999999997 1
 27 3 76 0 2 4 16 2000 0.85840734641020688 0.85548830032348633 59 1 1.121 0.89999999999999991
 28 3 338 1.2 2 3 16 2000 -1.1415926535897931 1.0050272941589355 59 1 0.81699999999999995 1
 29 3 3 0 1 3 16 2000 -3.1415926535897931 2.3194925785064697 59 1 0.91900000000000004 0.89999999999999991
 30 3 416 1.6000000000000001 1 4 16 2200 -2.1415926535897931 1.5535621643066406 59 1 1.1160000000000001 0.89999999999999991
 31 3 410 1.6000000000000001 1 4 16 2000 -0.14159265358979312 0.94088411331176758 59 1 0.82499999999999996 1
 32 3 426 1.6000000000000001 1 4 20 2200 1.8584073464102069 1.0073583126068115 59 1 1.0169999999999999 0.89999999999999991
 33 3 34 0 1 4 16 2400 -2.1415926535897931 0.87746191024780273 59 1 1.1850000000000001 0.79999999999999993
 34 3 171 0.40000000000000002 2 4 16 2000 1.8584073464102069 2.592177152633667 59 1 1.05 0.79999999999999993
 35 3 78 0 2 4 16 2200 -1.1415926535897931 1.0572526454925537 59 1 1.073 0.89999999999999991
 36 3 25 0 1 4 16 2000 -3.1415926535897931 0.92766547203063965 59 1 1.073 0.79999999999999993
 37 3 324 1.2 1 4 16 2400 -2.1415926535897931 0.84135961532592773 59 1 1.0880000000000001 1
 38 3 458 1.6000000000000001 2 4 16 2000 -3.1415926535897931 1.3040852546691895 53 0 0.80400000000000005 1
 39 3 287 0.80000000000000004 2 4 20 2400 0.85840734641020688 0.98861432075500488 59 1 1.0880000000000001 0.79999999999999993
 40 3 520 3 1 4 20 2000 0.85840734641020688 1.0089471340179443 53 0 1.1559999999999999 0.69999999999999996
 41 3 334 1.2 1 4 20 2400 1.8584073464102069 0.84632658958435059 53 0 1.1479999999999999 0.89999999999999991
 42 3 354 1.2 2 3 20 2200 -2.1415926535897931 0.90107202529907227 53 0 1.0840000000000001 0.69999999999999996
 43 3 570 3 2 4 20 2200 2.8584073464102069 0.95006513595581055 53 0 1.1259999999999999 0.79999999999999993
 44 3 371 1.2 2 4 16 2400 -0.14159265358979312 1.0015022754669189 53 0 1.012 0.79999999999999993
 45 3 478 1.6000000000000001 2 4 20 2400 -3.1415926535897931 0.86896777153015137 53 0 1.1419999999999999 0.79999999999999993
 46 3 8 0 1 3 16 2200 -3.1415926535897931 1.0363097190856934 59 1 0.93700000000000006 0.79999999999999993
 47 3 442 1.6000000000000001 2 3 16 2400 0.85840734641020688 2.2449691295623779 53 0 1.1419999999999999 0.69999999999999996
 48 3 277 0.80000000000000004 2 4 20 2000 0.85840734641020688 1.0387623310089111 53 0 0.88500000000000001 0.69999999999999996


# name: resolution
# type: matrix
# rows: 1
# columns: 2
 1366 768


# name: hz
# type: scalar
60


# name: pc
# type: sq_string
# elements: 1
# length: 21
gregor-Latitude-E6320


# name: experiment
# type: sq_string
# elements: 1
# length: 4
RFPb


# name: isOctave
# type: bool
1




