# Created by Octave 5.2.0, Fri Mar 25 17:19:23 2022 CET <student@gregor-Latitude-E6320>
# name: RFP
# type: scalar struct
# ndims: 2
 1 1
# length: 10
# name: vp
# type: sq_string
# elements: 1
# length: 3
V05


# name: mapping
# type: scalar
2


# name: date
# type: sq_string
# elements: 1
# length: 15
20220325T171727


# name: block
# type: scalar
6


# name: outmat
# type: matrix
# rows: 48
# columns: 14
 1 6 155 0.40000000000000002 2 3 16 2400 2.8584073464102069 0.85036277770996094 59 1 1.0740000000000001 0.79999999999999993
 2 6 254 0.80000000000000004 2 3 20 2000 -3.1415926535897931 0.98684954643249512 53 0 1.0720000000000001 0.69999999999999996
 3 6 68 0 2 3 20 2200 -0.14159265358979312 2.4331052303314209 59 1 0.83499999999999996 0.89999999999999991
 4 6 429 1.6000000000000001 1 4 20 2400 0.85840734641020688 1.9896690845489502 53 0 1.1220000000000001 0.69999999999999996
 5 6 67 0 2 3 20 2200 2.8584073464102069 2.3174986839294434 59 1 1.038 0.89999999999999991
 6 6 305 1.2 1 3 20 2200 -2.1415926535897931 1.5639207363128662 53 0 0.84299999999999997 0.89999999999999991
 7 6 336 1.2 1 4 20 2400 2.8584073464102069 1.7192156314849854 53 0 0.83999999999999997 0.69999999999999996
 8 6 545 3 2 3 20 2200 -1.1415926535897931 1.3338489532470703 53 0 0.92300000000000004 0.69999999999999996
 9 6 282 0.80000000000000004 2 4 20 2200 -2.1415926535897931 2.3904199600219727 53 0 0.90700000000000003 0.69999999999999996
 10 6 211 0.80000000000000004 1 3 20 2200 -0.14159265358979312 1.0748991966247559 53 0 0.82899999999999996 0.79999999999999993
 11 6 379 1.2 2 4 20 2200 -0.14159265358979312 1.5940983295440674 53 0 1.1919999999999999 0.89999999999999991
 12 6 181 0.40000000000000002 2 4 20 2000 -0.14159265358979312 0.84075236320495605 59 1 1.0129999999999999 0.69999999999999996
 13 6 509 3 1 4 16 2200 0.85840734641020688 1.4718842506408691 53 0 1.0549999999999999 0.79999999999999993
 14 6 169 0.40000000000000002 2 4 16 2000 -3.1415926535897931 2.4432182312011719 59 1 0.92800000000000005 1
 15 6 143 0.40000000000000002 1 4 20 2400 0.85840734641020688 1.3997681140899658 53 0 1.0740000000000001 0.89999999999999991
 16 6 194 0.80000000000000004 1 3 16 2000 -1.1415926535897931 1.4184200763702393 59 1 1.0740000000000001 0.89999999999999991
 17 6 400 1.6000000000000001 1 3 20 2000 0.85840734641020688 1.049724817276001 53 0 1.0349999999999999 0.79999999999999993
 18 6 179 0.40000000000000002 2 4 16 2400 -0.14159265358979312 0.91677570343017578 59 1 1.1699999999999999 0.79999999999999993
 19 6 401 1.6000000000000001 1 3 20 2200 -2.1415926535897931 1.2247879505157471 53 0 1.1459999999999999 1
 20 6 517 3 1 4 20 2000 -0.14159265358979312 1.5504858493804932 53 0 0.80100000000000005 1
 21 6 140 0.40000000000000002 1 4 20 2200 2.8584073464102069 0.90068912506103516 59 1 1.1140000000000001 0.89999999999999991
 22 6 27 0 1 4 16 2000 -2.1415926535897931 2.2275071144104004 59 1 0.81899999999999995 1
 23 6 63 0 2 3 20 2000 1.8584073464102069 0.91850757598876953 59 1 0.97799999999999998 0.79999999999999993
 24 6 447 1.6000000000000001 2 3 20 2000 -3.1415926535897931 0.96874785423278809 53 0 1.1990000000000001 0.79999999999999993
 25 6 494 3 1 3 20 2000 -1.1415926535897931 0.89319610595703125 53 0 0.86399999999999999 1
 26 6 145 0.40000000000000002 2 3 16 2000 2.8584073464102069 0.98686885833740234 59 1 1.161 0.79999999999999993
 27 6 236 0.80000000000000004 1 4 20 2200 -0.14159265358979312 1.2689037322998047 53 0 1.2 0.79999999999999993
 28 6 19 0 1 3 20 2200 1.8584073464102069 1.1144165992736816 59 1 1.109 0.69999999999999996
 29 6 482 3 1 3 16 2000 -1.1415926535897931 0.9425053596496582 53 0 0.81000000000000005 0.79999999999999993
 30 6 170 0.40000000000000002 2 4 16 2000 0.85840734641020688 0.82233262062072754 59 1 1.081 0.69999999999999996
 31 6 225 0.80000000000000004 1 4 16 2400 2.8584073464102069 1.2338821887969971 59 1 0.93700000000000006 0.89999999999999991
 32 6 529 3 2 3 16 2000 -3.1415926535897931 0.96811938285827637 53 0 1.004 1
 33 6 428 1.6000000000000001 1 4 20 2200 0.85840734641020688 1.4135072231292725 53 0 1.105 0.89999999999999991
 34 6 462 1.6000000000000001 2 4 16 2200 1.8584073464102069 1.3895421028137207 53 0 1.1970000000000001 0.89999999999999991
 35 6 40 0 1 4 20 2000 -3.1415926535897931 1.1889810562133789 59 1 0.94699999999999995 0.89999999999999991
 36 6 108 0.40000000000000002 1 3 16 2400 -3.1415926535897931 0.88640904426574707 59 1 0.93600000000000005 0.69999999999999996
 37 6 136 0.40000000000000002 1 4 20 2000 -1.1415926535897931 1.1007759571075439 59 1 0.99399999999999999 0.89999999999999991
 38 6 74 0 2 4 16 2000 0.85840734641020688 1.2930021286010742 59 1 0.84399999999999997 0.79999999999999993
 39 6 124 0.40000000000000002 1 4 16 2000 1.8584073464102069 1.8433163166046143 59 1 0.96699999999999997 0.69999999999999996
 40 6 270 0.80000000000000004 2 4 16 2200 1.8584073464102069 1.5990548133850098 59 1 1.1990000000000001 0.79999999999999993
 41 6 302 1.2 1 3 20 2000 1.8584073464102069 1.4429318904876709 53 0 1.0840000000000001 0.69999999999999996
 42 6 315 1.2 1 4 16 2000 -0.14159265358979312 1.1521978378295898 59 1 1.1439999999999999 1
 43 6 528 3 1 4 20 2400 2.8584073464102069 0.98433089256286621 53 0 0.81999999999999995 0.89999999999999991
 44 6 203 0.80000000000000004 1 3 16 2400 -0.14159265358979312 1.2858607769012451 53 0 0.84599999999999997 0.89999999999999991
 45 6 141 0.40000000000000002 1 4 20 2400 -0.14159265358979312 0.84325003623962402 59 1 1.016 0.89999999999999991
 46 6 151 0.40000000000000002 2 3 16 2200 -1.1415926535897931 0.86749839782714844 59 1 0.94499999999999995 1
 47 6 567 3 2 4 20 2000 -3.1415926535897931 3.6094448566436768 53 0 0.98199999999999998 0.79999999999999993
 48 6 149 0.40000000000000002 2 3 16 2200 -0.14159265358979312 0.864166259765625 59 1 0.95599999999999996 0.69999999999999996


# name: resolution
# type: matrix
# rows: 1
# columns: 2
 1366 768


# name: hz
# type: scalar
60


# name: pc
# type: sq_string
# elements: 1
# length: 21
gregor-Latitude-E6320


# name: experiment
# type: sq_string
# elements: 1
# length: 4
RFPb


# name: isOctave
# type: bool
1




