# Created by Octave 5.2.0, Fri Mar 25 17:30:10 2022 CET <student@gregor-Latitude-E6320>
# name: RFP
# type: scalar struct
# ndims: 2
 1 1
# length: 10
# name: vp
# type: sq_string
# elements: 1
# length: 3
V05


# name: mapping
# type: scalar
2


# name: date
# type: sq_string
# elements: 1
# length: 15
20220325T172809


# name: block
# type: scalar
11


# name: outmat
# type: matrix
# rows: 48
# columns: 14
 1 11 85 0 2 4 20 2000 -3.1415926535897931 0.93345308303833008 59 1 1.1850000000000001 0.69999999999999996
 2 11 343 1.2 2 3 16 2200 -1.1415926535897931 0.94835567474365234 53 0 1.0649999999999999 1
 3 11 45 0 1 4 20 2400 0.85840734641020688 1.1326284408569336 59 1 0.92700000000000005 0.69999999999999996
 4 11 391 1.6000000000000001 1 3 16 2200 -2.1415926535897931 0.87954282760620117 53 0 0.81699999999999995 1
 5 11 359 1.2 2 3 20 2400 -2.1415926535897931 1.4199652671813965 53 0 1.198 1
 6 11 454 1.6000000000000001 2 3 20 2400 -0.14159265358979312 2.2081222534179688 53 0 0.82999999999999996 0.89999999999999991
 7 11 419 1.6000000000000001 1 4 16 2400 0.85840734641020688 1.2271928787231445 53 0 1.1379999999999999 0.69999999999999996
 8 11 461 1.6000000000000001 2 4 16 2200 -1.1415926535897931 3.2974529266357422 53 0 1.1839999999999999 0.89999999999999991
 9 11 35 0 1 4 16 2400 2.8584073464102069 0.95888495445251465 59 1 1.119 1
 10 11 91 0 2 4 20 2200 -1.1415926535897931 0.85857605934143066 59 1 1.0720000000000001 0.69999999999999996
 11 11 330 1.2 1 4 20 2200 -3.1415926535897931 1.6729202270507812 59 1 1.0089999999999999 0.69999999999999996
 12 11 72 0 2 3 20 2400 -0.14159265358979312 2.7814211845397949 59 1 0.81599999999999995 0.69999999999999996
 13 11 65 0 2 3 20 2200 -3.1415926535897931 1.8517942428588867 59 1 0.98399999999999999 0.69999999999999996
 14 11 351 1.2 2 3 20 2000 1.8584073464102069 1.0221006870269775 53 0 1.1000000000000001 0.79999999999999993
 15 11 36 0 1 4 16 2400 -0.14159265358979312 2.3584966659545898 59 1 0.92000000000000004 0.79999999999999993
 16 11 460 1.6000000000000001 2 4 16 2000 2.8584073464102069 0.92023682594299316 53 0 1.079 0.89999999999999991
 17 11 453 1.6000000000000001 2 3 20 2400 -1.1415926535897931 2.9197733402252197 53 0 0.86299999999999999 0.89999999999999991
 18 11 172 0.40000000000000002 2 4 16 2000 2.8584073464102069 0.86306309700012207 59 1 1.1499999999999999 0.89999999999999991
 19 11 349 1.2 2 3 20 2000 -3.1415926535897931 1.1074512004852295 53 0 0.94799999999999995 0.69999999999999996
 20 11 514 3 1 4 16 2400 -3.1415926535897931 0.93117713928222656 53 0 1.173 0.79999999999999993
 21 11 117 0.40000000000000002 1 3 20 2400 2.8584073464102069 2.4832570552825928 59 1 0.89500000000000002 0.89999999999999991
 22 11 385 1.6000000000000001 1 3 16 2000 -2.1415926535897931 0.88574361801147461 53 0 0.95699999999999996 0.69999999999999996
 23 11 424 1.6000000000000001 1 4 20 2000 -3.1415926535897931 2.4293296337127686 53 0 0.93200000000000005 1
 24 11 572 3 2 4 20 2200 1.8584073464102069 1.1465530395507812 53 0 0.98799999999999999 1
 25 11 178 0.40000000000000002 2 4 16 2400 0.85840734641020688 1.0958230495452881 59 1 1.1279999999999999 0.79999999999999993
 26 11 59 0 2 3 16 2400 -3.1415926535897931 1.2532858848571777 59 1 0.95499999999999996 1
 27 11 146 0.40000000000000002 2 3 16 2000 -3.1415926535897931 0.95062088966369629 59 1 0.85299999999999998 0.89999999999999991
 28 11 404 1.6000000000000001 1 3 20 2200 2.8584073464102069 1.0059521198272705 53 0 1.165 0.89999999999999991
 29 11 244 0.80000000000000004 2 3 16 2000 2.8584073464102069 1.0199470520019531 59 1 1.1060000000000001 1
 30 11 535 3 2 3 16 2200 -0.14159265358979312 1.0983560085296631 53 0 0.88500000000000001 0.79999999999999993
 31 11 451 1.6000000000000001 2 3 20 2200 -3.1415926535897931 2.2412011623382568 53 0 0.97199999999999998 0.69999999999999996
 32 11 513 3 1 4 16 2400 2.8584073464102069 1.4367833137512207 53 0 0.85199999999999998 1
 33 11 106 0.40000000000000002 1 3 16 2400 1.8584073464102069 1.8327391147613525 59 1 0.82599999999999996 0.79999999999999993
 34 11 427 1.6000000000000001 1 4 20 2200 1.8584073464102069 1.4383840560913086 53 0 0.90800000000000003 1
 35 11 126 0.40000000000000002 1 4 16 2200 1.8584073464102069 2.6422321796417236 59 1 0.92800000000000005 0.79999999999999993
 36 11 17 0 1 3 20 2200 1.8584073464102069 1.9451587200164795 59 1 0.84599999999999997 0.69999999999999996
 37 11 210 0.80000000000000004 1 3 20 2200 0.85840734641020688 1.4871690273284912 53 0 0.81299999999999994 0.69999999999999996
 38 11 471 1.6000000000000001 2 4 20 2000 -1.1415926535897931 1.2106263637542725 53 0 1.149 1
 39 11 510 3 1 4 16 2200 0.85840734641020688 1.1160049438476562 53 0 0.96899999999999997 1
 40 11 434 1.6000000000000001 2 3 16 2000 -0.14159265358979312 0.85713768005371094 53 0 1.159 0.89999999999999991
 41 11 500 3 1 3 20 2200 0.85840734641020688 0.8238527774810791 53 0 0.82099999999999995 0.69999999999999996
 42 11 104 0.40000000000000002 1 3 16 2200 1.8584073464102069 0.84922695159912109 59 1 0.80900000000000005 0.89999999999999991
 43 11 122 0.40000000000000002 1 4 16 2000 -0.14159265358979312 0.81879329681396484 59 1 1.1040000000000001 1
 44 11 534 3 2 3 16 2200 -2.1415926535897931 2.8464486598968506 53 0 0.84999999999999998 0.69999999999999996
 45 11 437 1.6000000000000001 2 3 16 2200 -1.1415926535897931 2.0558469295501709 53 0 1.0720000000000001 1
 46 11 493 3 1 3 20 2000 0.85840734641020688 1.0867419242858887 53 0 1.131 0.89999999999999991
 47 11 18 0 1 3 20 2200 -3.1415926535897931 2.4145262241363525 59 1 1.0209999999999999 0.89999999999999991
 48 11 308 1.2 1 3 20 2200 2.8584073464102069 1.2247574329376221 53 0 0.81399999999999995 0.89999999999999991


# name: resolution
# type: matrix
# rows: 1
# columns: 2
 1366 768


# name: hz
# type: scalar
60


# name: pc
# type: sq_string
# elements: 1
# length: 21
gregor-Latitude-E6320


# name: experiment
# type: sq_string
# elements: 1
# length: 4
RFPb


# name: isOctave
# type: bool
1




