# Created by Octave 5.2.0, Fri Mar 25 17:17:02 2022 CET <student@gregor-Latitude-E6320>
# name: RFP
# type: scalar struct
# ndims: 2
 1 1
# length: 10
# name: vp
# type: sq_string
# elements: 1
# length: 3
V05


# name: mapping
# type: scalar
2


# name: date
# type: sq_string
# elements: 1
# length: 15
20220325T171505


# name: block
# type: scalar
5


# name: outmat
# type: matrix
# rows: 48
# columns: 14
 1 5 345 1.2 2 3 16 2400 -3.1415926535897931 2.6264057159423828 53 0 1.022 0.79999999999999993
 2 5 200 0.80000000000000004 1 3 16 2200 0.85840734641020688 1.3366031646728516 59 1 1.056 0.89999999999999991
 3 5 215 0.80000000000000004 1 3 20 2400 2.8584073464102069 1.5455234050750732 53 0 0.81000000000000005 0.79999999999999993
 4 5 157 0.40000000000000002 2 3 20 2000 2.8584073464102069 1.0668976306915283 59 1 1.0940000000000001 0.69999999999999996
 5 5 469 1.6000000000000001 2 4 20 2000 1.8584073464102069 1.5192301273345947 53 0 1.143 0.79999999999999993
 6 5 278 0.80000000000000004 2 4 20 2000 2.8584073464102069 1.4721503257751465 59 1 0.81100000000000005 0.79999999999999993
 7 5 223 0.80000000000000004 1 4 16 2200 2.8584073464102069 1.0467934608459473 59 1 0.81599999999999995 0.79999999999999993
 8 5 166 0.40000000000000002 2 3 20 2400 -0.14159265358979312 0.96753144264221191 59 1 1.0349999999999999 1
 9 5 523 3 1 4 20 2200 2.8584073464102069 2.5481998920440674 53 0 1.145 0.69999999999999996
 10 5 269 0.80000000000000004 2 4 16 2200 -0.14159265358979312 0.94750428199768066 59 1 0.874 0.79999999999999993
 11 5 220 0.80000000000000004 1 4 16 2000 1.8584073464102069 1.0098521709442139 59 1 0.98299999999999998 0.89999999999999991
 12 5 113 0.40000000000000002 1 3 20 2200 -3.1415926535897931 1.2072925567626953 59 1 1.103 0.69999999999999996
 13 5 306 1.2 1 3 20 2200 2.8584073464102069 0.95923089981079102 53 0 1.034 0.69999999999999996
 14 5 375 1.2 2 4 20 2000 -0.14159265358979312 0.87731242179870605 59 1 1.1599999999999999 1
 15 5 109 0.40000000000000002 1 3 20 2000 -3.1415926535897931 2.834418773651123 59 1 0.97399999999999998 0.89999999999999991
 16 5 321 1.2 1 4 16 2400 -2.1415926535897931 2.0493776798248291 59 1 1.083 0.89999999999999991
 17 5 121 0.40000000000000002 1 4 16 2000 -1.1415926535897931 0.87550902366638184 59 1 1.103 0.69999999999999996
 18 5 263 0.80000000000000004 2 3 20 2400 0.85840734641020688 0.9804229736328125 59 1 0.96099999999999997 0.89999999999999991
 19 5 301 1.2 1 3 20 2000 -3.1415926535897931 0.87842249870300293 53 0 1.0660000000000001 0.79999999999999993
 20 5 314 1.2 1 4 16 2000 2.8584073464102069 1.1369667053222656 53 0 1.095 0.89999999999999991
 21 5 245 0.80000000000000004 2 3 16 2200 -0.14159265358979312 1.0925233364105225 53 0 0.85399999999999998 0.89999999999999991
 22 5 14 0 1 3 20 2000 -2.1415926535897931 2.7733182907104492 59 1 1.115 0.69999999999999996
 23 5 373 1.2 2 4 20 2000 -2.1415926535897931 1.244495153427124 53 0 0.90500000000000003 1
 24 5 412 1.6000000000000001 1 4 16 2000 0.85840734641020688 0.91290426254272461 53 0 0.86099999999999999 0.69999999999999996
 25 5 439 1.6000000000000001 2 3 16 2200 -1.1415926535897931 0.89745855331420898 53 0 0.85999999999999999 0.69999999999999996
 26 5 555 3 2 4 16 2000 1.8584073464102069 0.92876696586608887 53 0 1.0389999999999999 0.89999999999999991
 27 5 307 1.2 1 3 20 2200 2.8584073464102069 2.7042617797851562 53 0 1.1799999999999999 0.89999999999999991
 28 5 275 0.80000000000000004 2 4 16 2400 -2.1415926535897931 1.1814937591552734 59 1 0.90400000000000003 0.79999999999999993
 29 5 293 1.2 1 3 16 2200 1.8584073464102069 0.9968869686126709 53 0 0.82099999999999995 0.69999999999999996
 30 5 103 0.40000000000000002 1 3 16 2200 -2.1415926535897931 1.4691112041473389 59 1 0.91800000000000004 0.69999999999999996
 31 5 552 3 2 3 20 2400 1.8584073464102069 1.1852624416351318 53 0 1.117 1
 32 5 252 0.80000000000000004 2 3 16 2400 1.8584073464102069 1.1247532367706299 59 1 0.95699999999999996 0.79999999999999993
 33 5 139 0.40000000000000002 1 4 20 2200 -1.1415926535897931 0.88005876541137695 59 1 0.88100000000000001 1
 34 5 546 3 2 3 20 2200 0.85840734641020688 1.1131994724273682 53 0 0.90100000000000002 1
 35 5 519 3 1 4 20 2000 -3.1415926535897931 0.89410018920898438 53 0 0.94199999999999995 0.89999999999999991
 36 5 297 1.2 1 3 16 2400 -3.1415926535897931 0.97974824905395508 53 0 0.96999999999999997 0.69999999999999996
 37 5 484 3 1 3 16 2000 0.85840734641020688 2.331261157989502 53 0 0.84999999999999998 1
 38 5 411 1.6000000000000001 1 4 16 2000 0.85840734641020688 3.0315370559692383 53 0 1.129 0.89999999999999991
 39 5 491 3 1 3 16 2400 -1.1415926535897931 1.7380695343017578 53 0 0.83599999999999997 0.69999999999999996
 40 5 198 0.80000000000000004 1 3 16 2200 2.8584073464102069 1.284883975982666 59 1 0.95399999999999996 0.89999999999999991
 41 5 485 3 1 3 16 2200 1.8584073464102069 0.82074236869812012 53 0 1.0669999999999999 0.89999999999999991
 42 5 87 0 2 4 20 2000 -0.14159265358979312 2.4795987606048584 59 1 1.034 0.69999999999999996
 43 5 377 1.2 2 4 20 2200 2.8584073464102069 1.2347972393035889 53 0 0.98099999999999998 0.89999999999999991
 44 5 459 1.6000000000000001 2 4 16 2000 -3.1415926535897931 1.1980102062225342 53 0 0.97399999999999998 0.79999999999999993
 45 5 372 1.2 2 4 16 2400 0.85840734641020688 1.0108444690704346 53 0 0.89700000000000002 0.89999999999999991
 46 5 537 3 2 3 16 2400 -3.1415926535897931 3.3977494239807129 53 0 0.93200000000000005 0.69999999999999996
 47 5 54 0 2 3 16 2200 -3.1415926535897931 0.84617042541503906 59 1 1.087 0.89999999999999991
 48 5 13 0 1 3 20 2000 -1.1415926535897931 0.99224448204040527 59 1 0.84299999999999997 0.79999999999999993


# name: resolution
# type: matrix
# rows: 1
# columns: 2
 1366 768


# name: hz
# type: scalar
60


# name: pc
# type: sq_string
# elements: 1
# length: 21
gregor-Latitude-E6320


# name: experiment
# type: sq_string
# elements: 1
# length: 4
RFPb


# name: isOctave
# type: bool
1




