# Created by Octave 5.2.0, Fri Mar 25 17:27:51 2022 CET <student@gregor-Latitude-E6320>
# name: RFP
# type: scalar struct
# ndims: 2
 1 1
# length: 10
# name: vp
# type: sq_string
# elements: 1
# length: 3
V05


# name: mapping
# type: scalar
2


# name: date
# type: sq_string
# elements: 1
# length: 15
20220325T172548


# name: block
# type: scalar
10


# name: outmat
# type: matrix
# rows: 48
# columns: 14
 1 10 413 1.6000000000000001 1 4 16 2200 1.8584073464102069 1.4698095321655273 53 0 1.012 0.89999999999999991
 2 10 475 1.6000000000000001 2 4 20 2200 -2.1415926535897931 2.7160305976867676 53 0 0.95899999999999996 0.89999999999999991
 3 10 296 1.2 1 3 16 2200 -2.1415926535897931 1.2050580978393555 53 0 1.1160000000000001 1
 4 10 12 0 1 3 16 2400 -1.1415926535897931 2.5781350135803223 59 1 0.85599999999999998 0.89999999999999991
 5 10 191 0.40000000000000002 2 4 20 2400 1.8584073464102069 1.0780408382415771 53 0 0.95299999999999996 0.89999999999999991
 6 10 99 0.40000000000000002 1 3 16 2000 -3.1415926535897931 1.2741453647613525 59 1 1.0209999999999999 0.69999999999999996
 7 10 152 0.40000000000000002 2 3 16 2200 -2.1415926535897931 0.87610244750976562 59 1 1.0680000000000001 0.79999999999999993
 8 10 532 3 2 3 16 2000 2.8584073464102069 2.4261162281036377 53 0 1.139 0.89999999999999991
 9 10 382 1.2 2 4 20 2400 -3.1415926535897931 1.6266846656799316 53 0 1.0660000000000001 0.69999999999999996
 10 10 329 1.2 1 4 20 2200 -3.1415926535897931 1.2178137302398682 53 0 1.022 1
 11 10 202 0.80000000000000004 1 3 16 2400 -0.14159265358979312 1.0576534271240234 53 0 0.82799999999999996 0.89999999999999991
 12 10 2 0 1 3 16 2000 0.85840734641020688 2.5457274913787842 59 1 0.96199999999999997 0.69999999999999996
 13 10 246 0.80000000000000004 2 3 16 2200 2.8584073464102069 1.4392211437225342 53 0 1.0529999999999999 0.89999999999999991
 14 10 264 0.80000000000000004 2 3 20 2400 -2.1415926535897931 1.5565793514251709 53 0 1.1930000000000001 0.79999999999999993
 15 10 318 1.2 1 4 16 2200 2.8584073464102069 1.8311686515808105 53 0 0.93000000000000005 1
 16 10 406 1.6000000000000001 1 3 20 2400 -3.1415926535897931 1.4638893604278564 53 0 1.159 0.79999999999999993
 17 10 148 0.40000000000000002 2 3 16 2000 -1.1415926535897931 2.9375333786010742 59 1 0.94099999999999995 0.89999999999999991
 18 10 73 0 2 4 16 2000 -0.14159265358979312 2.0907919406890869 59 1 1.1599999999999999 1
 19 10 230 0.80000000000000004 1 4 20 2000 -1.1415926535897931 1.1218690872192383 53 0 0.83699999999999997 0.69999999999999996
 20 10 290 1.2 1 3 16 2000 -3.1415926535897931 1.2658405303955078 53 0 1.0589999999999999 0.79999999999999993
 21 10 563 3 2 4 16 2400 -0.14159265358979312 1.1729216575622559 53 0 0.96499999999999997 0.69999999999999996
 22 10 237 0.80000000000000004 1 4 20 2400 1.8584073464102069 1.3292055130004883 59 1 1.093 1
 23 10 340 1.2 2 3 16 2000 -0.14159265358979312 1.0270867347717285 53 0 0.93300000000000005 1
 24 10 316 1.2 1 4 16 2000 -2.1415926535897931 1.2902612686157227 53 0 1.1080000000000001 1
 25 10 272 0.80000000000000004 2 4 16 2200 -0.14159265358979312 1.5378952026367188 53 0 0.82899999999999996 0.89999999999999991
 26 10 370 1.2 2 4 16 2400 0.85840734641020688 1.3419730663299561 53 0 0.94599999999999995 1
 27 10 565 3 2 4 20 2000 -0.14159265358979312 0.99094367027282715 53 0 1.149 0.79999999999999993
 28 10 206 0.80000000000000004 1 3 20 2000 -0.14159265358979312 1.0412576198577881 53 0 1.109 0.69999999999999996
 29 10 9 0 1 3 16 2400 -0.14159265358979312 1.3598361015319824 59 1 1.123 1
 30 10 464 1.6000000000000001 2 4 16 2200 0.85840734641020688 1.097421407699585 53 0 1.0389999999999999 0.79999999999999993
 31 10 518 3 1 4 20 2000 1.8584073464102069 1.2835221290588379 53 0 0.84899999999999998 0.79999999999999993
 32 10 5 0 1 3 16 2200 -3.1415926535897931 1.0230686664581299 59 1 1.046 0.89999999999999991
 33 10 328 1.2 1 4 20 2000 -2.1415926535897931 1.3553979396820068 53 0 1.1830000000000001 0.69999999999999996
 34 10 276 0.80000000000000004 2 4 16 2400 1.8584073464102069 1.549396276473999 53 0 1.1499999999999999 0.69999999999999996
 35 10 271 0.80000000000000004 2 4 16 2200 0.85840734641020688 2.2130527496337891 59 1 1.167 1
 36 10 352 1.2 2 3 20 2000 -1.1415926535897931 1.0531034469604492 53 0 1.091 0.69999999999999996
 37 10 120 0.40000000000000002 1 3 20 2400 2.8584073464102069 1.4714188575744629 59 1 0.80900000000000005 0.69999999999999996
 38 10 477 1.6000000000000001 2 4 20 2400 -3.1415926535897931 1.1099340915679932 53 0 0.82699999999999996 0.69999999999999996
 39 10 51 0 2 3 16 2000 -3.1415926535897931 2.3609144687652588 59 1 1.034 0.79999999999999993
 40 10 49 0 2 3 16 2000 0.85840734641020688 1.0540683269500732 59 1 0.92700000000000005 0.89999999999999991
 41 10 466 1.6000000000000001 2 4 16 2400 -2.1415926535897931 1.112605094909668 53 0 0.83899999999999997 0.69999999999999996
 42 10 240 0.80000000000000004 1 4 20 2400 -0.14159265358979312 1.5521740913391113 53 0 1.0940000000000001 0.69999999999999996
 43 10 325 1.2 1 4 20 2000 -3.1415926535897931 1.3522131443023682 53 0 1.032 0.89999999999999991
 44 10 573 3 2 4 20 2400 -1.1415926535897931 1.1306161880493164 53 0 1.0529999999999999 0.69999999999999996
 45 10 408 1.6000000000000001 1 3 20 2400 -2.1415926535897931 1.347404956817627 53 0 0.92000000000000004 0.79999999999999993
 46 10 33 0 1 4 16 2400 1.8584073464102069 2.415118932723999 59 1 0.85599999999999998 0.89999999999999991
 47 10 249 0.80000000000000004 2 3 16 2400 -2.1415926535897931 1.653350830078125 53 0 0.81599999999999995 1
 48 10 192 0.40000000000000002 2 4 20 2400 0.85840734641020688 1.65606689453125 59 1 0.93200000000000005 0.79999999999999993


# name: resolution
# type: matrix
# rows: 1
# columns: 2
 1366 768


# name: hz
# type: scalar
60


# name: pc
# type: sq_string
# elements: 1
# length: 21
gregor-Latitude-E6320


# name: experiment
# type: sq_string
# elements: 1
# length: 4
RFPb


# name: isOctave
# type: bool
1




