# Created by Octave 5.2.0, Fri Mar 25 17:10:37 2022 CET <student@gregor-Latitude-E6320>
# name: RFP
# type: scalar struct
# ndims: 2
 1 1
# length: 10
# name: vp
# type: sq_string
# elements: 1
# length: 3
V05


# name: mapping
# type: scalar
2


# name: date
# type: sq_string
# elements: 1
# length: 15
20220325T170837


# name: block
# type: scalar
2


# name: outmat
# type: matrix
# rows: 48
# columns: 14
 1 2 435 1.6000000000000001 2 3 16 2000 2.8584073464102069 1.0443098545074463 53 0 1.1859999999999999 1
 2 2 432 1.6000000000000001 1 4 20 2400 1.8584073464102069 1.0395963191986084 53 0 0.95599999999999996 0.69999999999999996
 3 2 456 1.6000000000000001 2 3 20 2400 1.8584073464102069 3.0291061401367188 53 0 1.1020000000000001 0.69999999999999996
 4 2 515 3 1 4 16 2400 -3.1415926535897931 1.1056351661682129 53 0 0.93400000000000005 1
 5 2 207 0.80000000000000004 1 3 20 2000 1.8584073464102069 1.2699079513549805 53 0 0.93799999999999994 0.89999999999999991
 6 2 327 1.2 1 4 20 2000 -3.1415926535897931 1.2014920711517334 53 0 1.0049999999999999 0.79999999999999993
 7 2 512 3 1 4 16 2200 2.8584073464102069 1.0248291492462158 53 0 0.93899999999999995 1
 8 2 153 0.40000000000000002 2 3 16 2400 1.8584073464102069 0.8467714786529541 59 1 1.1699999999999999 0.79999999999999993
 9 2 562 3 2 4 16 2400 0.85840734641020688 1.4274003505706787 53 0 0.94699999999999995 0.89999999999999991
 10 2 295 1.2 1 3 16 2200 -1.1415926535897931 1.4936821460723877 59 1 0.98299999999999998 1
 11 2 255 0.80000000000000004 2 3 20 2000 -0.14159265358979312 1.0588967800140381 59 1 0.93799999999999994 1
 12 2 219 0.80000000000000004 1 4 16 2000 -3.1415926535897931 1.0877151489257812 59 1 1.036 0.79999999999999993
 13 2 226 0.80000000000000004 1 4 16 2400 -0.14159265358979312 1.8903307914733887 59 1 0.86399999999999999 0.69999999999999996
 14 2 488 3 1 3 16 2200 0.85840734641020688 0.99066972732543945 53 0 1.1990000000000001 1
 15 2 499 3 1 3 20 2200 -2.1415926535897931 0.94935107231140137 53 0 1.073 0.69999999999999996
 16 2 363 1.2 2 4 16 2000 -1.1415926535897931 1.0823519229888916 59 1 0.92300000000000004 0.79999999999999993
 17 2 576 3 2 4 20 2400 0.85840734641020688 0.96196341514587402 53 0 0.85399999999999998 0.89999999999999991
 18 2 502 3 1 3 20 2400 -3.1415926535897931 1.6119482517242432 53 0 0.98199999999999998 0.89999999999999991
 19 2 184 0.40000000000000002 2 4 20 2000 -3.1415926535897931 1.1715567111968994 59 1 1.1819999999999999 0.89999999999999991
 20 2 446 1.6000000000000001 2 3 20 2000 -2.1415926535897931 0.95098495483398438 53 0 0.81100000000000005 0.89999999999999991
 21 2 298 1.2 1 3 16 2400 1.8584073464102069 1.4127321243286133 59 1 1.034 0.89999999999999991
 22 2 285 0.80000000000000004 2 4 20 2400 -2.1415926535897931 2.0493795871734619 53 0 1.026 0.69999999999999996
 23 2 525 3 1 4 20 2400 -3.1415926535897931 1.4156081676483154 53 0 0.91300000000000003 0.89999999999999991
 24 2 394 1.6000000000000001 1 3 16 2400 2.8584073464102069 2.2290425300598145 59 1 0.89900000000000002 1
 25 2 472 1.6000000000000001 2 4 20 2000 -0.14159265358979312 1.2166652679443359 53 0 1.1759999999999999 0.89999999999999991
 26 2 389 1.6000000000000001 1 3 16 2200 -1.1415926535897931 1.5950412750244141 59 1 0.94399999999999995 0.69999999999999996
 27 2 187 0.40000000000000002 2 4 20 2200 2.8584073464102069 1.3448359966278076 59 1 0.90400000000000003 0.69999999999999996
 28 2 189 0.40000000000000002 2 4 20 2400 1.8584073464102069 1.1049199104309082 59 1 0.92600000000000005 0.89999999999999991
 29 2 217 0.80000000000000004 1 4 16 2000 -3.1415926535897931 1.2014012336730957 59 1 0.82799999999999996 0.69999999999999996
 30 2 125 0.40000000000000002 1 4 16 2200 2.8584073464102069 4.0807468891143799 59 1 0.86699999999999999 0.79999999999999993
 31 2 161 0.40000000000000002 2 3 20 2200 1.8584073464102069 1.4723410606384277 59 1 1.079 0.79999999999999993
 32 2 415 1.6000000000000001 1 4 16 2200 -2.1415926535897931 1.8204131126403809 53 0 0.998 0.79999999999999993
 33 2 128 0.40000000000000002 1 4 16 2200 -3.1415926535897931 1.2242991924285889 59 1 1.151 1
 34 2 331 1.2 1 4 20 2200 -1.1415926535897931 1.3501393795013428 59 1 0.86199999999999999 0.89999999999999991
 35 2 94 0 2 4 20 2400 -1.1415926535897931 1.3237478733062744 59 1 1.137 0.89999999999999991
 36 2 559 3 2 4 16 2200 -3.1415926535897931 1.2570993900299072 53 0 1.1000000000000001 1
 37 2 407 1.6000000000000001 1 3 20 2400 -1.1415926535897931 1.7588605880737305 59 1 1.196 1
 38 2 81 0 2 4 16 2400 -0.14159265358979312 0.95359206199645996 59 1 1.117 0.69999999999999996
 39 2 497 3 1 3 20 2200 -2.1415926535897931 2.1744270324707031 53 0 1.1970000000000001 0.69999999999999996
 40 2 267 0.80000000000000004 2 4 16 2000 1.8584073464102069 1.0141301155090332 59 1 1.131 0.69999999999999996
 41 2 30 0 1 4 16 2200 -1.1415926535897931 0.9538276195526123 59 1 0.98999999999999999 1
 42 2 86 0 2 4 20 2000 -3.1415926535897931 1.2141649723052979 59 1 0.97699999999999998 0.79999999999999993
 43 2 70 0 2 3 20 2400 -2.1415926535897931 3.5292131900787354 59 1 1.119 0.69999999999999996
 44 2 242 0.80000000000000004 2 3 16 2000 0.85840734641020688 1.0927817821502686 53 0 1.196 0.69999999999999996
 45 2 564 3 2 4 16 2400 -3.1415926535897931 1.0811660289764404 53 0 0.81899999999999995 0.79999999999999993
 46 2 114 0.40000000000000002 1 3 20 2200 -3.1415926535897931 0.94166970252990723 59 1 1.008 0.69999999999999996
 47 2 175 0.40000000000000002 2 4 16 2200 -3.1415926535897931 2.8388729095458984 59 1 0.80300000000000005 0.79999999999999993
 48 2 571 3 2 4 20 2200 0.85840734641020688 1.0024282932281494 53 0 1.054 0.89999999999999991


# name: resolution
# type: matrix
# rows: 1
# columns: 2
 1366 768


# name: hz
# type: scalar
60


# name: pc
# type: sq_string
# elements: 1
# length: 21
gregor-Latitude-E6320


# name: experiment
# type: sq_string
# elements: 1
# length: 4
RFPb


# name: isOctave
# type: bool
1




