# Created by Octave 5.2.0, Fri Mar 25 17:23:27 2022 CET <student@gregor-Latitude-E6320>
# name: RFP
# type: scalar struct
# ndims: 2
 1 1
# length: 10
# name: vp
# type: sq_string
# elements: 1
# length: 3
V05


# name: mapping
# type: scalar
2


# name: date
# type: sq_string
# elements: 1
# length: 15
20220325T172131


# name: block
# type: scalar
8


# name: outmat
# type: matrix
# rows: 48
# columns: 14
 1 8 448 1.6000000000000001 2 3 20 2000 0.85840734641020688 3.0362019538879395 53 0 0.94199999999999995 0.69999999999999996
 2 8 60 0 2 3 16 2400 2.8584073464102069 1.0486853122711182 59 1 1.0089999999999999 0.89999999999999991
 3 8 39 0 1 4 20 2000 -1.1415926535897931 0.84514999389648438 59 1 0.84299999999999997 0.89999999999999991
 4 8 196 0.80000000000000004 1 3 16 2000 -0.14159265358979312 1.0147244930267334 53 0 1.121 0.79999999999999993
 5 8 123 0.40000000000000002 1 4 16 2000 -2.1415926535897931 2.461700439453125 59 1 1.1020000000000001 0.69999999999999996
 6 8 56 0 2 3 16 2200 -3.1415926535897931 1.0411672592163086 59 1 1.006 0.69999999999999996
 7 8 556 3 2 4 16 2000 1.8584073464102069 1.0050342082977295 53 0 0.88900000000000001 0.79999999999999993
 8 8 79 0 2 4 16 2200 -3.1415926535897931 0.82746553421020508 59 1 0.97099999999999997 1
 9 8 229 0.80000000000000004 1 4 20 2000 -2.1415926535897931 0.88036060333251953 53 0 1.1910000000000001 0.89999999999999991
 10 8 159 0.40000000000000002 2 3 20 2000 -2.1415926535897931 0.8575890064239502 59 1 1.173 0.79999999999999993
 11 8 452 1.6000000000000001 2 3 20 2200 -3.1415926535897931 2.6752810478210449 53 0 1.083 1
 12 8 569 3 2 4 20 2200 -3.1415926535897931 1.2457635402679443 53 0 1.1539999999999999 0.69999999999999996
 13 8 156 0.40000000000000002 2 3 16 2400 -1.1415926535897931 2.4956834316253662 59 1 0.94999999999999996 1
 14 8 422 1.6000000000000001 1 4 20 2000 -3.1415926535897931 1.2033798694610596 53 0 1.167 0.79999999999999993
 15 8 530 3 2 3 16 2000 1.8584073464102069 1.1913399696350098 53 0 0.83399999999999996 1
 16 8 111 0.40000000000000002 1 3 20 2000 -1.1415926535897931 1.1654419898986816 59 1 1.121 0.79999999999999993
 17 8 83 0 2 4 16 2400 -0.14159265358979312 1.1575672626495361 59 1 0.84499999999999997 1
 18 8 366 1.2 2 4 16 2200 2.8584073464102069 1.4351246356964111 53 0 0.87 0.69999999999999996
 19 8 393 1.6000000000000001 1 3 16 2400 -1.1415926535897931 1.9327273368835449 53 0 0.80200000000000005 0.89999999999999991
 20 8 238 0.80000000000000004 1 4 20 2400 -1.1415926535897931 1.2175397872924805 53 0 1.018 0.79999999999999993
 21 8 218 0.80000000000000004 1 4 16 2000 -0.14159265358979312 1.4579877853393555 53 0 0.97899999999999998 0.79999999999999993
 22 8 66 0 2 3 20 2200 -3.1415926535897931 0.97394204139709473 59 1 1.1839999999999999 0.79999999999999993
 23 8 177 0.40000000000000002 2 4 16 2400 -1.1415926535897931 1.1619534492492676 59 1 0.88400000000000001 0.89999999999999991
 24 8 129 0.40000000000000002 1 4 16 2400 1.8584073464102069 1.9721457958221436 59 1 1.127 0.79999999999999993
 25 8 150 0.40000000000000002 2 3 16 2200 1.8584073464102069 0.82182192802429199 59 1 1.169 0.79999999999999993
 26 8 213 0.80000000000000004 1 3 20 2400 2.8584073464102069 1.0277936458587646 53 0 0.97499999999999998 1
 27 8 134 0.40000000000000002 1 4 20 2000 -3.1415926535897931 1.0556604862213135 59 1 0.97599999999999998 0.79999999999999993
 28 8 75 0 2 4 16 2000 -1.1415926535897931 1.2693796157836914 59 1 1.0449999999999999 0.69999999999999996
 29 8 348 1.2 2 3 16 2400 0.85840734641020688 0.83100795745849609 53 0 1.0389999999999999 0.89999999999999991
 30 8 253 0.80000000000000004 2 3 20 2000 -1.1415926535897931 0.87298822402954102 53 0 1.012 1
 31 8 549 3 2 3 20 2400 1.8584073464102069 1.1265275478363037 53 0 1.123 0.89999999999999991
 32 8 127 0.40000000000000002 1 4 16 2200 -1.1415926535897931 1.2615561485290527 59 1 1.0389999999999999 1
 33 8 84 0 2 4 16 2400 -0.14159265358979312 1.2076609134674072 59 1 1.1950000000000001 1
 34 8 180 0.40000000000000002 2 4 16 2400 2.8584073464102069 2.7590000629425049 59 1 0.94599999999999995 0.79999999999999993
 35 8 163 0.40000000000000002 2 3 20 2200 -1.1415926535897931 1.0932714939117432 59 1 0.83599999999999997 1
 36 8 548 3 2 3 20 2200 2.8584073464102069 0.94892382621765137 53 0 1.008 0.69999999999999996
 37 8 402 1.6000000000000001 1 3 20 2200 1.8584073464102069 3.0138680934906006 53 0 1.1000000000000001 0.89999999999999991
 38 8 367 1.2 2 4 16 2200 0.85840734641020688 1.4121708869934082 53 0 0.85699999999999998 1
 39 8 558 3 2 4 16 2200 -1.1415926535897931 1.0748004913330078 53 0 0.93000000000000005 0.79999999999999993
 40 8 82 0 2 4 16 2400 1.8584073464102069 0.99351286888122559 59 1 0.96899999999999997 0.79999999999999993
 41 8 421 1.6000000000000001 1 4 20 2000 1.8584073464102069 0.82692098617553711 53 0 1.1559999999999999 0.79999999999999993
 42 8 247 0.80000000000000004 2 3 16 2200 0.85840734641020688 1.0998702049255371 53 0 1.054 0.79999999999999993
 43 8 100 0.40000000000000002 1 3 16 2000 1.8584073464102069 1.1468350887298584 59 1 1.1699999999999999 0.89999999999999991
 44 8 506 3 1 4 16 2000 1.8584073464102069 0.88976740837097168 53 0 0.80700000000000005 1
 45 8 168 0.40000000000000002 2 3 20 2400 0.85840734641020688 1.0585823059082031 59 1 1.175 0.69999999999999996
 46 8 58 0 2 3 16 2400 -3.1415926535897931 1.1104300022125244 59 1 0.92400000000000004 0.79999999999999993
 47 8 504 3 1 3 20 2400 2.8584073464102069 1.4236881732940674 53 0 1.046 0.69999999999999996
 48 8 97 0.40000000000000002 1 3 16 2000 0.85840734641020688 3.1660399436950684 59 1 0.84399999999999997 1


# name: resolution
# type: matrix
# rows: 1
# columns: 2
 1366 768


# name: hz
# type: scalar
60


# name: pc
# type: sq_string
# elements: 1
# length: 21
gregor-Latitude-E6320


# name: experiment
# type: sq_string
# elements: 1
# length: 4
RFPb


# name: isOctave
# type: bool
1




