# Created by Octave 5.2.0, Fri Mar 25 17:32:16 2022 CET <student@gregor-Latitude-E6320>
# name: RFP
# type: scalar struct
# ndims: 2
 1 1
# length: 10
# name: vp
# type: sq_string
# elements: 1
# length: 3
V05


# name: mapping
# type: scalar
2


# name: date
# type: sq_string
# elements: 1
# length: 15
20220325T173017


# name: block
# type: scalar
12


# name: outmat
# type: matrix
# rows: 48
# columns: 14
 1 12 10 0 1 3 16 2400 2.8584073464102069 1.932539701461792 59 1 1.095 0.89999999999999991
 2 12 418 1.6000000000000001 1 4 16 2400 2.8584073464102069 2.2653641700744629 59 1 0.83199999999999996 0.69999999999999996
 3 12 524 3 1 4 20 2200 2.8584073464102069 1.3489992618560791 53 0 1.052 0.89999999999999991
 4 12 119 0.40000000000000002 1 3 20 2400 2.8584073464102069 0.95280933380126953 59 1 1.151 0.69999999999999996
 5 12 251 0.80000000000000004 2 3 16 2400 -1.1415926535897931 0.94681906700134277 59 1 0.97199999999999998 0.69999999999999996
 6 12 574 3 2 4 20 2400 -2.1415926535897931 1.0124738216400146 53 0 0.875 0.69999999999999996
 7 12 286 0.80000000000000004 2 4 20 2400 -0.14159265358979312 1.6296460628509521 53 0 0.85599999999999998 0.69999999999999996
 8 12 167 0.40000000000000002 2 3 20 2400 -0.14159265358979312 1.4287974834442139 53 0 1.0329999999999999 0.69999999999999996
 9 12 132 0.40000000000000002 1 4 16 2400 -0.14159265358979312 0.88799118995666504 59 1 1.016 0.69999999999999996
 10 12 568 3 2 4 20 2000 2.8584073464102069 2.5208992958068848 53 0 0.84299999999999997 0.89999999999999991
 11 12 262 0.80000000000000004 2 3 20 2400 -0.14159265358979312 0.9502561092376709 53 0 0.80500000000000005 0.69999999999999996
 12 12 369 1.2 2 4 16 2400 -3.1415926535897931 2.1077582836151123 53 0 1.1659999999999999 0.79999999999999993
 13 12 487 3 1 3 16 2200 -2.1415926535897931 1.1872117519378662 53 0 1.1759999999999999 1
 14 12 4 0 1 3 16 2000 1.8584073464102069 1.0033974647521973 59 1 0.83999999999999997 0.69999999999999996
 15 12 420 1.6000000000000001 1 4 16 2400 -3.1415926535897931 0.90820598602294922 53 0 1.109 0.69999999999999996
 16 12 538 3 2 3 16 2400 -0.14159265358979312 2.2201392650604248 53 0 1.0880000000000001 0.79999999999999993
 17 12 28 0 1 4 16 2000 -3.1415926535897931 0.86599946022033691 59 1 1.03 1
 18 12 273 0.80000000000000004 2 4 16 2400 -2.1415926535897931 1.1982629299163818 53 0 0.92100000000000004 0.79999999999999993
 19 12 341 1.2 2 3 16 2200 1.8584073464102069 1.0851955413818359 53 0 1.1859999999999999 1
 20 12 43 0 1 4 20 2200 2.8584073464102069 0.93167614936828613 59 1 1.0609999999999999 0.69999999999999996
 21 12 539 3 2 3 16 2400 1.8584073464102069 0.83570718765258789 53 0 0.95599999999999996 1
 22 12 309 1.2 1 3 20 2400 -0.14159265358979312 1.1387381553649902 59 1 1.002 1
 23 12 154 0.40000000000000002 2 3 16 2400 2.8584073464102069 1.0719678401947021 59 1 0.88800000000000001 0.79999999999999993
 24 12 32 0 1 4 16 2200 2.8584073464102069 3.037578821182251 59 1 1.143 0.79999999999999993
 25 12 560 3 2 4 16 2200 -3.1415926535897931 1.2087652683258057 53 0 1.0740000000000001 0.69999999999999996
 26 12 231 0.80000000000000004 1 4 20 2000 -3.1415926535897931 3.0471670627593994 53 0 1.1870000000000001 0.69999999999999996
 27 12 15 0 1 3 20 2000 -0.14159265358979312 1.3569009304046631 59 1 0.81899999999999995 0.79999999999999993
 28 12 80 0 2 4 16 2200 2.8584073464102069 1.0779564380645752 59 1 0.95099999999999996 0.69999999999999996
 29 12 234 0.80000000000000004 1 4 20 2200 -3.1415926535897931 3.2250528335571289 53 0 1.099 0.79999999999999993
 30 12 346 1.2 2 3 16 2400 2.8584073464102069 1.1865754127502441 59 1 0.81799999999999995 0.79999999999999993
 31 12 29 0 1 4 16 2200 -0.14159265358979312 0.93192052841186523 59 1 1.0309999999999999 0.79999999999999993
 32 12 101 0.40000000000000002 1 3 16 2200 0.85840734641020688 0.96905398368835449 59 1 0.93400000000000005 0.89999999999999991
 33 12 310 1.2 1 3 20 2400 0.85840734641020688 2.7132759094238281 53 0 1.0860000000000001 0.89999999999999991
 34 12 186 0.40000000000000002 2 4 20 2200 -1.1415926535897931 0.96906852722167969 59 1 0.997 0.89999999999999991
 35 12 360 1.2 2 3 20 2400 2.8584073464102069 1.0859615802764893 53 0 1.145 1
 36 12 332 1.2 1 4 20 2200 0.85840734641020688 1.0557150840759277 53 0 0.96999999999999997 0.79999999999999993
 37 12 279 0.80000000000000004 2 4 20 2000 0.85840734641020688 1.0263991355895996 53 0 0.81699999999999995 1
 38 12 16 0 1 3 20 2000 0.85840734641020688 0.84223222732543945 59 1 1.1160000000000001 0.79999999999999993
 39 12 505 3 1 4 16 2000 1.8584073464102069 2.2416501045227051 53 0 0.80200000000000005 0.69999999999999996
 40 12 476 1.6000000000000001 2 4 20 2200 -3.1415926535897931 2.4001312255859375 53 0 0.88600000000000001 0.79999999999999993
 41 12 319 1.2 1 4 16 2200 -1.1415926535897931 1.3312020301818848 53 0 0.85499999999999998 0.79999999999999993
 42 12 61 0 2 3 20 2000 -0.14159265358979312 2.1561002731323242 59 1 0.86399999999999999 0.89999999999999991
 43 12 390 1.6000000000000001 1 3 16 2200 -3.1415926535897931 0.99557352066040039 53 0 1.1839999999999999 0.89999999999999991
 44 12 48 0 1 4 20 2400 -1.1415926535897931 0.91602110862731934 59 1 0.97599999999999998 0.79999999999999993
 45 12 521 3 1 4 20 2200 -1.1415926535897931 0.94050288200378418 53 0 1.1559999999999999 0.79999999999999993
 46 12 158 0.40000000000000002 2 3 20 2000 0.85840734641020688 1.0833845138549805 59 1 1.139 0.79999999999999993
 47 12 235 0.80000000000000004 1 4 20 2200 -0.14159265358979312 0.85129928588867188 53 0 0.92400000000000004 0.89999999999999991
 48 12 118 0.40000000000000002 1 3 20 2400 -3.1415926535897931 2.4839901924133301 59 1 1.0820000000000001 0.89999999999999991


# name: resolution
# type: matrix
# rows: 1
# columns: 2
 1366 768


# name: hz
# type: scalar
60


# name: pc
# type: sq_string
# elements: 1
# length: 21
gregor-Latitude-E6320


# name: experiment
# type: sq_string
# elements: 1
# length: 4
RFPb


# name: isOctave
# type: bool
1




