# Created by Octave 5.2.0, Fri Mar 25 17:08:26 2022 CET <student@gregor-Latitude-E6320>
# name: RFP
# type: scalar struct
# ndims: 2
 1 1
# length: 10
# name: vp
# type: sq_string
# elements: 1
# length: 3
V05


# name: mapping
# type: scalar
2


# name: date
# type: sq_string
# elements: 1
# length: 15
20220325T170602


# name: block
# type: scalar
1


# name: outmat
# type: matrix
# rows: 48
# columns: 14
 1 1 162 0.40000000000000002 2 3 20 2200 -2.1415926535897931 3.8396644592285156 59 1 0.92400000000000004 0.69999999999999996
 2 1 544 3 2 3 20 2000 -1.1415926535897931 1.4685680866241455 53 0 0.95599999999999996 0.69999999999999996
 3 1 289 1.2 1 3 16 2000 -2.1415926535897931 4.2125632762908936 53 0 1.1339999999999999 0.89999999999999991
 4 1 21 0 1 3 20 2400 -3.1415926535897931 1.1098487377166748 59 1 0.879 1
 5 1 399 1.6000000000000001 1 3 20 2000 -1.1415926535897931 1.3995141983032227 53 0 1.008 0.89999999999999991
 6 1 397 1.6000000000000001 1 3 20 2000 -3.1415926535897931 0.99789953231811523 53 0 1.081 1
 7 1 89 0 2 4 20 2200 1.8584073464102069 0.9302833080291748 59 1 1.169 1
 8 1 468 1.6000000000000001 2 4 16 2400 1.8584073464102069 1.1424942016601562 53 0 0.86899999999999999 0.79999999999999993
 9 1 431 1.6000000000000001 1 4 20 2400 0.85840734641020688 0.91189694404602051 53 0 1.1559999999999999 0.69999999999999996
 10 1 1 0 1 3 16 2000 -2.1415926535897931 1.0192070007324219 59 1 0.83599999999999997 0.69999999999999996
 11 1 20 0 1 3 20 2200 -0.14159265358979312 17.536123752593994 59 1 1.0169999999999999 0.89999999999999991
 12 1 312 1.2 1 3 20 2400 -1.1415926535897931 1.1350579261779785 53 0 1.0129999999999999 0.79999999999999993
 13 1 96 0 2 4 20 2400 0.85840734641020688 1.2680089473724365 59 1 0.82899999999999996 1
 14 1 95 0 2 4 20 2400 2.8584073464102069 0.89496040344238281 59 1 1.006 0.79999999999999993
 15 1 130 0.40000000000000002 1 4 16 2400 -3.1415926535897931 3.6978180408477783 59 1 1.1319999999999999 0.69999999999999996
 16 1 62 0 2 3 20 2000 -2.1415926535897931 0.89231109619140625 59 1 0.875 1
 17 1 41 0 1 4 20 2200 -0.14159265358979312 1.0316464900970459 59 1 0.90600000000000003 0.79999999999999993
 18 1 337 1.2 2 3 16 2000 0.85840734641020688 1.7506160736083984 53 0 0.94699999999999995 1
 19 1 465 1.6000000000000001 2 4 16 2400 -3.1415926535897931 1.0173401832580566 53 0 0.873 0.69999999999999996
 20 1 144 0.40000000000000002 1 4 20 2400 1.8584073464102069 1.0034816265106201 59 1 1.0700000000000001 0.89999999999999991
 21 1 444 1.6000000000000001 2 3 16 2400 -0.14159265358979312 1.2544074058532715 53 0 0.93600000000000005 0.79999999999999993
 22 1 357 1.2 2 3 20 2400 -1.1415926535897931 5.3091211318969727 53 0 0.83599999999999997 1
 23 1 355 1.2 2 3 20 2200 -1.1415926535897931 1.1898789405822754 53 0 1.1319999999999999 0.89999999999999991
 24 1 347 1.2 2 3 16 2400 -0.14159265358979312 1.2675032615661621 53 0 0.80200000000000005 1
 25 1 368 1.2 2 4 16 2200 2.8584073464102069 0.90838813781738281 59 1 1.0669999999999999 0.79999999999999993
 26 1 474 1.6000000000000001 2 4 20 2200 -1.1415926535897931 0.86140108108520508 53 0 0.93899999999999995 0.89999999999999991
 27 1 311 1.2 1 3 20 2400 1.8584073464102069 0.86823654174804688 53 0 0.94299999999999995 0.79999999999999993
 28 1 197 0.80000000000000004 1 3 16 2200 1.8584073464102069 1.0577089786529541 59 1 1.0900000000000001 0.79999999999999993
 29 1 403 1.6000000000000001 1 3 20 2200 0.85840734641020688 1.083482027053833 53 0 1.0880000000000001 0.69999999999999996
 30 1 98 0.40000000000000002 1 3 16 2000 -3.1415926535897931 3.2228477001190186 59 1 1.1499999999999999 0.89999999999999991
 31 1 188 0.40000000000000002 2 4 20 2200 2.8584073464102069 1.1575844287872314 59 1 0.90500000000000003 0.69999999999999996
 32 1 216 0.80000000000000004 1 3 20 2400 -2.1415926535897931 1.8243894577026367 59 1 0.95599999999999996 1
 33 1 522 3 1 4 20 2200 -0.14159265358979312 1.0985913276672363 53 0 1.056 0.79999999999999993
 34 1 527 3 1 4 20 2400 -2.1415926535897931 0.82620072364807129 53 0 0.84899999999999998 0.69999999999999996
 35 1 24 0 1 3 20 2400 1.8584073464102069 1.2190337181091309 59 1 1.1140000000000001 0.69999999999999996
 36 1 350 1.2 2 3 20 2000 -0.14159265358979312 6.3489623069763184 53 0 0.85599999999999998 1
 37 1 396 1.6000000000000001 1 3 16 2400 -1.1415926535897931 1.1158103942871094 53 0 1.0529999999999999 1
 38 1 353 1.2 2 3 20 2200 1.8584073464102069 1.1157634258270264 53 0 1.032 1
 39 1 250 0.80000000000000004 2 3 16 2400 1.8584073464102069 0.85356926918029785 59 1 0.81999999999999995 1
 40 1 511 3 1 4 16 2200 -2.1415926535897931 0.99766039848327637 53 0 1.0880000000000001 0.69999999999999996
 41 1 344 1.2 2 3 16 2200 1.8584073464102069 1.2505013942718506 53 0 1.167 0.69999999999999996
 42 1 294 1.2 1 3 16 2200 -2.1415926535897931 1.1603813171386719 59 1 1.139 1
 43 1 176 0.40000000000000002 2 4 16 2200 1.8584073464102069 1.7449591159820557 53 0 0.97699999999999998 0.79999999999999993
 44 1 542 3 2 3 20 2000 -0.14159265358979312 0.86104726791381836 53 0 1.181 0.79999999999999993
 45 1 37 0 1 4 20 2000 -3.1415926535897931 4.4852123260498047 59 1 0.91300000000000003 0.69999999999999996
 46 1 536 3 2 3 16 2200 -1.1415926535897931 1.5352721214294434 53 0 0.82699999999999996 0.69999999999999996
 47 1 256 0.80000000000000004 2 3 20 2000 0.85840734641020688 1.6349031925201416 53 0 0.81000000000000005 0.69999999999999996
 48 1 436 1.6000000000000001 2 3 16 2000 1.8584073464102069 1.2838943004608154 53 0 1.194 0.89999999999999991


# name: resolution
# type: matrix
# rows: 1
# columns: 2
 1366 768


# name: hz
# type: scalar
60


# name: pc
# type: sq_string
# elements: 1
# length: 21
gregor-Latitude-E6320


# name: experiment
# type: sq_string
# elements: 1
# length: 4
RFPb


# name: isOctave
# type: bool
1




