# Created by Octave 5.2.0, Fri Mar 25 17:21:27 2022 CET <student@gregor-Latitude-E6320>
# name: RFP
# type: scalar struct
# ndims: 2
 1 1
# length: 10
# name: vp
# type: sq_string
# elements: 1
# length: 3
V05


# name: mapping
# type: scalar
2


# name: date
# type: sq_string
# elements: 1
# length: 15
20220325T171927


# name: block
# type: scalar
7


# name: outmat
# type: matrix
# rows: 48
# columns: 14
 1 7 90 0 2 4 20 2200 -0.14159265358979312 0.8460853099822998 59 1 0.81799999999999995 0.89999999999999991
 2 7 561 3 2 4 16 2400 1.8584073464102069 2.4342753887176514 53 0 0.98399999999999999 1
 3 7 304 1.2 1 3 20 2000 -2.1415926535897931 1.572645902633667 53 0 1.1850000000000001 0.79999999999999993
 4 7 496 3 1 3 20 2000 -0.14159265358979312 1.0495278835296631 53 0 1.1859999999999999 1
 5 7 433 1.6000000000000001 2 3 16 2000 -3.1415926535897931 1.1592392921447754 53 0 1.1899999999999999 0.69999999999999996
 6 7 182 0.40000000000000002 2 4 20 2000 -2.1415926535897931 3.0587453842163086 59 1 1.115 0.89999999999999991
 7 7 204 0.80000000000000004 1 3 16 2400 -2.1415926535897931 1.3412611484527588 59 1 1.1399999999999999 0.89999999999999991
 8 7 243 0.80000000000000004 2 3 16 2000 -1.1415926535897931 1.7129521369934082 59 1 0.86499999999999999 0.89999999999999991
 9 7 147 0.40000000000000002 2 3 16 2000 1.8584073464102069 1.3429546356201172 59 1 0.90300000000000002 0.69999999999999996
 10 7 526 3 1 4 20 2400 -0.14159265358979312 1.446544885635376 53 0 0.93899999999999995 0.79999999999999993
 11 7 501 3 1 3 20 2400 -0.14159265358979312 1.2561564445495605 53 0 0.88 0.79999999999999993
 12 7 268 0.80000000000000004 2 4 16 2000 -2.1415926535897931 3.4735779762268066 59 1 1.1970000000000001 0.69999999999999996
 13 7 92 0 2 4 20 2200 2.8584073464102069 1.2460134029388428 59 1 0.82499999999999996 0.89999999999999991
 14 7 463 1.6000000000000001 2 4 16 2200 1.8584073464102069 1.2917778491973877 53 0 0.97799999999999998 0.79999999999999993
 15 7 365 1.2 2 4 16 2200 1.8584073464102069 1.2584428787231445 59 1 1.1599999999999999 1
 16 7 195 0.80000000000000004 1 3 16 2000 -1.1415926535897931 2.0986263751983643 59 1 0.99199999999999999 0.69999999999999996
 17 7 165 0.40000000000000002 2 3 20 2400 -2.1415926535897931 1.2029628753662109 59 1 1.006 0.69999999999999996
 18 7 300 1.2 1 3 16 2400 2.8584073464102069 1.5705840587615967 53 0 1.099 0.79999999999999993
 19 7 205 0.80000000000000004 1 3 20 2000 2.8584073464102069 1.5591526031494141 53 0 0.98799999999999999 1
 20 7 498 3 1 3 20 2200 -3.1415926535897931 1.1428673267364502 53 0 1.1739999999999999 1
 21 7 380 1.2 2 4 20 2200 -1.1415926535897931 1.2811591625213623 53 0 1.0669999999999999 1
 22 7 258 0.80000000000000004 2 3 20 2200 0.85840734641020688 1.0648527145385742 59 1 1.085 0.79999999999999993
 23 7 233 0.80000000000000004 1 4 20 2200 1.8584073464102069 0.8283848762512207 53 0 0.95299999999999996 0.79999999999999993
 24 7 440 1.6000000000000001 2 3 16 2200 -1.1415926535897931 0.89563226699829102 53 0 0.84499999999999997 0.89999999999999991
 25 7 320 1.2 1 4 16 2200 0.85840734641020688 1.0072300434112549 53 0 0.95499999999999996 0.89999999999999991
 26 7 358 1.2 2 3 20 2400 2.8584073464102069 2.9793980121612549 53 0 0.98799999999999999 0.79999999999999993
 27 7 543 3 2 3 20 2000 -3.1415926535897931 1.3987967967987061 53 0 0.89400000000000002 0.79999999999999993
 28 7 356 1.2 2 3 20 2200 0.85840734641020688 1.0715415477752686 53 0 1.1659999999999999 0.79999999999999993
 29 7 450 1.6000000000000001 2 3 20 2200 0.85840734641020688 3.7908957004547119 53 0 0.95699999999999996 0.79999999999999993
 30 7 388 1.6000000000000001 1 3 16 2000 -3.1415926535897931 1.3678359985351562 53 0 1.137 0.79999999999999993
 31 7 174 0.40000000000000002 2 4 16 2200 -0.14159265358979312 0.93124270439147949 59 1 1.026 0.69999999999999996
 32 7 566 3 2 4 20 2000 0.85840734641020688 0.92714667320251465 53 0 0.83799999999999997 0.89999999999999991
 33 7 551 3 2 3 20 2400 0.85840734641020688 1.0827322006225586 53 0 1.0780000000000001 0.89999999999999991
 34 7 221 0.80000000000000004 1 4 16 2200 -3.1415926535897931 0.9291384220123291 53 0 1.105 0.79999999999999993
 35 7 137 0.40000000000000002 1 4 20 2200 2.8584073464102069 2.745042085647583 59 1 1.1910000000000001 0.69999999999999996
 36 7 288 0.80000000000000004 2 4 20 2400 1.8584073464102069 1.1984462738037109 53 0 1.139 0.79999999999999993
 37 7 417 1.6000000000000001 1 4 16 2400 0.85840734641020688 0.99901413917541504 53 0 0.95899999999999996 0.89999999999999991
 38 7 554 3 2 4 16 2000 -1.1415926535897931 1.0556497573852539 53 0 1.1279999999999999 0.89999999999999991
 39 7 105 0.40000000000000002 1 3 16 2400 -1.1415926535897931 0.90563321113586426 59 1 0.92100000000000004 0.89999999999999991
 40 7 77 0 2 4 16 2200 -3.1415926535897931 0.99498295783996582 59 1 0.90000000000000002 0.79999999999999993
 41 7 224 0.80000000000000004 1 4 16 2200 -2.1415926535897931 0.99868655204772949 53 0 1.1519999999999999 0.69999999999999996
 42 7 227 0.80000000000000004 1 4 16 2400 -1.1415926535897931 0.85077238082885742 59 1 1.073 0.89999999999999991
 43 7 274 0.80000000000000004 2 4 16 2400 0.85840734641020688 0.90127301216125488 53 0 0.81000000000000005 0.89999999999999991
 44 7 107 0.40000000000000002 1 3 16 2400 0.85840734641020688 1.0558798313140869 59 1 0.91900000000000004 0.69999999999999996
 45 7 395 1.6000000000000001 1 3 16 2400 2.8584073464102069 2.5926470756530762 53 0 0.93200000000000005 1
 46 7 392 1.6000000000000001 1 3 16 2200 -1.1415926535897931 1.1135451793670654 53 0 0.94599999999999995 0.79999999999999993
 47 7 479 1.6000000000000001 2 4 20 2400 -2.1415926535897931 0.9699711799621582 53 0 0.80800000000000005 0.69999999999999996
 48 7 483 3 1 3 16 2000 -2.1415926535897931 2.4144272804260254 53 0 0.83799999999999997 0.89999999999999991


# name: resolution
# type: matrix
# rows: 1
# columns: 2
 1366 768


# name: hz
# type: scalar
60


# name: pc
# type: sq_string
# elements: 1
# length: 21
gregor-Latitude-E6320


# name: experiment
# type: sq_string
# elements: 1
# length: 4
RFPb


# name: isOctave
# type: bool
1




