# Created by Octave 5.2.0, Tue Mar 29 11:31:01 2022 CEST <student@gregor-Latitude-E6320>
# name: RFP
# type: scalar struct
# ndims: 2
 1 1
# length: 10
# name: vp
# type: sq_string
# elements: 1
# length: 3
V06


# name: mapping
# type: scalar
2


# name: date
# type: sq_string
# elements: 1
# length: 15
20220329T112912


# name: block
# type: scalar
7


# name: outmat
# type: matrix
# rows: 48
# columns: 14
 1 7 474 1.6000000000000001 2 4 20 2200 1.8584073464102069 3.0054357051849365 53 0 0.98499999999999999 0.69999999999999996
 2 7 504 3 1 3 20 2400 -0.14159265358979312 1.3107879161834717 53 0 0.80900000000000005 0.89999999999999991
 3 7 551 3 2 3 20 2400 -0.14159265358979312 1.2865543365478516 53 0 0.92100000000000004 0.69999999999999996
 4 7 213 0.80000000000000004 1 3 20 2400 2.8584073464102069 1.0921523571014404 53 0 1.111 0.79999999999999993
 5 7 532 3 2 3 16 2000 0.85840734641020688 1.0651922225952148 53 0 0.84699999999999998 1
 6 7 283 0.80000000000000004 2 4 20 2200 0.85840734641020688 1.0600826740264893 53 0 1.1839999999999999 0.79999999999999993
 7 7 54 0 2 3 16 2200 -3.1415926535897931 1.1335573196411133 59 1 1.137 0.79999999999999993
 8 7 573 3 2 4 20 2400 2.8584073464102069 1.0701303482055664 53 0 1.171 1
 9 7 119 0.40000000000000002 1 3 20 2400 2.8584073464102069 1.1338963508605957 59 1 1.0669999999999999 0.89999999999999991
 10 7 341 1.2 2 3 16 2200 -1.1415926535897931 1.4485123157501221 59 1 0.91700000000000004 1
 11 7 51 0 2 3 16 2000 -0.14159265358979312 1.044468879699707 59 1 0.84399999999999997 0.89999999999999991
 12 7 231 0.80000000000000004 1 4 20 2000 0.85840734641020688 1.0429670810699463 59 1 1.2 0.69999999999999996
 13 7 103 0.40000000000000002 1 3 16 2200 -3.1415926535897931 1.0465786457061768 59 1 1.1850000000000001 0.79999999999999993
 14 7 225 0.80000000000000004 1 4 16 2400 -3.1415926535897931 1.3075857162475586 53 0 1.046 0.79999999999999993
 15 7 342 1.2 2 3 16 2200 -3.1415926535897931 1.0607831478118896 59 1 1.01 0.89999999999999991
 16 7 229 0.80000000000000004 1 4 20 2000 2.8584073464102069 1.1271138191223145 59 1 0.98799999999999999 1
 17 7 393 1.6000000000000001 1 3 16 2400 -0.14159265358979312 1.2342376708984375 53 0 0.97199999999999998 0.69999999999999996
 18 7 270 0.80000000000000004 2 4 16 2200 1.8584073464102069 1.3478143215179443 59 1 1.139 0.69999999999999996
 19 7 560 3 2 4 16 2200 -3.1415926535897931 1.1987314224243164 53 0 0.80900000000000005 0.89999999999999991
 20 7 247 0.80000000000000004 2 3 16 2200 0.85840734641020688 1.044421911239624 53 0 0.98399999999999999 0.69999999999999996
 21 7 530 3 2 3 16 2000 -3.1415926535897931 1.1243002414703369 53 0 0.97299999999999998 1
 22 7 321 1.2 1 4 16 2400 2.8584073464102069 1.0371880531311035 53 0 0.92900000000000005 0.89999999999999991
 23 7 289 1.2 1 3 16 2000 0.85840734641020688 0.98300075531005859 53 0 0.97599999999999998 0.69999999999999996
 24 7 32 0 1 4 16 2200 -1.1415926535897931 1.05914306640625 59 1 0.84799999999999998 0.89999999999999991
 25 7 142 0.40000000000000002 1 4 20 2400 -0.14159265358979312 1.0013680458068848 59 1 0.99199999999999999 0.89999999999999991
 26 7 426 1.6000000000000001 1 4 20 2200 -3.1415926535897931 1.2752141952514648 53 0 0.89900000000000002 0.69999999999999996
 27 7 503 3 1 3 20 2400 1.8584073464102069 1.1320316791534424 53 0 1.145 0.79999999999999993
 28 7 506 3 1 4 16 2000 0.85840734641020688 0.97233462333679199 53 0 0.83799999999999997 0.79999999999999993
 29 7 407 1.6000000000000001 1 3 20 2400 -0.14159265358979312 2.0016424655914307 53 0 0.81999999999999995 0.89999999999999991
 30 7 479 1.6000000000000001 2 4 20 2400 -3.1415926535897931 1.0485646724700928 53 0 1.018 0.79999999999999993
 31 7 266 0.80000000000000004 2 4 16 2000 -3.1415926535897931 1.0152649879455566 59 1 1.1579999999999999 0.89999999999999991
 32 7 278 0.80000000000000004 2 4 20 2000 0.85840734641020688 1.4945497512817383 53 0 1.0269999999999999 0.79999999999999993
 33 7 437 1.6000000000000001 2 3 16 2200 -3.1415926535897931 1.2329063415527344 53 0 0.999 0.89999999999999991
 34 7 73 0 2 4 16 2000 0.85840734641020688 0.84241604804992676 59 1 1.0269999999999999 1
 35 7 547 3 2 3 20 2200 1.8584073464102069 1.3604297637939453 53 0 1.1539999999999999 0.69999999999999996
 36 7 161 0.40000000000000002 2 3 20 2200 -3.1415926535897931 1.0986719131469727 59 1 0.94899999999999995 0.79999999999999993
 37 7 114 0.40000000000000002 1 3 20 2200 0.85840734641020688 1.5037121772766113 59 1 1.0800000000000001 0.69999999999999996
 38 7 356 1.2 2 3 20 2200 0.85840734641020688 1.1956827640533447 53 0 1.0609999999999999 0.79999999999999993
 39 7 178 0.40000000000000002 2 4 16 2400 -0.14159265358979312 1.0498213768005371 59 1 1.006 0.69999999999999996
 40 7 456 1.6000000000000001 2 3 20 2400 1.8584073464102069 1.2044830322265625 59 1 0.91400000000000003 1
 41 7 331 1.2 1 4 20 2200 -1.1415926535897931 1.0517544746398926 53 0 0.83399999999999996 0.69999999999999996
 42 7 467 1.6000000000000001 2 4 16 2400 -1.1415926535897931 1.3831806182861328 59 1 0.86899999999999999 1
 43 7 386 1.6000000000000001 1 3 16 2000 -1.1415926535897931 1.0871915817260742 53 0 1.155 0.79999999999999993
 44 7 446 1.6000000000000001 2 3 20 2000 2.8584073464102069 1.0799276828765869 53 0 0.85399999999999998 1
 45 7 417 1.6000000000000001 1 4 16 2400 2.8584073464102069 1.0453450679779053 53 0 1.0449999999999999 0.79999999999999993
 46 7 468 1.6000000000000001 2 4 16 2400 -2.1415926535897931 1.663095235824585 53 0 1.107 1
 47 7 575 3 2 4 20 2400 -0.14159265358979312 1.1231012344360352 53 0 0.88300000000000001 0.89999999999999991
 48 7 509 3 1 4 16 2200 -1.1415926535897931 2.4881024360656738 53 0 0.90000000000000002 0.89999999999999991


# name: resolution
# type: matrix
# rows: 1
# columns: 2
 1366 768


# name: hz
# type: scalar
60


# name: pc
# type: sq_string
# elements: 1
# length: 21
gregor-Latitude-E6320


# name: experiment
# type: sq_string
# elements: 1
# length: 4
RFPb


# name: isOctave
# type: bool
1




