# Created by Octave 5.2.0, Tue Mar 29 11:29:11 2022 CEST <student@gregor-Latitude-E6320>
# name: RFP
# type: scalar struct
# ndims: 2
 1 1
# length: 10
# name: vp
# type: sq_string
# elements: 1
# length: 3
V06


# name: mapping
# type: scalar
2


# name: date
# type: sq_string
# elements: 1
# length: 15
20220329T112725


# name: block
# type: scalar
6


# name: outmat
# type: matrix
# rows: 48
# columns: 14
 1 6 526 3 1 4 20 2400 1.8584073464102069 1.0216655731201172 53 0 1.177 0.79999999999999993
 2 6 76 0 2 4 16 2000 -0.14159265358979312 1.0435760021209717 59 1 0.84799999999999998 0.69999999999999996
 3 6 226 0.80000000000000004 1 4 16 2400 -0.14159265358979312 1.2348783016204834 59 1 1.0229999999999999 1
 4 6 487 3 1 3 16 2200 -0.14159265358979312 1.2906630039215088 53 0 1.0660000000000001 0.89999999999999991
 5 6 163 0.40000000000000002 2 3 20 2200 -0.14159265358979312 0.92228221893310547 59 1 0.89200000000000002 1
 6 6 343 1.2 2 3 16 2200 1.8584073464102069 1.0265028476715088 53 0 0.91700000000000004 0.89999999999999991
 7 6 68 0 2 3 20 2200 -3.1415926535897931 1.0376923084259033 59 1 0.98499999999999999 0.69999999999999996
 8 6 529 3 2 3 16 2000 -3.1415926535897931 1.1828858852386475 53 0 1.1919999999999999 1
 9 6 290 1.2 1 3 16 2000 -1.1415926535897931 1.2825837135314941 53 0 0.92600000000000005 1
 10 6 96 0 2 4 20 2400 2.8584073464102069 1.2578449249267578 59 1 0.80000000000000004 1
 11 6 100 0.40000000000000002 1 3 16 2000 2.8584073464102069 1.0988368988037109 59 1 1.165 1
 12 6 130 0.40000000000000002 1 4 16 2400 -1.1415926535897931 1.3650364875793457 59 1 1.038 1
 13 6 322 1.2 1 4 16 2400 -2.1415926535897931 1.0369184017181396 53 0 1.016 0.79999999999999993
 14 6 402 1.6000000000000001 1 3 20 2200 -1.1415926535897931 1.0783767700195312 53 0 1.075 0.69999999999999996
 15 6 313 1.2 1 4 16 2000 -0.14159265358979312 1.1704926490783691 53 0 0.94999999999999996 0.79999999999999993
 16 6 209 0.80000000000000004 1 3 20 2200 1.8584073464102069 1.095421314239502 53 0 1.03 0.89999999999999991
 17 6 438 1.6000000000000001 2 3 16 2200 -0.14159265358979312 0.93340730667114258 53 0 0.88 0.89999999999999991
 18 6 183 0.40000000000000002 2 4 20 2000 -3.1415926535897931 1.0576133728027344 59 1 0.88500000000000001 1
 19 6 344 1.2 2 3 16 2200 2.8584073464102069 1.0486445426940918 53 0 0.81599999999999995 0.79999999999999993
 20 6 440 1.6000000000000001 2 3 16 2200 0.85840734641020688 0.91224145889282227 53 0 1.1819999999999999 0.79999999999999993
 21 6 484 3 1 3 16 2000 -0.14159265358979312 0.85383129119873047 53 0 1.0569999999999999 0.89999999999999991
 22 6 554 3 2 4 16 2000 -1.1415926535897931 1.0783987045288086 53 0 0.88400000000000001 0.69999999999999996
 23 6 537 3 2 3 16 2400 0.85840734641020688 1.112917423248291 53 0 1.0089999999999999 0.69999999999999996
 24 6 99 0.40000000000000002 1 3 16 2000 1.8584073464102069 1.0279135704040527 59 1 0.81799999999999995 0.79999999999999993
 25 6 320 1.2 1 4 16 2200 -1.1415926535897931 1.0582997798919678 53 0 1.099 0.69999999999999996
 26 6 425 1.6000000000000001 1 4 20 2200 -0.14159265358979312 1.0901744365692139 53 0 0.96499999999999997 0.69999999999999996
 27 6 444 1.6000000000000001 2 3 16 2400 -0.14159265358979312 1.0215075016021729 53 0 1.0209999999999999 0.79999999999999993
 28 6 120 0.40000000000000002 1 3 20 2400 -0.14159265358979312 3.1189196109771729 59 1 0.89100000000000001 0.89999999999999991
 29 6 513 3 1 4 16 2400 0.85840734641020688 1.2165617942810059 53 0 1.107 1
 30 6 533 3 2 3 16 2200 -3.1415926535897931 1.3764512538909912 53 0 1.179 0.79999999999999993
 31 6 121 0.40000000000000002 1 4 16 2000 2.8584073464102069 0.8987884521484375 59 1 0.88 1
 32 6 139 0.40000000000000002 1 4 20 2200 2.8584073464102069 1.2772352695465088 59 1 0.88700000000000001 1
 33 6 422 1.6000000000000001 1 4 20 2000 2.8584073464102069 1.6738860607147217 53 0 0.95699999999999996 1
 34 6 185 0.40000000000000002 2 4 20 2200 0.85840734641020688 1.463975191116333 59 1 1.018 0.79999999999999993
 35 6 323 1.2 1 4 16 2400 1.8584073464102069 1.0630559921264648 53 0 1.014 1
 36 6 505 3 1 4 16 2000 -0.14159265358979312 1.1218056678771973 53 0 1.1160000000000001 1
 37 6 252 0.80000000000000004 2 3 16 2400 0.85840734641020688 1.1711423397064209 53 0 0.82299999999999995 0.79999999999999993
 38 6 488 3 1 3 16 2200 2.8584073464102069 1.0827248096466064 53 0 0.90000000000000002 1
 39 6 307 1.2 1 3 20 2200 2.8584073464102069 1.5322566032409668 53 0 0.95099999999999996 0.79999999999999993
 40 6 180 0.40000000000000002 2 4 16 2400 1.8584073464102069 1.3626399040222168 59 1 0.81200000000000006 0.89999999999999991
 41 6 175 0.40000000000000002 2 4 16 2200 -3.1415926535897931 0.95999264717102051 53 0 0.94299999999999995 0.69999999999999996
 42 6 475 1.6000000000000001 2 4 20 2200 1.8584073464102069 1.1017162799835205 53 0 0.91400000000000003 1
 43 6 58 0 2 3 16 2400 2.8584073464102069 0.99648952484130859 59 1 1.177 0.79999999999999993
 44 6 465 1.6000000000000001 2 4 16 2400 2.8584073464102069 1.7445147037506104 53 0 0.80000000000000004 0.69999999999999996
 45 6 360 1.2 2 3 20 2400 -3.1415926535897931 1.3074579238891602 53 0 0.91100000000000003 0.79999999999999993
 46 6 126 0.40000000000000002 1 4 16 2200 -1.1415926535897931 1.082766056060791 59 1 1.0569999999999999 0.69999999999999996
 47 6 111 0.40000000000000002 1 3 20 2000 0.85840734641020688 1.2423691749572754 59 1 1.1419999999999999 0.79999999999999993
 48 6 476 1.6000000000000001 2 4 20 2200 0.85840734641020688 1.0718488693237305 53 0 0.998 0.69999999999999996


# name: resolution
# type: matrix
# rows: 1
# columns: 2
 1366 768


# name: hz
# type: scalar
60


# name: pc
# type: sq_string
# elements: 1
# length: 21
gregor-Latitude-E6320


# name: experiment
# type: sq_string
# elements: 1
# length: 4
RFPb


# name: isOctave
# type: bool
1




