# Created by Octave 5.2.0, Tue Mar 29 11:16:05 2022 CEST <student@gregor-Latitude-E6320>
# name: RFP
# type: scalar struct
# ndims: 2
 1 1
# length: 10
# name: vp
# type: sq_string
# elements: 1
# length: 3
V06


# name: mapping
# type: scalar
2


# name: date
# type: sq_string
# elements: 1
# length: 15
20220329T111345


# name: block
# type: scalar
1


# name: outmat
# type: matrix
# rows: 48
# columns: 14
 1 1 127 0.40000000000000002 1 4 16 2200 2.8584073464102069 1.2055020332336426 59 1 1.0449999999999999 0.89999999999999991
 2 1 303 1.2 1 3 20 2000 0.85840734641020688 1.1181862354278564 53 0 1.018 0.69999999999999996
 3 1 53 0 2 3 16 2200 -0.14159265358979312 1.2733218669891357 59 1 0.95399999999999996 0.79999999999999993
 4 1 94 0 2 4 20 2400 -1.1415926535897931 1.7496263980865479 59 1 0.80600000000000005 0.89999999999999991
 5 1 243 0.80000000000000004 2 3 16 2000 1.8584073464102069 1.0348985195159912 59 1 1.163 0.89999999999999991
 6 1 478 1.6000000000000001 2 4 20 2400 -1.1415926535897931 0.81880402565002441 53 0 0.95299999999999996 0.69999999999999996
 7 1 330 1.2 1 4 20 2200 1.8584073464102069 1.0059216022491455 53 0 1.1519999999999999 0.89999999999999991
 8 1 196 0.80000000000000004 1 3 16 2000 -3.1415926535897931 17.962760925292969 59 1 1.042 0.89999999999999991
 9 1 4 0 1 3 16 2000 0.85840734641020688 0.86495137214660645 59 1 1.1659999999999999 0.69999999999999996
 10 1 250 0.80000000000000004 2 3 16 2400 -0.14159265358979312 1.4319941997528076 53 0 1.04 0.79999999999999993
 11 1 192 0.40000000000000002 2 4 20 2400 1.8584073464102069 1.5269348621368408 53 0 1.0449999999999999 0.79999999999999993
 12 1 371 1.2 2 4 16 2400 1.8584073464102069 0.96528363227844238 53 0 1.0329999999999999 1
 13 1 212 0.80000000000000004 1 3 20 2200 -0.14159265358979312 0.8304588794708252 53 0 1.099 1
 14 1 83 0 2 4 16 2400 -3.1415926535897931 4.7404823303222656 59 1 0.81399999999999995 1
 15 1 298 1.2 1 3 16 2400 1.8584073464102069 1.6997184753417969 59 1 0.83199999999999996 0.89999999999999991
 16 1 454 1.6000000000000001 2 3 20 2400 2.8584073464102069 1.2514519691467285 53 0 1.194 0.79999999999999993
 17 1 381 1.2 2 4 20 2400 2.8584073464102069 1.6773898601531982 53 0 0.94399999999999995 1
 18 1 562 3 2 4 16 2400 2.8584073464102069 2.5732026100158691 53 0 0.89800000000000002 0.89999999999999991
 19 1 133 0.40000000000000002 1 4 20 2000 2.8584073464102069 1.1534185409545898 59 1 1.127 0.69999999999999996
 20 1 372 1.2 2 4 16 2400 -1.1415926535897931 0.84584188461303711 53 0 1.107 0.89999999999999991
 21 1 472 1.6000000000000001 2 4 20 2000 -3.1415926535897931 1.3289144039154053 53 0 0.98799999999999999 0.89999999999999991
 22 1 102 0.40000000000000002 1 3 16 2200 0.85840734641020688 3.555145263671875 59 1 0.97199999999999998 0.79999999999999993
 23 1 543 3 2 3 20 2000 0.85840734641020688 1.7668907642364502 53 0 1.0109999999999999 1
 24 1 269 0.80000000000000004 2 4 16 2200 -2.1415926535897931 0.920501708984375 53 0 1.024 0.79999999999999993
 25 1 42 0 1 4 20 2200 -1.1415926535897931 2.2197134494781494 59 1 1.109 0.89999999999999991
 26 1 282 0.80000000000000004 2 4 20 2200 1.8584073464102069 1.9985151290893555 53 0 0.80600000000000005 0.79999999999999993
 27 1 135 0.40000000000000002 1 4 20 2000 1.8584073464102069 1.6630861759185791 53 0 0.83899999999999997 0.69999999999999996
 28 1 306 1.2 1 3 20 2200 -0.14159265358979312 1.259289026260376 53 0 0.82899999999999996 0.79999999999999993
 29 1 268 0.80000000000000004 2 4 16 2000 -3.1415926535897931 1.1125984191894531 53 0 1.2 0.69999999999999996
 30 1 555 3 2 4 16 2000 -3.1415926535897931 1.1017506122589111 53 0 1.0409999999999999 0.79999999999999993
 31 1 439 1.6000000000000001 2 3 16 2200 0.85840734641020688 1.067319393157959 59 1 0.88700000000000001 1
 32 1 33 0 1 4 16 2400 -1.1415926535897931 1.7510571479797363 59 1 1.0980000000000001 0.69999999999999996
 33 1 39 0 1 4 20 2000 -3.1415926535897931 0.88863158226013184 59 1 0.97399999999999998 0.89999999999999991
 34 1 482 3 1 3 16 2000 2.8584073464102069 1.0386762619018555 53 0 1.0409999999999999 1
 35 1 494 3 1 3 20 2000 1.8584073464102069 1.4103207588195801 53 0 1.117 0.79999999999999993
 36 1 324 1.2 1 4 16 2400 -3.1415926535897931 0.874603271484375 53 0 0.80700000000000005 0.69999999999999996
 37 1 37 0 1 4 20 2000 2.8584073464102069 1.5166590213775635 59 1 1.1479999999999999 0.69999999999999996
 38 1 466 1.6000000000000001 2 4 16 2400 -1.1415926535897931 0.83762359619140625 53 0 0.83899999999999997 0.89999999999999991
 39 1 565 3 2 4 20 2000 -1.1415926535897931 3.8793914318084717 53 0 1.1970000000000001 0.89999999999999991
 40 1 273 0.80000000000000004 2 4 16 2400 -2.1415926535897931 1.4143657684326172 53 0 1.0449999999999999 0.69999999999999996
 41 1 522 3 1 4 20 2200 0.85840734641020688 1.3834333419799805 53 0 1.1830000000000001 0.89999999999999991
 42 1 108 0.40000000000000002 1 3 16 2400 -2.1415926535897931 1.1831655502319336 59 1 1.0229999999999999 1
 43 1 189 0.40000000000000002 2 4 20 2400 2.8584073464102069 1.5680217742919922 59 1 1.0860000000000001 0.69999999999999996
 44 1 18 0 1 3 20 2200 1.8584073464102069 1.1051962375640869 59 1 1.093 0.69999999999999996
 45 1 489 3 1 3 16 2400 -2.1415926535897931 0.87293362617492676 53 0 1.141 0.69999999999999996
 46 1 64 0 2 3 20 2000 2.8584073464102069 2.9556612968444824 59 1 1.0169999999999999 1
 47 1 38 0 1 4 20 2000 2.8584073464102069 1.0819301605224609 59 1 1.1910000000000001 1
 48 1 91 0 2 4 20 2200 -1.1415926535897931 1.4310941696166992 59 1 1.123 0.69999999999999996


# name: resolution
# type: matrix
# rows: 1
# columns: 2
 1366 768


# name: hz
# type: scalar
60


# name: pc
# type: sq_string
# elements: 1
# length: 21
gregor-Latitude-E6320


# name: experiment
# type: sq_string
# elements: 1
# length: 4
RFPb


# name: isOctave
# type: bool
1




