# Created by Octave 5.2.0, Tue Mar 29 11:21:47 2022 CEST <student@gregor-Latitude-E6320>
# name: RFP
# type: scalar struct
# ndims: 2
 1 1
# length: 10
# name: vp
# type: sq_string
# elements: 1
# length: 3
V06


# name: mapping
# type: scalar
2


# name: date
# type: sq_string
# elements: 1
# length: 15
20220329T111941


# name: block
# type: scalar
3


# name: outmat
# type: matrix
# rows: 48
# columns: 14
 1 3 19 0 1 3 20 2200 -2.1415926535897931 1.4032001495361328 59 1 1.089 0.89999999999999991
 2 3 210 0.80000000000000004 1 3 20 2200 0.85840734641020688 1.0279793739318848 53 0 1.0229999999999999 0.89999999999999991
 3 3 223 0.80000000000000004 1 4 16 2200 -0.14159265358979312 1.0324764251708984 53 0 1.0409999999999999 0.69999999999999996
 4 3 379 1.2 2 4 20 2200 -1.1415926535897931 2.9990122318267822 53 0 1.133 0.89999999999999991
 5 3 416 1.6000000000000001 1 4 16 2200 -3.1415926535897931 3.6807048320770264 53 0 1.071 0.69999999999999996
 6 3 59 0 2 3 16 2400 -2.1415926535897931 1.4283237457275391 59 1 1.1930000000000001 0.69999999999999996
 7 3 558 3 2 4 16 2200 0.85840734641020688 1.8765223026275635 53 0 1.1539999999999999 0.69999999999999996
 8 3 390 1.6000000000000001 1 3 16 2200 1.8584073464102069 1.9384596347808838 53 0 1.133 1
 9 3 541 3 2 3 20 2000 -1.1415926535897931 1.1874840259552002 53 0 0.97399999999999998 0.79999999999999993
 10 3 548 3 2 3 20 2200 -1.1415926535897931 1.5407073497772217 53 0 0.88700000000000001 0.89999999999999991
 11 3 517 3 1 4 20 2000 -0.14159265358979312 1.3173356056213379 53 0 0.92800000000000005 1
 12 3 279 0.80000000000000004 2 4 20 2000 0.85840734641020688 2.0121278762817383 53 0 0.89800000000000002 0.89999999999999991
 13 3 97 0.40000000000000002 1 3 16 2000 -3.1415926535897931 1.8211421966552734 59 1 1.1339999999999999 0.69999999999999996
 14 3 355 1.2 2 3 20 2200 -3.1415926535897931 1.8269791603088379 53 0 1.107 1
 15 3 357 1.2 2 3 20 2400 0.85840734641020688 2.1693081855773926 53 0 1.1639999999999999 0.69999999999999996
 16 3 346 1.2 2 3 16 2400 -1.1415926535897931 2.7821292877197266 53 0 0.94799999999999995 1
 17 3 301 1.2 1 3 20 2000 -3.1415926535897931 2.0158708095550537 53 0 0.92500000000000004 0.69999999999999996
 18 3 267 0.80000000000000004 2 4 16 2000 -0.14159265358979312 2.6918902397155762 53 0 1.014 0.69999999999999996
 19 3 291 1.2 1 3 16 2000 2.8584073464102069 1.2126805782318115 53 0 0.85999999999999999 1
 20 3 515 3 1 4 16 2400 2.8584073464102069 1.7514686584472656 53 0 0.84999999999999998 0.89999999999999991
 21 3 276 0.80000000000000004 2 4 16 2400 -0.14159265358979312 2.1278674602508545 59 1 0.83699999999999997 0.69999999999999996
 22 3 540 3 2 3 16 2400 0.85840734641020688 1.4778921604156494 53 0 0.94999999999999996 1
 23 3 186 0.40000000000000002 2 4 20 2200 2.8584073464102069 1.5808417797088623 59 1 0.90300000000000002 0.79999999999999993
 24 3 527 3 1 4 20 2400 -1.1415926535897931 1.5787138938903809 53 0 0.84499999999999997 1
 25 3 308 1.2 1 3 20 2200 -0.14159265358979312 1.11647629737854 53 0 1.1739999999999999 0.89999999999999991
 26 3 255 0.80000000000000004 2 3 20 2000 -3.1415926535897931 1.8176140785217285 53 0 0.82099999999999995 0.69999999999999996
 27 3 140 0.40000000000000002 1 4 20 2200 0.85840734641020688 1.4256083965301514 59 1 0.85299999999999998 1
 28 3 152 0.40000000000000002 2 3 16 2200 2.8584073464102069 1.6185414791107178 53 0 0.92700000000000005 0.79999999999999993
 29 3 572 3 2 4 20 2200 -3.1415926535897931 1.2749993801116943 53 0 1.107 0.79999999999999993
 30 3 1 0 1 3 16 2000 -3.1415926535897931 1.1280286312103271 59 1 0.97099999999999997 1
 31 3 128 0.40000000000000002 1 4 16 2200 0.85840734641020688 1.094257116317749 59 1 1.1539999999999999 0.89999999999999991
 32 3 576 3 2 4 20 2400 0.85840734641020688 0.98061871528625488 53 0 0.83099999999999996 0.89999999999999991
 33 3 203 0.80000000000000004 1 3 16 2400 -1.1415926535897931 1.0697736740112305 59 1 1.0900000000000001 0.89999999999999991
 34 3 447 1.6000000000000001 2 3 20 2000 -2.1415926535897931 1.3493342399597168 53 0 0.88800000000000001 0.69999999999999996
 35 3 254 0.80000000000000004 2 3 20 2000 0.85840734641020688 1.0523781776428223 59 1 0.98499999999999999 0.79999999999999993
 36 3 413 1.6000000000000001 1 4 16 2200 1.8584073464102069 1.345721960067749 53 0 0.85399999999999998 0.69999999999999996
 37 3 244 0.80000000000000004 2 3 16 2000 -0.14159265358979312 1.0625758171081543 59 1 0.86699999999999999 0.69999999999999996
 38 3 165 0.40000000000000002 2 3 20 2400 -1.1415926535897931 1.1861498355865479 59 1 0.96499999999999997 0.69999999999999996
 39 3 67 0 2 3 20 2200 -0.14159265358979312 1.3233897686004639 59 1 1.105 0.69999999999999996
 40 3 502 3 1 3 20 2400 -0.14159265358979312 1.4379520416259766 53 0 1.0900000000000001 0.79999999999999993
 41 3 116 0.40000000000000002 1 3 20 2200 -0.14159265358979312 1.8027915954589844 59 1 0.85199999999999998 0.69999999999999996
 42 3 296 1.2 1 3 16 2200 2.8584073464102069 1.330721378326416 53 0 0.81999999999999995 1
 43 3 101 0.40000000000000002 1 3 16 2200 1.8584073464102069 1.1479494571685791 59 1 0.91500000000000004 0.79999999999999993
 44 3 219 0.80000000000000004 1 4 16 2000 -0.14159265358979312 1.4086599349975586 59 1 0.83199999999999996 1
 45 3 36 0 1 4 16 2400 2.8584073464102069 1.062744140625 59 1 1.0269999999999999 1
 46 3 228 0.80000000000000004 1 4 16 2400 0.85840734641020688 2.5879886150360107 59 1 1.163 0.69999999999999996
 47 3 187 0.40000000000000002 2 4 20 2200 -0.14159265358979312 1.9137485027313232 59 1 0.88700000000000001 0.89999999999999991
 48 3 461 1.6000000000000001 2 4 16 2200 2.8584073464102069 1.1870353221893311 59 1 1.1220000000000001 1


# name: resolution
# type: matrix
# rows: 1
# columns: 2
 1366 768


# name: hz
# type: scalar
60


# name: pc
# type: sq_string
# elements: 1
# length: 21
gregor-Latitude-E6320


# name: experiment
# type: sq_string
# elements: 1
# length: 4
RFPb


# name: isOctave
# type: bool
1




