# Created by Octave 5.2.0, Tue Mar 29 11:34:50 2022 CEST <student@gregor-Latitude-E6320>
# name: RFP
# type: scalar struct
# ndims: 2
 1 1
# length: 10
# name: vp
# type: sq_string
# elements: 1
# length: 3
V06


# name: mapping
# type: scalar
2


# name: date
# type: sq_string
# elements: 1
# length: 15
20220329T113247


# name: block
# type: scalar
9


# name: outmat
# type: matrix
# rows: 48
# columns: 14
 1 9 17 0 1 3 20 2200 0.85840734641020688 2.8039546012878418 59 1 0.93600000000000005 0.79999999999999993
 2 9 167 0.40000000000000002 2 3 20 2400 1.8584073464102069 1.3726973533630371 59 1 1.0029999999999999 0.79999999999999993
 3 9 535 3 2 3 16 2200 0.85840734641020688 0.89990592002868652 53 0 1.0780000000000001 1
 4 9 325 1.2 1 4 20 2000 0.85840734641020688 1.064685583114624 53 0 0.92700000000000005 1
 5 9 25 0 1 4 16 2000 -3.1415926535897931 1.1138095855712891 59 1 1.1060000000000001 1
 6 9 414 1.6000000000000001 1 4 16 2200 -3.1415926535897931 1.2440414428710938 53 0 1.129 0.69999999999999996
 7 9 423 1.6000000000000001 1 4 20 2000 2.8584073464102069 1.0758459568023682 53 0 1.1739999999999999 0.69999999999999996
 8 9 136 0.40000000000000002 1 4 20 2000 -0.14159265358979312 2.9886538982391357 59 1 1.0740000000000001 0.69999999999999996
 9 9 239 0.80000000000000004 1 4 20 2400 2.8584073464102069 1.3706293106079102 59 1 0.89600000000000002 0.69999999999999996
 10 9 364 1.2 2 4 16 2000 -2.1415926535897931 1.4116716384887695 59 1 1.036 1
 11 9 383 1.2 2 4 20 2400 -2.1415926535897931 1.4184927940368652 53 0 0.81399999999999995 0.69999999999999996
 12 9 72 0 2 3 20 2400 2.8584073464102069 1.4229423999786377 59 1 1.135 0.79999999999999993
 13 9 546 3 2 3 20 2200 -1.1415926535897931 1.392209529876709 53 0 1.1699999999999999 0.79999999999999993
 14 9 384 1.2 2 4 20 2400 -0.14159265358979312 1.0739157199859619 53 0 1.0469999999999999 0.89999999999999991
 15 9 318 1.2 1 4 16 2200 -3.1415926535897931 2.9608912467956543 59 1 1.038 0.89999999999999991
 16 9 184 0.40000000000000002 2 4 20 2000 0.85840734641020688 1.2405414581298828 59 1 1.083 0.89999999999999991
 17 9 26 0 1 4 16 2000 -2.1415926535897931 0.95357632637023926 59 1 0.81200000000000006 0.69999999999999996
 18 9 367 1.2 2 4 16 2200 -2.1415926535897931 1.2163376808166504 53 0 1.1919999999999999 1
 19 9 395 1.6000000000000001 1 3 16 2400 -0.14159265358979312 1.70223069190979 53 0 1.028 1
 20 9 63 0 2 3 20 2000 1.8584073464102069 0.84046363830566406 59 1 0.94399999999999995 0.79999999999999993
 21 9 118 0.40000000000000002 1 3 20 2400 1.8584073464102069 2.7331361770629883 59 1 1.151 1
 22 9 57 0 2 3 16 2400 0.85840734641020688 1.3179483413696289 59 1 0.80000000000000004 1
 23 9 79 0 2 4 16 2200 -3.1415926535897931 3.0959339141845703 59 1 0.80300000000000005 1
 24 9 375 1.2 2 4 20 2000 0.85840734641020688 1.4157404899597168 59 1 1.044 0.69999999999999996
 25 9 561 3 2 4 16 2400 1.8584073464102069 1.3558323383331299 53 0 0.93700000000000006 0.79999999999999993
 26 9 361 1.2 2 4 16 2000 1.8584073464102069 1.0655739307403564 53 0 1.0620000000000001 0.69999999999999996
 27 9 112 0.40000000000000002 1 3 20 2000 -1.1415926535897931 0.83279156684875488 59 1 0.96799999999999997 0.89999999999999991
 28 9 224 0.80000000000000004 1 4 16 2200 -0.14159265358979312 2.6491227149963379 59 1 1.0629999999999999 1
 29 9 30 0 1 4 16 2200 -3.1415926535897931 1.2016713619232178 59 1 1.089 0.89999999999999991
 30 9 542 3 2 3 20 2000 -1.1415926535897931 2.0024025440216064 53 0 0.95699999999999996 0.69999999999999996
 31 9 29 0 1 4 16 2200 1.8584073464102069 1.7005684375762939 59 1 0.96299999999999997 1
 32 9 351 1.2 2 3 20 2000 -2.1415926535897931 1.5892517566680908 53 0 0.877 0.89999999999999991
 33 9 337 1.2 2 3 16 2000 -0.14159265358979312 1.5289046764373779 53 0 0.91200000000000003 0.79999999999999993
 34 9 388 1.6000000000000001 1 3 16 2000 -0.14159265358979312 1.7925982475280762 53 0 1.0069999999999999 0.69999999999999996
 35 9 378 1.2 2 4 20 2200 -3.1415926535897931 1.4092016220092773 53 0 1.016 0.89999999999999991
 36 9 287 0.80000000000000004 2 4 20 2400 1.8584073464102069 1.312685489654541 53 0 0.92900000000000005 0.69999999999999996
 37 9 220 0.80000000000000004 1 4 16 2000 -3.1415926535897931 0.86901259422302246 53 0 1.079 0.69999999999999996
 38 9 574 3 2 4 20 2400 -2.1415926535897931 0.89333105087280273 53 0 0.90200000000000002 0.89999999999999991
 39 9 47 0 1 4 20 2400 -3.1415926535897931 0.88374423980712891 59 1 0.98499999999999999 0.69999999999999996
 40 9 115 0.40000000000000002 1 3 20 2200 0.85840734641020688 1.2837004661560059 59 1 0.94699999999999995 1
 41 9 382 1.2 2 4 20 2400 2.8584073464102069 1.1389234066009521 53 0 0.86099999999999999 0.79999999999999993
 42 9 316 1.2 1 4 16 2000 1.8584073464102069 1.3362295627593994 53 0 1.1830000000000001 0.69999999999999996
 43 9 370 1.2 2 4 16 2400 -3.1415926535897931 1.7811005115509033 53 0 0.97399999999999998 0.69999999999999996
 44 9 369 1.2 2 4 16 2400 -3.1415926535897931 2.9846596717834473 53 0 1.026 0.79999999999999993
 45 9 169 0.40000000000000002 2 4 16 2000 -1.1415926535897931 1.1576602458953857 59 1 0.96799999999999997 1
 46 9 448 1.6000000000000001 2 3 20 2000 -1.1415926535897931 1.1918549537658691 53 0 1.1990000000000001 0.89999999999999991
 47 9 179 0.40000000000000002 2 4 16 2400 2.8584073464102069 1.1382036209106445 53 0 1.042 0.89999999999999991
 48 9 256 0.80000000000000004 2 3 20 2000 1.8584073464102069 1.1024425029754639 53 0 1.127 0.79999999999999993


# name: resolution
# type: matrix
# rows: 1
# columns: 2
 1366 768


# name: hz
# type: scalar
60


# name: pc
# type: sq_string
# elements: 1
# length: 21
gregor-Latitude-E6320


# name: experiment
# type: sq_string
# elements: 1
# length: 4
RFPb


# name: isOctave
# type: bool
1




