# Created by Octave 5.2.0, Tue Mar 29 11:40:56 2022 CEST <student@gregor-Latitude-E6320>
# name: RFP
# type: scalar struct
# ndims: 2
 1 1
# length: 10
# name: vp
# type: sq_string
# elements: 1
# length: 3
V06


# name: mapping
# type: scalar
2


# name: date
# type: sq_string
# elements: 1
# length: 15
20220329T113854


# name: block
# type: scalar
12


# name: outmat
# type: matrix
# rows: 48
# columns: 14
 1 12 424 1.6000000000000001 1 4 20 2000 1.8584073464102069 1.0982837677001953 53 0 0.92200000000000004 1
 2 12 524 3 1 4 20 2200 -1.1415926535897931 1.1477992534637451 53 0 0.88200000000000001 0.79999999999999993
 3 12 84 0 2 4 16 2400 -0.14159265358979312 1.5271973609924316 59 1 0.92300000000000004 1
 4 12 520 3 1 4 20 2000 -1.1415926535897931 4.3834645748138428 59 1 1.1299999999999999 0.69999999999999996
 5 12 171 0.40000000000000002 2 4 16 2000 -1.1415926535897931 4.0178954601287842 59 1 0.84799999999999998 0.89999999999999991
 6 12 45 0 1 4 20 2400 -0.14159265358979312 2.032944917678833 59 1 1.0649999999999999 0.89999999999999991
 7 12 52 0 2 3 16 2000 -3.1415926535897931 1.2975742816925049 59 1 1.034 0.79999999999999993
 8 12 98 0.40000000000000002 1 3 16 2000 -0.14159265358979312 0.96148347854614258 59 1 0.86699999999999999 1
 9 12 215 0.80000000000000004 1 3 20 2400 2.8584073464102069 1.0552773475646973 53 0 0.85399999999999998 0.79999999999999993
 10 12 499 3 1 3 20 2200 -2.1415926535897931 1.2246155738830566 53 0 1.1719999999999999 0.89999999999999991
 11 12 85 0 2 4 20 2000 2.8584073464102069 1.1881599426269531 59 1 1.0049999999999999 1
 12 12 89 0 2 4 20 2200 1.8584073464102069 2.9268043041229248 59 1 1.0720000000000001 0.79999999999999993
 13 12 449 1.6000000000000001 2 3 20 2200 2.8584073464102069 1.5104660987854004 53 0 1.0109999999999999 0.89999999999999991
 14 12 238 0.80000000000000004 1 4 20 2400 -0.14159265358979312 1.1000878810882568 53 0 0.98599999999999999 1
 15 12 347 1.2 2 3 16 2400 -3.1415926535897931 3.7868125438690186 53 0 1.1459999999999999 0.89999999999999991
 16 12 514 3 1 4 16 2400 -3.1415926535897931 1.4282052516937256 53 0 0.81000000000000005 0.69999999999999996
 17 12 435 1.6000000000000001 2 3 16 2000 0.85840734641020688 1.7364931106567383 53 0 0.97299999999999998 0.79999999999999993
 18 12 463 1.6000000000000001 2 4 16 2200 -3.1415926535897931 1.2451534271240234 53 0 1.0309999999999999 0.69999999999999996
 19 12 534 3 2 3 16 2200 2.8584073464102069 1.8800139427185059 53 0 0.95599999999999996 0.79999999999999993
 20 12 544 3 2 3 20 2000 -0.14159265358979312 1.1432721614837646 53 0 1.099 0.89999999999999991
 21 12 302 1.2 1 3 20 2000 -1.1415926535897931 1.1674239635467529 53 0 0.92900000000000005 0.79999999999999993
 22 12 305 1.2 1 3 20 2200 -0.14159265358979312 1.1532082557678223 53 0 1.111 0.89999999999999991
 23 12 107 0.40000000000000002 1 3 16 2400 -2.1415926535897931 1.1704323291778564 59 1 1.0249999999999999 0.79999999999999993
 24 12 462 1.6000000000000001 2 4 16 2200 2.8584073464102069 1.3930113315582275 53 0 1.034 1
 25 12 46 0 1 4 20 2400 1.8584073464102069 1.1250128746032715 59 1 1.0660000000000001 0.69999999999999996
 26 12 485 3 1 3 16 2200 -2.1415926535897931 1.2388119697570801 53 0 1.0940000000000001 0.79999999999999993
 27 12 491 3 1 3 16 2400 -1.1415926535897931 0.97173905372619629 53 0 1.0629999999999999 0.69999999999999996
 28 12 232 0.80000000000000004 1 4 20 2000 2.8584073464102069 1.4499058723449707 53 0 1.1140000000000001 0.69999999999999996
 29 12 143 0.40000000000000002 1 4 20 2400 -0.14159265358979312 0.9201512336730957 59 1 1.145 0.69999999999999996
 30 12 352 1.2 2 3 20 2000 -3.1415926535897931 1.2064571380615234 53 0 0.878 0.69999999999999996
 31 12 147 0.40000000000000002 2 3 16 2000 2.8584073464102069 0.97119331359863281 59 1 1.1240000000000001 0.89999999999999991
 32 12 23 0 1 3 20 2400 -2.1415926535897931 1.2342555522918701 59 1 0.82299999999999995 0.89999999999999991
 33 12 148 0.40000000000000002 2 3 16 2000 0.85840734641020688 1.3720684051513672 53 0 1.0780000000000001 1
 34 12 78 0 2 4 16 2200 -1.1415926535897931 1.2362809181213379 59 1 0.89600000000000002 0.89999999999999991
 35 12 12 0 1 3 16 2400 -1.1415926535897931 1.2479705810546875 59 1 1.1319999999999999 1
 36 12 385 1.6000000000000001 1 3 16 2000 2.8584073464102069 0.91105341911315918 53 0 0.86299999999999999 0.69999999999999996
 37 12 326 1.2 1 4 20 2000 -3.1415926535897931 1.1405766010284424 53 0 1.032 0.79999999999999993
 38 12 222 0.80000000000000004 1 4 16 2200 -1.1415926535897931 1.862098217010498 59 1 1.169 0.69999999999999996
 39 12 235 0.80000000000000004 1 4 20 2200 2.8584073464102069 2.1042969226837158 59 1 0.82899999999999996 0.69999999999999996
 40 12 498 3 1 3 20 2200 -3.1415926535897931 1.0794639587402344 53 0 1.113 0.89999999999999991
 41 12 174 0.40000000000000002 2 4 16 2200 -3.1415926535897931 1.2923007011413574 59 1 1.0960000000000001 0.69999999999999996
 42 12 280 0.80000000000000004 2 4 20 2000 -0.14159265358979312 1.1536674499511719 59 1 1.0529999999999999 0.89999999999999991
 43 12 304 1.2 1 3 20 2000 -3.1415926535897931 1.5055019855499268 53 0 0.878 1
 44 12 430 1.6000000000000001 1 4 20 2400 -1.1415926535897931 1.208082914352417 53 0 1.0189999999999999 0.79999999999999993
 45 12 536 3 2 3 16 2200 2.8584073464102069 1.229142427444458 53 0 0.83299999999999996 1
 46 12 401 1.6000000000000001 1 3 20 2200 -1.1415926535897931 1.2778704166412354 53 0 1.1879999999999999 1
 47 12 377 1.2 2 4 20 2200 -0.14159265358979312 0.82815790176391602 53 0 0.92800000000000005 1
 48 12 149 0.40000000000000002 2 3 16 2200 -2.1415926535897931 1.9460272789001465 59 1 0.85299999999999998 0.79999999999999993


# name: resolution
# type: matrix
# rows: 1
# columns: 2
 1366 768


# name: hz
# type: scalar
60


# name: pc
# type: sq_string
# elements: 1
# length: 21
gregor-Latitude-E6320


# name: experiment
# type: sq_string
# elements: 1
# length: 4
RFPb


# name: isOctave
# type: bool
1




