# Created by Octave 5.2.0, Tue Mar 29 11:32:46 2022 CEST <student@gregor-Latitude-E6320>
# name: RFP
# type: scalar struct
# ndims: 2
 1 1
# length: 10
# name: vp
# type: sq_string
# elements: 1
# length: 3
V06


# name: mapping
# type: scalar
2


# name: date
# type: sq_string
# elements: 1
# length: 15
20220329T113102


# name: block
# type: scalar
8


# name: outmat
# type: matrix
# rows: 48
# columns: 14
 1 8 519 3 1 4 20 2000 -0.14159265358979312 0.8791804313659668 53 0 1.0700000000000001 1
 2 8 200 0.80000000000000004 1 3 16 2200 2.8584073464102069 0.966949462890625 53 0 0.80700000000000005 0.69999999999999996
 3 8 61 0 2 3 20 2000 2.8584073464102069 1.0390081405639648 59 1 0.95199999999999996 0.69999999999999996
 4 8 92 0 2 4 20 2200 2.8584073464102069 1.2846791744232178 59 1 1.101 1
 5 8 429 1.6000000000000001 1 4 20 2400 1.8584073464102069 1.0285522937774658 53 0 1.121 0.89999999999999991
 6 8 113 0.40000000000000002 1 3 20 2200 -3.1415926535897931 1.0453300476074219 59 1 0.88100000000000001 0.69999999999999996
 7 8 525 3 1 4 20 2400 -1.1415926535897931 1.1495468616485596 53 0 0.92600000000000005 0.89999999999999991
 8 8 75 0 2 4 16 2000 1.8584073464102069 1.1436989307403564 59 1 1.1579999999999999 1
 9 8 399 1.6000000000000001 1 3 20 2000 2.8584073464102069 1.1891725063323975 53 0 0.91700000000000004 0.69999999999999996
 10 8 265 0.80000000000000004 2 4 16 2000 -0.14159265358979312 1.0577049255371094 59 1 0.96999999999999997 0.89999999999999991
 11 8 564 3 2 4 16 2400 -1.1415926535897931 1.3993933200836182 53 0 1.119 1
 12 8 365 1.2 2 4 16 2200 0.85840734641020688 1.3676526546478271 59 1 0.996 1
 13 8 311 1.2 1 3 20 2400 -0.14159265358979312 1.3069651126861572 53 0 0.97599999999999998 1
 14 8 350 1.2 2 3 20 2000 2.8584073464102069 1.1014208793640137 53 0 0.83099999999999996 0.89999999999999991
 15 8 293 1.2 1 3 16 2200 0.85840734641020688 1.0571579933166504 53 0 0.80000000000000004 0.89999999999999991
 16 8 480 1.6000000000000001 2 4 20 2400 2.8584073464102069 1.0664529800415039 53 0 0.82599999999999996 1
 17 8 511 3 1 4 16 2200 2.8584073464102069 0.85724592208862305 53 0 0.98299999999999998 0.79999999999999993
 18 8 151 0.40000000000000002 2 3 16 2200 1.8584073464102069 1.0021393299102783 59 1 0.86499999999999999 0.89999999999999991
 19 8 71 0 2 3 20 2400 2.8584073464102069 1.2922463417053223 59 1 0.91300000000000003 0.79999999999999993
 20 8 242 0.80000000000000004 2 3 16 2000 0.85840734641020688 1.0711212158203125 59 1 1.194 0.89999999999999991
 21 8 182 0.40000000000000002 2 4 20 2000 0.85840734641020688 0.97172069549560547 59 1 1.1950000000000001 0.69999999999999996
 22 8 441 1.6000000000000001 2 3 16 2400 -0.14159265358979312 1.1110963821411133 53 0 0.81000000000000005 0.89999999999999991
 23 8 314 1.2 1 4 16 2000 -3.1415926535897931 1.311800479888916 53 0 1.177 0.79999999999999993
 24 8 353 1.2 2 3 20 2200 1.8584073464102069 1.0458815097808838 59 1 0.80400000000000005 0.69999999999999996
 25 8 159 0.40000000000000002 2 3 20 2000 -2.1415926535897931 1.055586576461792 53 0 1.044 0.89999999999999991
 26 8 492 3 1 3 16 2400 0.85840734641020688 1.4402451515197754 53 0 1.0880000000000001 0.89999999999999991
 27 8 427 1.6000000000000001 1 4 20 2200 -3.1415926535897931 0.93620681762695312 53 0 0.82399999999999995 0.79999999999999993
 28 8 110 0.40000000000000002 1 3 20 2000 -0.14159265358979312 0.99936032295227051 59 1 1.0680000000000001 0.79999999999999993
 29 8 168 0.40000000000000002 2 3 20 2400 1.8584073464102069 1.258981466293335 59 1 1.1890000000000001 1
 30 8 56 0 2 3 16 2200 -2.1415926535897931 1.0566003322601318 59 1 0.95599999999999996 0.89999999999999991
 31 8 90 0 2 4 20 2200 2.8584073464102069 1.0882480144500732 59 1 1.143 0.69999999999999996
 32 8 249 0.80000000000000004 2 3 16 2400 1.8584073464102069 1.1419591903686523 59 1 1.1859999999999999 0.69999999999999996
 33 8 516 3 1 4 16 2400 0.85840734641020688 1.4125962257385254 53 0 0.95999999999999996 0.89999999999999991
 34 8 160 0.40000000000000002 2 3 20 2000 0.85840734641020688 1.5710139274597168 59 1 1.115 0.69999999999999996
 35 8 460 1.6000000000000001 2 4 16 2000 1.8584073464102069 1.0756092071533203 59 1 1.0569999999999999 0.69999999999999996
 36 8 433 1.6000000000000001 2 3 16 2000 -0.14159265358979312 0.92174816131591797 53 0 0.85499999999999998 1
 37 8 206 0.80000000000000004 1 3 20 2000 0.85840734641020688 0.91910028457641602 59 1 1.1599999999999999 0.79999999999999993
 38 8 134 0.40000000000000002 1 4 20 2000 -2.1415926535897931 1.0037209987640381 59 1 0.871 1
 39 8 354 1.2 2 3 20 2200 2.8584073464102069 1.2782163619995117 53 0 1.0029999999999999 0.79999999999999993
 40 8 477 1.6000000000000001 2 4 20 2400 2.8584073464102069 1.4604082107543945 59 1 0.90100000000000002 0.69999999999999996
 41 8 234 0.80000000000000004 1 4 20 2200 1.8584073464102069 1.0536262989044189 59 1 1.1299999999999999 0.69999999999999996
 42 8 531 3 2 3 16 2000 -2.1415926535897931 1.4051291942596436 53 0 0.95899999999999996 0.79999999999999993
 43 8 80 0 2 4 16 2200 -0.14159265358979312 1.3852899074554443 59 1 0.93600000000000005 1
 44 8 336 1.2 1 4 20 2400 1.8584073464102069 1.0584242343902588 53 0 0.96799999999999997 1
 45 8 14 0 1 3 20 2000 0.85840734641020688 1.054112434387207 59 1 1.048 0.79999999999999993
 46 8 294 1.2 1 3 16 2200 -1.1415926535897931 1.082531213760376 59 1 0.85399999999999998 1
 47 8 389 1.6000000000000001 1 3 16 2200 0.85840734641020688 1.0195434093475342 53 0 1.0169999999999999 0.69999999999999996
 48 8 334 1.2 1 4 20 2400 -0.14159265358979312 1.1145071983337402 53 0 0.997 0.79999999999999993


# name: resolution
# type: matrix
# rows: 1
# columns: 2
 1366 768


# name: hz
# type: scalar
60


# name: pc
# type: sq_string
# elements: 1
# length: 21
gregor-Latitude-E6320


# name: experiment
# type: sq_string
# elements: 1
# length: 4
RFPb


# name: isOctave
# type: bool
1




