# Created by Octave 5.2.0, Tue Mar 29 11:23:52 2022 CEST <student@gregor-Latitude-E6320>
# name: RFP
# type: scalar struct
# ndims: 2
 1 1
# length: 10
# name: vp
# type: sq_string
# elements: 1
# length: 3
V06


# name: mapping
# type: scalar
2


# name: date
# type: sq_string
# elements: 1
# length: 15
20220329T112153


# name: block
# type: scalar
4


# name: outmat
# type: matrix
# rows: 48
# columns: 14
 1 4 173 0.40000000000000002 2 4 16 2200 0.85840734641020688 1.0743203163146973 59 1 1.0349999999999999 0.69999999999999996
 2 4 205 0.80000000000000004 1 3 20 2000 2.8584073464102069 1.0649724006652832 59 1 0.99399999999999999 0.69999999999999996
 3 4 359 1.2 2 3 20 2400 -0.14159265358979312 1.4362344741821289 59 1 1.079 0.79999999999999993
 4 4 109 0.40000000000000002 1 3 20 2000 -1.1415926535897931 1.0276846885681152 59 1 0.80700000000000005 0.79999999999999993
 5 4 450 1.6000000000000001 2 3 20 2200 -0.14159265358979312 1.8874657154083252 59 1 1.1000000000000001 0.89999999999999991
 6 4 339 1.2 2 3 16 2000 1.8584073464102069 1.0677890777587891 53 0 1.1879999999999999 0.69999999999999996
 7 4 132 0.40000000000000002 1 4 16 2400 0.85840734641020688 1.4160902500152588 59 1 0.86499999999999999 1
 8 4 162 0.40000000000000002 2 3 20 2200 1.8584073464102069 1.8714096546173096 59 1 0.878 0.69999999999999996
 9 4 40 0 1 4 20 2000 2.8584073464102069 1.5304141044616699 59 1 0.98399999999999999 0.89999999999999991
 10 4 518 3 1 4 20 2000 2.8584073464102069 1.1721832752227783 53 0 1.196 0.69999999999999996
 11 4 177 0.40000000000000002 2 4 16 2400 2.8584073464102069 1.5442721843719482 59 1 1.0549999999999999 1
 12 4 86 0 2 4 20 2000 1.8584073464102069 1.5130875110626221 59 1 0.94999999999999996 0.89999999999999991
 13 4 11 0 1 3 16 2400 -2.1415926535897931 1.6550230979919434 59 1 1.147 0.69999999999999996
 14 4 539 3 2 3 16 2400 0.85840734641020688 1.2139575481414795 53 0 1.1339999999999999 0.79999999999999993
 15 4 358 1.2 2 3 20 2400 -3.1415926535897931 1.0421068668365479 53 0 1.099 1
 16 4 443 1.6000000000000001 2 3 16 2400 0.85840734641020688 1.7604668140411377 53 0 0.872 1
 17 4 217 0.80000000000000004 1 4 16 2000 1.8584073464102069 1.6011579036712646 53 0 0.88300000000000001 0.89999999999999991
 18 4 164 0.40000000000000002 2 3 20 2200 -1.1415926535897931 1.0809142589569092 59 1 1.099 0.69999999999999996
 19 4 410 1.6000000000000001 1 4 16 2000 -3.1415926535897931 1.1056540012359619 53 0 1.0569999999999999 0.89999999999999991
 20 4 131 0.40000000000000002 1 4 16 2400 -0.14159265358979312 1.3374106884002686 59 1 0.95699999999999996 0.79999999999999993
 21 4 218 0.80000000000000004 1 4 16 2000 -1.1415926535897931 0.91522979736328125 59 1 1.0089999999999999 1
 22 4 271 0.80000000000000004 2 4 16 2200 -3.1415926535897931 1.5198841094970703 59 1 1.091 0.79999999999999993
 23 4 199 0.80000000000000004 1 3 16 2200 -2.1415926535897931 1.1117501258850098 59 1 0.89900000000000002 0.69999999999999996
 24 4 556 3 2 4 16 2000 -1.1415926535897931 1.5632941722869873 53 0 0.93100000000000005 0.79999999999999993
 25 4 312 1.2 1 3 20 2400 0.85840734641020688 1.7220182418823242 53 0 1.0700000000000001 0.79999999999999993
 26 4 172 0.40000000000000002 2 4 16 2000 -1.1415926535897931 1.6017317771911621 59 1 0.93200000000000005 0.69999999999999996
 27 4 284 0.80000000000000004 2 4 20 2200 0.85840734641020688 1.6170876026153564 53 0 0.93200000000000005 1
 28 4 227 0.80000000000000004 1 4 16 2400 -3.1415926535897931 1.0453739166259766 53 0 0.85399999999999998 0.69999999999999996
 29 4 246 0.80000000000000004 2 3 16 2200 -1.1415926535897931 1.0927684307098389 53 0 0.877 0.79999999999999993
 30 4 264 0.80000000000000004 2 3 20 2400 -0.14159265358979312 1.1236224174499512 53 0 1.194 0.69999999999999996
 31 4 21 0 1 3 20 2400 -1.1415926535897931 3.7074816226959229 59 1 1.0129999999999999 1
 32 4 66 0 2 3 20 2200 -2.1415926535897931 0.92158961296081543 59 1 1.105 0.79999999999999993
 33 4 340 1.2 2 3 16 2000 -0.14159265358979312 1.4863450527191162 59 1 1.0700000000000001 0.89999999999999991
 34 4 309 1.2 1 3 20 2400 -0.14159265358979312 1.7752821445465088 59 1 0.82999999999999996 0.89999999999999991
 35 4 391 1.6000000000000001 1 3 16 2200 -2.1415926535897931 0.95334053039550781 59 1 0.92000000000000004 1
 36 4 459 1.6000000000000001 2 4 16 2000 1.8584073464102069 1.0640532970428467 53 0 1.1879999999999999 0.89999999999999991
 37 4 221 0.80000000000000004 1 4 16 2200 -2.1415926535897931 1.7026681900024414 53 0 0.93799999999999994 0.89999999999999991
 38 4 281 0.80000000000000004 2 4 20 2200 -3.1415926535897931 1.0409080982208252 59 1 0.98199999999999998 0.69999999999999996
 39 4 317 1.2 1 4 16 2200 -1.1415926535897931 1.3972539901733398 53 0 0.95299999999999996 0.69999999999999996
 40 4 22 0 1 3 20 2400 0.85840734641020688 1.0698642730712891 59 1 0.88600000000000001 0.79999999999999993
 41 4 408 1.6000000000000001 1 3 20 2400 -0.14159265358979312 1.2374792098999023 53 0 0.877 0.69999999999999996
 42 4 204 0.80000000000000004 1 3 16 2400 1.8584073464102069 1.619025707244873 53 0 1.0549999999999999 0.89999999999999991
 43 4 150 0.40000000000000002 2 3 16 2200 -0.14159265358979312 1.0546128749847412 59 1 1.194 1
 44 4 380 1.2 2 4 20 2200 -3.1415926535897931 3.0047011375427246 53 0 1.161 0.79999999999999993
 45 4 211 0.80000000000000004 1 3 20 2200 2.8584073464102069 1.8293304443359375 53 0 0.91000000000000003 0.79999999999999993
 46 4 510 3 1 4 16 2200 0.85840734641020688 1.9757328033447266 53 0 1.052 1
 47 4 137 0.40000000000000002 1 4 20 2200 -0.14159265358979312 1.0514070987701416 59 1 0.83599999999999997 0.79999999999999993
 48 4 495 3 1 3 20 2000 -3.1415926535897931 1.8265836238861084 53 0 0.92100000000000004 0.69999999999999996


# name: resolution
# type: matrix
# rows: 1
# columns: 2
 1366 768


# name: hz
# type: scalar
60


# name: pc
# type: sq_string
# elements: 1
# length: 21
gregor-Latitude-E6320


# name: experiment
# type: sq_string
# elements: 1
# length: 4
RFPb


# name: isOctave
# type: bool
1




