# Created by Octave 5.2.0, Tue Mar 29 11:38:54 2022 CEST <student@gregor-Latitude-E6320>
# name: RFP
# type: scalar struct
# ndims: 2
 1 1
# length: 10
# name: vp
# type: sq_string
# elements: 1
# length: 3
V06


# name: mapping
# type: scalar
2


# name: date
# type: sq_string
# elements: 1
# length: 15
20220329T113701


# name: block
# type: scalar
11


# name: outmat
# type: matrix
# rows: 48
# columns: 14
 1 11 155 0.40000000000000002 2 3 16 2400 -0.14159265358979312 1.0730032920837402 59 1 0.83399999999999996 0.69999999999999996
 2 11 201 0.80000000000000004 1 3 16 2400 -3.1415926535897931 1.239572286605835 53 0 1.1419999999999999 1
 3 11 245 0.80000000000000004 2 3 16 2200 0.85840734641020688 1.3098475933074951 53 0 0.92800000000000005 0.69999999999999996
 4 11 373 1.2 2 4 20 2000 -2.1415926535897931 1.2921836376190186 53 0 1.0249999999999999 1
 5 11 376 1.2 2 4 20 2000 -1.1415926535897931 1.2507703304290771 53 0 0.88500000000000001 0.89999999999999991
 6 11 16 0 1 3 20 2000 -3.1415926535897931 1.1941497325897217 59 1 0.88500000000000001 0.79999999999999993
 7 11 285 0.80000000000000004 2 4 20 2400 -1.1415926535897931 1.2369301319122314 53 0 0.97699999999999998 1
 8 11 362 1.2 2 4 16 2000 -1.1415926535897931 1.8501265048980713 53 0 1.0489999999999999 1
 9 11 451 1.6000000000000001 2 3 20 2200 -3.1415926535897931 1.2656722068786621 53 0 1.1919999999999999 1
 10 11 82 0 2 4 16 2400 -0.14159265358979312 1.084031343460083 59 1 0.90900000000000003 0.69999999999999996
 11 11 432 1.6000000000000001 1 4 20 2400 -0.14159265358979312 1.2100300788879395 53 0 0.89600000000000002 1
 12 11 412 1.6000000000000001 1 4 16 2000 2.8584073464102069 1.1569979190826416 53 0 1.1160000000000001 0.89999999999999991
 13 11 483 3 1 3 16 2000 1.8584073464102069 0.9277341365814209 53 0 0.80000000000000004 0.69999999999999996
 14 11 144 0.40000000000000002 1 4 20 2400 -0.14159265358979312 1.1217305660247803 59 1 0.85399999999999998 0.69999999999999996
 15 11 470 1.6000000000000001 2 4 20 2000 2.8584073464102069 1.4624941349029541 53 0 1.103 0.89999999999999991
 16 11 310 1.2 1 3 20 2400 -1.1415926535897931 1.1115915775299072 53 0 1.085 0.79999999999999993
 17 11 566 3 2 4 20 2000 -3.1415926535897931 1.225872278213501 53 0 0.89200000000000002 0.89999999999999991
 18 11 15 0 1 3 20 2000 -2.1415926535897931 1.0962693691253662 59 1 1.1479999999999999 0.69999999999999996
 19 11 272 0.80000000000000004 2 4 16 2200 -3.1415926535897931 2.3691303730010986 59 1 1.131 0.69999999999999996
 20 11 2 0 1 3 16 2000 2.8584073464102069 1.4721622467041016 59 1 1.1419999999999999 1
 21 11 567 3 2 4 20 2000 -2.1415926535897931 1.5466842651367188 53 0 0.84299999999999997 0.89999999999999991
 22 11 43 0 1 4 20 2200 0.85840734641020688 1.2202780246734619 59 1 0.95799999999999996 0.79999999999999993
 23 11 338 1.2 2 3 16 2000 1.8584073464102069 1.0540790557861328 53 0 0.87 1
 24 11 95 0 2 4 20 2400 2.8584073464102069 1.1177070140838623 59 1 0.85999999999999999 0.89999999999999991
 25 11 329 1.2 1 4 20 2200 0.85840734641020688 1.0620021820068359 53 0 0.85999999999999999 1
 26 11 569 3 2 4 20 2200 -1.1415926535897931 1.0826716423034668 53 0 0.98499999999999999 0.89999999999999991
 27 11 545 3 2 3 20 2200 -3.1415926535897931 1.0328257083892822 53 0 0.94399999999999995 0.79999999999999993
 28 11 202 0.80000000000000004 1 3 16 2400 -0.14159265358979312 1.0463972091674805 53 0 1.123 0.69999999999999996
 29 11 44 0 1 4 20 2200 1.8584073464102069 1.134300708770752 59 1 1.0760000000000001 0.89999999999999991
 30 11 122 0.40000000000000002 1 4 16 2000 2.8584073464102069 2.8764753341674805 59 1 1.151 1
 31 11 70 0 2 3 20 2400 -2.1415926535897931 0.92183518409729004 59 1 0.92700000000000005 0.69999999999999996
 32 11 251 0.80000000000000004 2 3 16 2400 -0.14159265358979312 1.1775956153869629 53 0 0.98799999999999999 0.79999999999999993
 33 11 156 0.40000000000000002 2 3 16 2400 -3.1415926535897931 0.84949135780334473 59 1 1.133 0.69999999999999996
 34 11 195 0.80000000000000004 1 3 16 2000 0.85840734641020688 1.1007652282714844 53 0 1.032 0.79999999999999993
 35 11 549 3 2 3 20 2400 -3.1415926535897931 1.1623682975769043 53 0 0.90000000000000002 0.69999999999999996
 36 11 262 0.80000000000000004 2 3 20 2400 -3.1415926535897931 1.0925459861755371 53 0 0.84199999999999997 0.79999999999999993
 37 11 512 3 1 4 16 2200 -3.1415926535897931 1.3147006034851074 53 0 1.028 0.79999999999999993
 38 11 123 0.40000000000000002 1 4 16 2000 2.8584073464102069 1.3380045890808105 59 1 0.81999999999999995 0.69999999999999996
 39 11 65 0 2 3 20 2200 -1.1415926535897931 1.51493239402771 59 1 0.93700000000000006 0.89999999999999991
 40 11 428 1.6000000000000001 1 4 20 2200 1.8584073464102069 3.5487067699432373 53 0 0.88800000000000001 0.69999999999999996
 41 11 138 0.40000000000000002 1 4 20 2200 -3.1415926535897931 1.6401972770690918 59 1 1.026 1
 42 11 521 3 1 4 20 2200 1.8584073464102069 0.99110078811645508 53 0 1.113 0.89999999999999991
 43 11 457 1.6000000000000001 2 4 16 2000 -1.1415926535897931 1.5618653297424316 53 0 1.1319999999999999 0.69999999999999996
 44 11 257 0.80000000000000004 2 3 20 2200 1.8584073464102069 1.4341106414794922 53 0 0.82199999999999995 0.79999999999999993
 45 11 397 1.6000000000000001 1 3 20 2000 -1.1415926535897931 1.0424013137817383 53 0 0.98299999999999998 1
 46 11 198 0.80000000000000004 1 3 16 2200 -1.1415926535897931 1.6301083564758301 53 0 1.0880000000000001 0.79999999999999993
 47 11 418 1.6000000000000001 1 4 16 2400 1.8584073464102069 1.0699141025543213 53 0 0.89300000000000002 0.89999999999999991
 48 11 419 1.6000000000000001 1 4 16 2400 -1.1415926535897931 1.3969147205352783 53 0 1.1379999999999999 0.69999999999999996


# name: resolution
# type: matrix
# rows: 1
# columns: 2
 1366 768


# name: hz
# type: scalar
60


# name: pc
# type: sq_string
# elements: 1
# length: 21
gregor-Latitude-E6320


# name: experiment
# type: sq_string
# elements: 1
# length: 4
RFPb


# name: isOctave
# type: bool
1




