# Created by Octave 5.2.0, Tue Mar 29 11:36:46 2022 CEST <student@gregor-Latitude-E6320>
# name: RFP
# type: scalar struct
# ndims: 2
 1 1
# length: 10
# name: vp
# type: sq_string
# elements: 1
# length: 3
V06


# name: mapping
# type: scalar
2


# name: date
# type: sq_string
# elements: 1
# length: 15
20220329T113451


# name: block
# type: scalar
10


# name: outmat
# type: matrix
# rows: 48
# columns: 14
 1 10 394 1.6000000000000001 1 3 16 2400 0.85840734641020688 1.1608400344848633 53 0 1.026 0.89999999999999991
 2 10 458 1.6000000000000001 2 4 16 2000 -0.14159265358979312 0.996124267578125 53 0 0.98499999999999999 0.89999999999999991
 3 10 405 1.6000000000000001 1 3 20 2400 -1.1415926535897931 1.130312442779541 53 0 1.0800000000000001 0.69999999999999996
 4 10 74 0 2 4 16 2000 2.8584073464102069 1.0218679904937744 59 1 0.94699999999999995 0.69999999999999996
 5 10 374 1.2 2 4 20 2000 0.85840734641020688 1.0535275936126709 53 0 0.94299999999999995 0.69999999999999996
 6 10 3 0 1 3 16 2000 -3.1415926535897931 1.1116476058959961 59 1 1.044 0.79999999999999993
 7 10 166 0.40000000000000002 2 3 20 2400 0.85840734641020688 1.0693869590759277 59 1 0.97299999999999998 0.89999999999999991
 8 10 77 0 2 4 16 2200 -2.1415926535897931 1.0576081275939941 59 1 1.091 1
 9 10 366 1.2 2 4 16 2200 0.85840734641020688 1.1342346668243408 53 0 0.97399999999999998 0.79999999999999993
 10 10 248 0.80000000000000004 2 3 16 2200 1.8584073464102069 1.2441465854644775 53 0 0.95999999999999996 0.69999999999999996
 11 10 319 1.2 1 4 16 2200 -1.1415926535897931 1.141862154006958 53 0 0.92000000000000004 0.89999999999999991
 12 10 392 1.6000000000000001 1 3 16 2200 -3.1415926535897931 1.876521110534668 53 0 0.997 0.69999999999999996
 13 10 154 0.40000000000000002 2 3 16 2400 2.8584073464102069 1.0023791790008545 59 1 1.012 0.69999999999999996
 14 10 501 3 1 3 20 2400 -2.1415926535897931 1.1623296737670898 53 0 1.006 1
 15 10 442 1.6000000000000001 2 3 16 2400 -1.1415926535897931 1.1128513813018799 53 0 0.91700000000000004 0.79999999999999993
 16 10 496 3 1 3 20 2000 -3.1415926535897931 1.3155133724212646 53 0 1.0700000000000001 0.89999999999999991
 17 10 436 1.6000000000000001 2 3 16 2000 -3.1415926535897931 2.4077267646789551 53 0 1.0529999999999999 0.69999999999999996
 18 10 275 0.80000000000000004 2 4 16 2400 -2.1415926535897931 1.2978830337524414 59 1 1.0660000000000001 0.79999999999999993
 19 10 129 0.40000000000000002 1 4 16 2400 0.85840734641020688 0.9194941520690918 59 1 0.94499999999999995 1
 20 10 335 1.2 1 4 20 2400 -3.1415926535897931 1.9876871109008789 53 0 0.85099999999999998 0.79999999999999993
 21 10 194 0.80000000000000004 1 3 16 2000 -0.14159265358979312 1.2175636291503906 59 1 0.95199999999999996 0.79999999999999993
 22 10 6 0 1 3 16 2200 -0.14159265358979312 1.1286830902099609 59 1 0.81299999999999994 0.89999999999999991
 23 10 240 0.80000000000000004 1 4 20 2400 -1.1415926535897931 1.2060554027557373 59 1 1.1950000000000001 1
 24 10 31 0 1 4 16 2200 -2.1415926535897931 0.88379764556884766 59 1 0.99399999999999999 1
 25 10 62 0 2 3 20 2000 -1.1415926535897931 1.0478105545043945 59 1 1.002 0.69999999999999996
 26 10 363 1.2 2 4 16 2000 1.8584073464102069 1.3725316524505615 53 0 1.044 1
 27 10 415 1.6000000000000001 1 4 16 2200 -1.1415926535897931 1.0930101871490479 53 0 0.82499999999999996 0.89999999999999991
 28 10 421 1.6000000000000001 1 4 20 2000 -1.1415926535897931 1.2039380073547363 53 0 1.147 0.69999999999999996
 29 10 188 0.40000000000000002 2 4 20 2200 -0.14159265358979312 1.1595549583435059 53 0 1.1859999999999999 0.69999999999999996
 30 10 117 0.40000000000000002 1 3 20 2400 -3.1415926535897931 1.3229520320892334 59 1 0.91100000000000003 0.89999999999999991
 31 10 445 1.6000000000000001 2 3 20 2000 0.85840734641020688 0.91912603378295898 53 0 0.93600000000000005 0.89999999999999991
 32 10 568 3 2 4 20 2000 0.85840734641020688 1.1458015441894531 53 0 0.90500000000000003 0.89999999999999991
 33 10 300 1.2 1 3 16 2400 -0.14159265358979312 2.6296966075897217 53 0 0.83099999999999996 0.79999999999999993
 34 10 191 0.40000000000000002 2 4 20 2400 -1.1415926535897931 1.4895751476287842 59 1 0.998 0.69999999999999996
 35 10 8 0 1 3 16 2200 -0.14159265358979312 4.0370409488677979 59 1 0.88700000000000001 0.79999999999999993
 36 10 13 0 1 3 20 2000 1.8584073464102069 0.82735538482666016 59 1 0.879 0.69999999999999996
 37 10 295 1.2 1 3 16 2200 0.85840734641020688 1.1542346477508545 53 0 1.1779999999999999 0.89999999999999991
 38 10 455 1.6000000000000001 2 3 20 2400 -2.1415926535897931 1.0865705013275146 53 0 1.103 0.69999999999999996
 39 10 5 0 1 3 16 2200 -0.14159265358979312 1.1788671016693115 59 1 0.97199999999999998 1
 40 10 396 1.6000000000000001 1 3 16 2400 -1.1415926535897931 1.4031956195831299 53 0 1.1879999999999999 0.89999999999999991
 41 10 473 1.6000000000000001 2 4 20 2200 -3.1415926535897931 2.0999524593353271 53 0 1.1279999999999999 1
 42 10 490 3 1 3 16 2400 2.8584073464102069 1.6485245227813721 53 0 0.86599999999999999 0.89999999999999991
 43 10 87 0 2 4 20 2000 0.85840734641020688 1.5859780311584473 59 1 0.80400000000000005 0.79999999999999993
 44 10 237 0.80000000000000004 1 4 20 2400 -3.1415926535897931 1.5081772804260254 59 1 1.0489999999999999 0.69999999999999996
 45 10 233 0.80000000000000004 1 4 20 2200 -2.1415926535897931 1.316396951675415 59 1 0.90300000000000002 0.69999999999999996
 46 10 500 3 1 3 20 2200 -1.1415926535897931 1.3353464603424072 53 0 0.996 1
 47 10 387 1.6000000000000001 1 3 16 2000 0.85840734641020688 2.0604574680328369 53 0 0.81599999999999995 0.69999999999999996
 48 10 81 0 2 4 16 2400 -2.1415926535897931 1.3143823146820068 59 1 0.85099999999999998 0.79999999999999993


# name: resolution
# type: matrix
# rows: 1
# columns: 2
 1366 768


# name: hz
# type: scalar
60


# name: pc
# type: sq_string
# elements: 1
# length: 21
gregor-Latitude-E6320


# name: experiment
# type: sq_string
# elements: 1
# length: 4
RFPb


# name: isOctave
# type: bool
1




