# Created by Octave 5.2.0, Tue Mar 29 11:18:29 2022 CEST <student@gregor-Latitude-E6320>
# name: RFP
# type: scalar struct
# ndims: 2
 1 1
# length: 10
# name: vp
# type: sq_string
# elements: 1
# length: 3
V06


# name: mapping
# type: scalar
2


# name: date
# type: sq_string
# elements: 1
# length: 15
20220329T111624


# name: block
# type: scalar
2


# name: outmat
# type: matrix
# rows: 48
# columns: 14
 1 2 403 1.6000000000000001 1 3 20 2200 -3.1415926535897931 2.0331215858459473 53 0 0.94399999999999995 0.79999999999999993
 2 2 236 0.80000000000000004 1 4 20 2200 2.8584073464102069 1.1191778182983398 53 0 1.135 0.89999999999999991
 3 2 497 3 1 3 20 2200 -2.1415926535897931 1.486119270324707 53 0 1.0109999999999999 0.79999999999999993
 4 2 453 1.6000000000000001 2 3 20 2400 -0.14159265358979312 0.85607361793518066 53 0 0.93799999999999994 0.79999999999999993
 5 2 404 1.6000000000000001 1 3 20 2200 -2.1415926535897931 1.6628282070159912 53 0 1.1339999999999999 0.79999999999999993
 6 2 146 0.40000000000000002 2 3 16 2000 2.8584073464102069 1.0221290588378906 59 1 1.194 1
 7 2 105 0.40000000000000002 1 3 16 2400 -1.1415926535897931 1.0639264583587646 59 1 1.1899999999999999 0.79999999999999993
 8 2 258 0.80000000000000004 2 3 20 2200 -3.1415926535897931 1.9595382213592529 59 1 0.99099999999999999 0.79999999999999993
 9 2 190 0.40000000000000002 2 4 20 2400 0.85840734641020688 1.0596237182617188 59 1 0.94499999999999995 0.79999999999999993
 10 2 7 0 1 3 16 2200 1.8584073464102069 1.138512134552002 59 1 0.86799999999999999 0.89999999999999991
 11 2 431 1.6000000000000001 1 4 20 2400 -0.14159265358979312 1.5161449909210205 53 0 0.97499999999999998 0.89999999999999991
 12 2 20 0 1 3 20 2200 2.8584073464102069 0.84657406806945801 59 1 0.82199999999999995 1
 13 2 157 0.40000000000000002 2 3 20 2000 -0.14159265358979312 1.048863410949707 59 1 1.0600000000000001 0.79999999999999993
 14 2 332 1.2 1 4 20 2200 2.8584073464102069 1.5098841190338135 53 0 0.85699999999999998 0.79999999999999993
 15 2 124 0.40000000000000002 1 4 16 2000 1.8584073464102069 2.1699984073638916 59 1 1.081 0.79999999999999993
 16 2 571 3 2 4 20 2200 -0.14159265358979312 1.3005514144897461 53 0 0.86499999999999999 0.89999999999999991
 17 2 260 0.80000000000000004 2 3 20 2200 -2.1415926535897931 1.3133869171142578 53 0 1.115 1
 18 2 27 0 1 4 16 2000 1.8584073464102069 2.1863634586334229 59 1 0.92300000000000004 0.69999999999999996
 19 2 553 3 2 4 16 2000 -1.1415926535897931 1.6889505386352539 53 0 1.0720000000000001 1
 20 2 550 3 2 3 20 2400 -3.1415926535897931 2.6578195095062256 53 0 1.1679999999999999 0.79999999999999993
 21 2 471 1.6000000000000001 2 4 20 2000 1.8584073464102069 0.82657408714294434 53 0 1.006 0.69999999999999996
 22 2 368 1.2 2 4 16 2200 2.8584073464102069 1.0529489517211914 53 0 0.91700000000000004 0.89999999999999991
 23 2 349 1.2 2 3 20 2000 -0.14159265358979312 0.84710836410522461 53 0 1.1879999999999999 0.69999999999999996
 24 2 486 3 1 3 16 2200 -3.1415926535897931 0.89389252662658691 53 0 0.97699999999999998 0.79999999999999993
 25 2 197 0.80000000000000004 1 3 16 2200 -1.1415926535897931 1.1172289848327637 53 0 0.95499999999999996 0.79999999999999993
 26 2 181 0.40000000000000002 2 4 20 2000 -0.14159265358979312 0.91145849227905273 59 1 1.1910000000000001 0.89999999999999991
 27 2 507 3 1 4 16 2000 1.8584073464102069 1.0913004875183105 53 0 0.95099999999999996 1
 28 2 106 0.40000000000000002 1 3 16 2400 -3.1415926535897931 1.5305812358856201 59 1 0.98799999999999999 1
 29 2 158 0.40000000000000002 2 3 20 2000 1.8584073464102069 3.7382645606994629 59 1 1.119 0.79999999999999993
 30 2 176 0.40000000000000002 2 4 16 2200 -2.1415926535897931 1.7037894725799561 59 1 0.88900000000000001 0.79999999999999993
 31 2 34 0 1 4 16 2400 -3.1415926535897931 1.4447476863861084 59 1 1.026 0.89999999999999991
 32 2 24 0 1 3 20 2400 -1.1415926535897931 1.0796828269958496 59 1 0.82199999999999995 0.89999999999999991
 33 2 263 0.80000000000000004 2 3 20 2400 0.85840734641020688 5.261873722076416 59 1 1.1839999999999999 0.89999999999999991
 34 2 93 0 2 4 20 2400 -3.1415926535897931 1.566535472869873 59 1 0.97599999999999998 1
 35 2 508 3 1 4 16 2000 -0.14159265358979312 1.3474225997924805 53 0 0.84499999999999997 0.89999999999999991
 36 2 216 0.80000000000000004 1 3 20 2400 1.8584073464102069 2.1668362617492676 53 0 0.83499999999999996 1
 37 2 253 0.80000000000000004 2 3 20 2000 -3.1415926535897931 2.0964457988739014 59 1 1.0609999999999999 1
 38 2 398 1.6000000000000001 1 3 20 2000 2.8584073464102069 1.6007633209228516 53 0 0.97899999999999998 0.79999999999999993
 39 2 452 1.6000000000000001 2 3 20 2200 -1.1415926535897931 1.099449634552002 53 0 1.0209999999999999 0.79999999999999993
 40 2 104 0.40000000000000002 1 3 16 2200 0.85840734641020688 0.95422077178955078 59 1 0.97399999999999998 0.69999999999999996
 41 2 49 0 2 3 16 2000 -2.1415926535897931 1.0525803565979004 59 1 1.0660000000000001 1
 42 2 170 0.40000000000000002 2 4 16 2000 -0.14159265358979312 3.3427131175994873 59 1 1.198 0.89999999999999991
 43 2 469 1.6000000000000001 2 4 20 2000 -0.14159265358979312 1.8752298355102539 53 0 1.0009999999999999 0.79999999999999993
 44 2 348 1.2 2 3 16 2400 -1.1415926535897931 1.7931356430053711 53 0 1.129 0.89999999999999991
 45 2 28 0 1 4 16 2000 -3.1415926535897931 0.84974575042724609 59 1 1.1379999999999999 0.69999999999999996
 46 2 559 3 2 4 16 2200 -3.1415926535897931 1.3876376152038574 53 0 0.92000000000000004 0.89999999999999991
 47 2 259 0.80000000000000004 2 3 20 2200 -2.1415926535897931 1.1534955501556396 53 0 0.98599999999999999 1
 48 2 50 0 2 3 16 2000 0.85840734641020688 0.98320984840393066 59 1 0.92000000000000004 0.79999999999999993


# name: resolution
# type: matrix
# rows: 1
# columns: 2
 1366 768


# name: hz
# type: scalar
60


# name: pc
# type: sq_string
# elements: 1
# length: 21
gregor-Latitude-E6320


# name: experiment
# type: sq_string
# elements: 1
# length: 4
RFPb


# name: isOctave
# type: bool
1




