# Created by Octave 5.2.0, Tue Mar 29 11:27:10 2022 CEST <student@gregor-Latitude-E6320>
# name: RFP
# type: scalar struct
# ndims: 2
 1 1
# length: 10
# name: vp
# type: sq_string
# elements: 1
# length: 3
V06


# name: mapping
# type: scalar
2


# name: date
# type: sq_string
# elements: 1
# length: 15
20220329T112508


# name: block
# type: scalar
5


# name: outmat
# type: matrix
# rows: 48
# columns: 14
 1 5 464 1.6000000000000001 2 4 16 2200 -3.1415926535897931 1.0662801265716553 59 1 1.139 0.79999999999999993
 2 5 292 1.2 1 3 16 2000 -1.1415926535897931 1.1565964221954346 59 1 0.81899999999999995 0.69999999999999996
 3 5 241 0.80000000000000004 2 3 16 2000 -2.1415926535897931 0.99240970611572266 59 1 0.88900000000000001 0.69999999999999996
 4 5 214 0.80000000000000004 1 3 20 2400 -1.1415926535897931 3.202512264251709 59 1 1.1839999999999999 1
 5 5 208 0.80000000000000004 1 3 20 2000 -0.14159265358979312 0.93195247650146484 59 1 1.095 0.89999999999999991
 6 5 552 3 2 3 20 2400 2.8584073464102069 0.95858001708984375 53 0 0.94299999999999995 1
 7 5 538 3 2 3 16 2400 -0.14159265358979312 1.0479562282562256 53 0 0.81499999999999995 1
 8 5 277 0.80000000000000004 2 4 20 2000 -2.1415926535897931 0.89004898071289062 53 0 1.0029999999999999 0.89999999999999991
 9 5 345 1.2 2 3 16 2400 -0.14159265358979312 2.9234616756439209 59 1 1.0529999999999999 0.89999999999999991
 10 5 230 0.80000000000000004 1 4 20 2000 -1.1415926535897931 1.0019776821136475 53 0 1.0409999999999999 0.69999999999999996
 11 5 563 3 2 4 16 2400 -3.1415926535897931 1.5731475353240967 53 0 1.1910000000000001 0.89999999999999991
 12 5 420 1.6000000000000001 1 4 16 2400 -2.1415926535897931 1.7591917514801025 53 0 1.147 0.89999999999999991
 13 5 315 1.2 1 4 16 2000 -3.1415926535897931 1.311063289642334 53 0 1.0289999999999999 0.89999999999999991
 14 5 35 0 1 4 16 2400 -2.1415926535897931 1.3788583278656006 59 1 1.1060000000000001 0.69999999999999996
 15 5 41 0 1 4 20 2200 1.8584073464102069 1.1164367198944092 59 1 0.83699999999999997 0.89999999999999991
 16 5 434 1.6000000000000001 2 3 16 2000 1.8584073464102069 1.577056884765625 53 0 1.0309999999999999 0.89999999999999991
 17 5 288 0.80000000000000004 2 4 20 2400 1.8584073464102069 1.5122458934783936 53 0 1.0369999999999999 0.69999999999999996
 18 5 557 3 2 4 16 2200 2.8584073464102069 1.7947866916656494 53 0 0.86799999999999999 0.79999999999999993
 19 5 55 0 2 3 16 2200 -0.14159265358979312 1.4498310089111328 59 1 1.145 0.79999999999999993
 20 5 411 1.6000000000000001 1 4 16 2000 0.85840734641020688 1.7730898857116699 53 0 1.095 1
 21 5 406 1.6000000000000001 1 3 20 2400 0.85840734641020688 1.1382226943969727 53 0 1.1859999999999999 0.89999999999999991
 22 5 328 1.2 1 4 20 2000 1.8584073464102069 1.1063919067382812 53 0 1.079 1
 23 5 261 0.80000000000000004 2 3 20 2400 1.8584073464102069 1.1943495273590088 53 0 1.008 0.79999999999999993
 24 5 207 0.80000000000000004 1 3 20 2000 1.8584073464102069 1.395958423614502 53 0 1.1739999999999999 0.69999999999999996
 25 5 141 0.40000000000000002 1 4 20 2400 -0.14159265358979312 0.97102022171020508 59 1 1.0509999999999999 0.89999999999999991
 26 5 125 0.40000000000000002 1 4 16 2200 -2.1415926535897931 1.4263246059417725 59 1 1.0189999999999999 1
 27 5 299 1.2 1 3 16 2400 -1.1415926535897931 1.6190714836120605 53 0 0.86799999999999999 0.69999999999999996
 28 5 48 0 1 4 20 2400 1.8584073464102069 1.5480120182037354 59 1 1.143 0.89999999999999991
 29 5 69 0 2 3 20 2400 -3.1415926535897931 2.2126131057739258 59 1 1.026 0.69999999999999996
 30 5 333 1.2 1 4 20 2400 0.85840734641020688 1.1316986083984375 53 0 0.96999999999999997 0.89999999999999991
 31 5 528 3 1 4 20 2400 2.8584073464102069 1.1426935195922852 53 0 0.92800000000000005 0.79999999999999993
 32 5 274 0.80000000000000004 2 4 16 2400 -1.1415926535897931 1.8187334537506104 59 1 0.90900000000000003 1
 33 5 193 0.80000000000000004 1 3 16 2000 0.85840734641020688 1.3177592754364014 53 0 0.81200000000000006 0.79999999999999993
 34 5 10 0 1 3 16 2400 -0.14159265358979312 1.5062835216522217 59 1 0.874 0.69999999999999996
 35 5 493 3 1 3 20 2000 2.8584073464102069 2.7784519195556641 59 1 1.194 1
 36 5 9 0 1 3 16 2400 -2.1415926535897931 1.4902803897857666 59 1 1.0820000000000001 0.89999999999999991
 37 5 145 0.40000000000000002 2 3 16 2000 0.85840734641020688 1.2562267780303955 59 1 1.089 0.79999999999999993
 38 5 327 1.2 1 4 20 2000 -1.1415926535897931 1.5091965198516846 53 0 0.89900000000000002 1
 39 5 286 0.80000000000000004 2 4 20 2400 0.85840734641020688 1.6354548931121826 59 1 0.82899999999999996 1
 40 5 88 0 2 4 20 2000 -3.1415926535897931 1.0400140285491943 59 1 0.94199999999999995 1
 41 5 153 0.40000000000000002 2 3 16 2400 0.85840734641020688 3.2335913181304932 59 1 0.89600000000000002 0.79999999999999993
 42 5 297 1.2 1 3 16 2400 -2.1415926535897931 2.8788588047027588 53 0 1.004 0.69999999999999996
 43 5 570 3 2 4 20 2200 2.8584073464102069 1.3802294731140137 59 1 1.1180000000000001 0.89999999999999991
 44 5 409 1.6000000000000001 1 4 16 2000 -0.14159265358979312 1.0525836944580078 53 0 1.179 0.79999999999999993
 45 5 523 3 1 4 20 2200 -2.1415926535897931 1.0615174770355225 53 0 0.98699999999999999 1
 46 5 400 1.6000000000000001 1 3 20 2000 -3.1415926535897931 1.4239208698272705 53 0 1.006 1
 47 5 481 3 1 3 16 2000 0.85840734641020688 1.152752161026001 53 0 1.1220000000000001 0.79999999999999993
 48 5 60 0 2 3 16 2400 -0.14159265358979312 1.0919044017791748 59 1 1.075 0.69999999999999996


# name: resolution
# type: matrix
# rows: 1
# columns: 2
 1366 768


# name: hz
# type: scalar
60


# name: pc
# type: sq_string
# elements: 1
# length: 21
gregor-Latitude-E6320


# name: experiment
# type: sq_string
# elements: 1
# length: 4
RFPb


# name: isOctave
# type: bool
1




