# Created by Octave 5.2.0, Tue Mar 29 18:50:21 2022 CEST <student@gregor-Latitude-E6320>
# name: RFP
# type: scalar struct
# ndims: 2
 1 1
# length: 10
# name: vp
# type: sq_string
# elements: 1
# length: 3
V07


# name: mapping
# type: scalar
2


# name: date
# type: sq_string
# elements: 1
# length: 15
20220329T184756


# name: block
# type: scalar
1


# name: outmat
# type: matrix
# rows: 48
# columns: 14
 1 1 234 0.80000000000000004 1 4 20 2200 -0.14159265358979312 2.1258602142333984 53 0 1.0209999999999999 1
 2 1 326 1.2 1 4 20 2000 -0.14159265358979312 1.9373013973236084 53 0 1.1990000000000001 1
 3 1 463 1.6000000000000001 2 4 16 2200 -0.14159265358979312 1.2727210521697998 53 0 1.038 0.89999999999999991
 4 1 419 1.6000000000000001 1 4 16 2400 -0.14159265358979312 1.0282623767852783 59 1 0.94199999999999995 0.69999999999999996
 5 1 347 1.2 2 3 16 2400 -1.1415926535897931 0.87407541275024414 59 1 0.97899999999999998 1
 6 1 521 3 1 4 20 2200 -0.14159265358979312 1.5348823070526123 59 1 1.181 0.69999999999999996
 7 1 451 1.6000000000000001 2 3 20 2200 -1.1415926535897931 2.0991039276123047 53 0 1.026 0.79999999999999993
 8 1 336 1.2 1 4 20 2400 2.8584073464102069 1.0892074108123779 59 1 0.86599999999999999 0.69999999999999996
 9 1 107 0.40000000000000002 1 3 16 2400 1.8584073464102069 0.97170472145080566 53 0 0.99099999999999999 0.69999999999999996
 10 1 280 0.80000000000000004 2 4 20 2000 2.8584073464102069 1.216961145401001 59 1 0.88700000000000001 0.79999999999999993
 11 1 495 3 1 3 20 2000 0.85840734641020688 24.176459074020386 53 0 0.91900000000000004 0.79999999999999993
 12 1 294 1.2 1 3 16 2200 -2.1415926535897931 3.3376014232635498 53 0 0.97799999999999998 0.79999999999999993
 13 1 528 3 1 4 20 2400 -3.1415926535897931 1.1868572235107422 59 1 1.036 1
 14 1 406 1.6000000000000001 1 3 20 2400 -2.1415926535897931 0.97386026382446289 53 0 1.1890000000000001 0.69999999999999996
 15 1 564 3 2 4 16 2400 -3.1415926535897931 1.7897989749908447 59 1 0.91100000000000003 0.79999999999999993
 16 1 93 0 2 4 20 2400 2.8584073464102069 1.0143611431121826 59 1 0.92200000000000004 0.69999999999999996
 17 1 443 1.6000000000000001 2 3 16 2400 0.85840734641020688 3.5224547386169434 53 0 1.0089999999999999 0.69999999999999996
 18 1 198 0.80000000000000004 1 3 16 2200 2.8584073464102069 1.5956342220306396 53 0 1.1459999999999999 0.69999999999999996
 19 1 240 0.80000000000000004 1 4 20 2400 1.8584073464102069 1.3401668071746826 59 1 1.1419999999999999 0.69999999999999996
 20 1 377 1.2 2 4 20 2200 -1.1415926535897931 1.4108715057373047 59 1 1.131 0.89999999999999991
 21 1 59 0 2 3 16 2400 1.8584073464102069 0.97569417953491211 53 0 0.83999999999999997 0.89999999999999991
 22 1 549 3 2 3 20 2400 -3.1415926535897931 1.2826991081237793 59 1 1.1220000000000001 0.89999999999999991
 23 1 401 1.6000000000000001 1 3 20 2200 -1.1415926535897931 2.3163135051727295 59 1 0.89300000000000002 0.69999999999999996
 24 1 554 3 2 4 16 2000 -1.1415926535897931 1.1658332347869873 59 1 0.999 1
 25 1 393 1.6000000000000001 1 3 16 2400 -0.14159265358979312 1.0339202880859375 53 0 0.80900000000000005 0.79999999999999993
 26 1 185 0.40000000000000002 2 4 20 2200 2.8584073464102069 1.1984479427337646 59 1 0.80900000000000005 1
 27 1 476 1.6000000000000001 2 4 20 2200 -3.1415926535897931 1.3964011669158936 59 1 0.82199999999999995 1
 28 1 179 0.40000000000000002 2 4 16 2400 -2.1415926535897931 1.1949083805084229 59 1 1.1930000000000001 0.79999999999999993
 29 1 195 0.80000000000000004 1 3 16 2000 -0.14159265358979312 0.96691393852233887 53 0 1.022 1
 30 1 2 0 1 3 16 2000 -3.1415926535897931 4.1676976680755615 53 0 1.089 0.89999999999999991
 31 1 29 0 1 4 16 2200 -1.1415926535897931 1.1103644371032715 59 1 0.96699999999999997 0.69999999999999996
 32 1 123 0.40000000000000002 1 4 16 2000 -1.1415926535897931 1.0423939228057861 59 1 0.96099999999999997 0.89999999999999991
 33 1 218 0.80000000000000004 1 4 16 2000 -0.14159265358979312 1.0277934074401855 59 1 0.90500000000000003 0.89999999999999991
 34 1 486 3 1 3 16 2200 -0.14159265358979312 1.0097939968109131 53 0 0.86899999999999999 0.69999999999999996
 35 1 561 3 2 4 16 2400 -3.1415926535897931 3.3818027973175049 59 1 0.97499999999999998 0.69999999999999996
 36 1 60 0 2 3 16 2400 -0.14159265358979312 1.0235671997070312 53 0 0.88700000000000001 0.69999999999999996
 37 1 180 0.40000000000000002 2 4 16 2400 -1.1415926535897931 0.94269132614135742 59 1 1.0529999999999999 0.69999999999999996
 38 1 311 1.2 1 3 20 2400 -3.1415926535897931 0.97818255424499512 53 0 1.042 0.79999999999999993
 39 1 369 1.2 2 4 16 2400 -0.14159265358979312 1.1873664855957031 59 1 0.94899999999999995 1
 40 1 385 1.6000000000000001 1 3 16 2000 -3.1415926535897931 1.0601162910461426 53 0 1.1679999999999999 1
 41 1 540 3 2 3 16 2400 0.85840734641020688 1.1730411052703857 53 0 1.1000000000000001 1
 42 1 92 0 2 4 20 2200 -3.1415926535897931 0.90254473686218262 59 1 1.1799999999999999 0.89999999999999991
 43 1 258 0.80000000000000004 2 3 20 2200 0.85840734641020688 2.9456171989440918 53 0 1.1259999999999999 0.89999999999999991
 44 1 161 0.40000000000000002 2 3 20 2200 -1.1415926535897931 1.9380061626434326 53 0 0.85999999999999999 1
 45 1 371 1.2 2 4 16 2400 0.85840734641020688 1.2655215263366699 59 1 0.95299999999999996 0.69999999999999996
 46 1 363 1.2 2 4 16 2000 2.8584073464102069 1.2858054637908936 59 1 0.83999999999999997 0.89999999999999991
 47 1 351 1.2 2 3 20 2000 -2.1415926535897931 0.93904304504394531 53 0 1.0509999999999999 0.79999999999999993
 48 1 293 1.2 1 3 16 2200 -0.14159265358979312 1.532562255859375 53 0 0.97099999999999997 1


# name: resolution
# type: matrix
# rows: 1
# columns: 2
 1366 768


# name: hz
# type: scalar
60


# name: pc
# type: sq_string
# elements: 1
# length: 21
gregor-Latitude-E6320


# name: experiment
# type: sq_string
# elements: 1
# length: 4
RFPb


# name: isOctave
# type: bool
1




