# Created by Octave 5.2.0, Tue Mar 29 19:02:30 2022 CEST <student@gregor-Latitude-E6320>
# name: RFP
# type: scalar struct
# ndims: 2
 1 1
# length: 10
# name: vp
# type: sq_string
# elements: 1
# length: 3
V07


# name: mapping
# type: scalar
2


# name: date
# type: sq_string
# elements: 1
# length: 15
20220329T190026


# name: block
# type: scalar
6


# name: outmat
# type: matrix
# rows: 48
# columns: 14
 1 6 108 0.40000000000000002 1 3 16 2400 -2.1415926535897931 2.7101311683654785 53 0 0.99199999999999999 0.69999999999999996
 2 6 184 0.40000000000000002 2 4 20 2000 0.85840734641020688 1.3600568771362305 59 1 0.997 0.89999999999999991
 3 6 265 0.80000000000000004 2 4 16 2000 0.85840734641020688 0.95469856262207031 59 1 0.81799999999999995 0.79999999999999993
 4 6 402 1.6000000000000001 1 3 20 2200 -1.1415926535897931 0.86069440841674805 53 0 1.018 0.89999999999999991
 5 6 267 0.80000000000000004 2 4 16 2000 -3.1415926535897931 0.82882213592529297 59 1 1.0129999999999999 0.89999999999999991
 6 6 299 1.2 1 3 16 2400 0.85840734641020688 1.3760840892791748 53 0 1.0489999999999999 0.69999999999999996
 7 6 40 0 1 4 20 2000 -2.1415926535897931 2.948685884475708 59 1 1.167 1
 8 6 417 1.6000000000000001 1 4 16 2400 -0.14159265358979312 2.6516129970550537 59 1 1.155 0.89999999999999991
 9 6 529 3 2 3 16 2000 2.8584073464102069 0.95699858665466309 53 0 0.90500000000000003 1
 10 6 465 1.6000000000000001 2 4 16 2400 2.8584073464102069 1.3989055156707764 53 0 1.1000000000000001 0.89999999999999991
 11 6 164 0.40000000000000002 2 3 20 2200 0.85840734641020688 0.98977446556091309 59 1 1.1950000000000001 0.79999999999999993
 12 6 305 1.2 1 3 20 2200 -3.1415926535897931 1.5025546550750732 53 0 1.181 1
 13 6 201 0.80000000000000004 1 3 16 2400 0.85840734641020688 0.94025015830993652 59 1 1.125 1
 14 6 553 3 2 4 16 2000 -2.1415926535897931 1.0536108016967773 59 1 0.94999999999999996 0.89999999999999991
 15 6 287 0.80000000000000004 2 4 20 2400 1.8584073464102069 1.0746257305145264 59 1 1.0669999999999999 0.89999999999999991
 16 6 555 3 2 4 16 2000 -3.1415926535897931 3.3092925548553467 59 1 0.96399999999999997 0.89999999999999991
 17 6 342 1.2 2 3 16 2200 -3.1415926535897931 1.9538633823394775 53 0 0.82999999999999996 1
 18 6 431 1.6000000000000001 1 4 20 2400 -2.1415926535897931 1.2127306461334229 53 0 0.87 0.69999999999999996
 19 6 323 1.2 1 4 16 2400 2.8584073464102069 2.1537137031555176 53 0 1.034 1
 20 6 358 1.2 2 3 20 2400 -2.1415926535897931 1.0528426170349121 53 0 0.80400000000000005 0.89999999999999991
 21 6 448 1.6000000000000001 2 3 20 2000 0.85840734641020688 1.0155129432678223 53 0 0.84899999999999998 0.79999999999999993
 22 6 493 3 1 3 20 2000 1.8584073464102069 0.93200135231018066 53 0 0.98299999999999998 0.89999999999999991
 23 6 519 3 1 4 20 2000 -3.1415926535897931 0.83788108825683594 59 1 0.97699999999999998 0.89999999999999991
 24 6 89 0 2 4 20 2200 2.8584073464102069 2.3035726547241211 59 1 0.96999999999999997 0.79999999999999993
 25 6 353 1.2 2 3 20 2200 -1.1415926535897931 0.9142460823059082 59 1 0.997 0.69999999999999996
 26 6 100 0.40000000000000002 1 3 16 2000 -3.1415926535897931 2.379615306854248 53 0 0.80200000000000005 0.89999999999999991
 27 6 523 3 1 4 20 2200 -1.1415926535897931 1.1497523784637451 59 1 1.177 1
 28 6 357 1.2 2 3 20 2400 -0.14159265358979312 0.94288086891174316 53 0 1.1599999999999999 1
 29 6 120 0.40000000000000002 1 3 20 2400 1.8584073464102069 2.3591909408569336 53 0 0.80700000000000005 1
 30 6 80 0 2 4 16 2200 -0.14159265358979312 0.98703598976135254 59 1 0.96199999999999997 0.69999999999999996
 31 6 365 1.2 2 4 16 2200 -2.1415926535897931 2.4093616008758545 59 1 0.96899999999999997 0.79999999999999993
 32 6 269 0.80000000000000004 2 4 16 2200 -1.1415926535897931 2.1518516540527344 59 1 1.1970000000000001 0.69999999999999996
 33 6 548 3 2 3 20 2200 -3.1415926535897931 0.98432755470275879 53 0 1.0640000000000001 0.79999999999999993
 34 6 482 3 1 3 16 2000 -0.14159265358979312 1.4923925399780273 53 0 0.96199999999999997 0.69999999999999996
 35 6 139 0.40000000000000002 1 4 20 2200 2.8584073464102069 2.5540425777435303 59 1 0.89100000000000001 0.69999999999999996
 36 6 21 0 1 3 20 2400 -1.1415926535897931 1.5248038768768311 59 1 0.88200000000000001 0.79999999999999993
 37 6 163 0.40000000000000002 2 3 20 2200 -3.1415926535897931 0.92154884338378906 59 1 0.92500000000000004 0.69999999999999996
 38 6 574 3 2 4 20 2400 1.8584073464102069 2.5626263618469238 53 0 1.107 0.89999999999999991
 39 6 11 0 1 3 16 2400 1.8584073464102069 1.0287337303161621 59 1 1.181 0.69999999999999996
 40 6 391 1.6000000000000001 1 3 16 2200 2.8584073464102069 1.8173308372497559 53 0 1.139 0.79999999999999993
 41 6 348 1.2 2 3 16 2400 0.85840734641020688 2.4329793453216553 53 0 1.1479999999999999 0.69999999999999996
 42 6 211 0.80000000000000004 1 3 20 2200 1.8584073464102069 0.99260973930358887 53 0 1.048 0.89999999999999991
 43 6 142 0.40000000000000002 1 4 20 2400 0.85840734641020688 0.87192225456237793 59 1 1.0069999999999999 0.69999999999999996
 44 6 372 1.2 2 4 16 2400 1.8584073464102069 0.91618061065673828 53 0 1.0660000000000001 0.79999999999999993
 45 6 229 0.80000000000000004 1 4 20 2000 -1.1415926535897931 0.85024428367614746 53 0 0.94099999999999995 0.79999999999999993
 46 6 425 1.6000000000000001 1 4 20 2200 -0.14159265358979312 0.94986271858215332 59 1 0.91700000000000004 0.79999999999999993
 47 6 190 0.40000000000000002 2 4 20 2400 0.85840734641020688 2.395927906036377 53 0 0.92900000000000005 0.79999999999999993
 48 6 530 3 2 3 16 2000 -1.1415926535897931 1.6423318386077881 53 0 0.85799999999999998 0.89999999999999991


# name: resolution
# type: matrix
# rows: 1
# columns: 2
 1366 768


# name: hz
# type: scalar
60


# name: pc
# type: sq_string
# elements: 1
# length: 21
gregor-Latitude-E6320


# name: experiment
# type: sq_string
# elements: 1
# length: 4
RFPb


# name: isOctave
# type: bool
1




