# Created by Octave 5.2.0, Tue Mar 29 19:04:44 2022 CEST <student@gregor-Latitude-E6320>
# name: RFP
# type: scalar struct
# ndims: 2
 1 1
# length: 10
# name: vp
# type: sq_string
# elements: 1
# length: 3
V07


# name: mapping
# type: scalar
2


# name: date
# type: sq_string
# elements: 1
# length: 15
20220329T190232


# name: block
# type: scalar
7


# name: outmat
# type: matrix
# rows: 48
# columns: 14
 1 7 389 1.6000000000000001 1 3 16 2200 2.8584073464102069 1.04624342918396 53 0 0.81399999999999995 0.69999999999999996
 2 7 509 3 1 4 16 2200 -3.1415926535897931 0.8836359977722168 59 1 1.038 0.89999999999999991
 3 7 48 0 1 4 20 2400 1.8584073464102069 2.4193856716156006 59 1 1.143 0.89999999999999991
 4 7 103 0.40000000000000002 1 3 16 2200 1.8584073464102069 0.96133303642272949 53 0 0.80600000000000005 0.79999999999999993
 5 7 177 0.40000000000000002 2 4 16 2400 -1.1415926535897931 1.2412922382354736 59 1 1.0669999999999999 1
 6 7 411 1.6000000000000001 1 4 16 2000 2.8584073464102069 2.5269327163696289 59 1 1.1619999999999999 0.69999999999999996
 7 7 154 0.40000000000000002 2 3 16 2400 -3.1415926535897931 0.91095185279846191 53 0 1.044 0.69999999999999996
 8 7 105 0.40000000000000002 1 3 16 2400 -0.14159265358979312 0.95340371131896973 53 0 0.86899999999999999 1
 9 7 160 0.40000000000000002 2 3 20 2000 1.8584073464102069 0.99993515014648438 53 0 1.077 0.69999999999999996
 10 7 197 0.80000000000000004 1 3 16 2200 -0.14159265358979312 2.2308263778686523 53 0 0.81299999999999994 0.69999999999999996
 11 7 275 0.80000000000000004 2 4 16 2400 -1.1415926535897931 0.94619321823120117 59 1 1.1040000000000001 0.79999999999999993
 12 7 439 1.6000000000000001 2 3 16 2200 2.8584073464102069 0.85920238494873047 53 0 1.036 0.79999999999999993
 13 7 181 0.40000000000000002 2 4 20 2000 -3.1415926535897931 0.95174431800842285 53 0 0.95899999999999996 0.69999999999999996
 14 7 436 1.6000000000000001 2 3 16 2000 -0.14159265358979312 0.93845248222351074 53 0 0.98499999999999999 1
 15 7 466 1.6000000000000001 2 4 16 2400 -3.1415926535897931 2.9618320465087891 59 1 1.0589999999999999 1
 16 7 510 3 1 4 16 2200 -0.14159265358979312 0.95022726058959961 59 1 1.0680000000000001 1
 17 7 361 1.2 2 4 16 2000 -1.1415926535897931 12.909018278121948 59 1 0.86699999999999999 0.69999999999999996
 18 7 253 0.80000000000000004 2 3 20 2000 -1.1415926535897931 3.2689096927642822 53 0 1.0940000000000001 0.69999999999999996
 19 7 106 0.40000000000000002 1 3 16 2400 2.8584073464102069 1.1461727619171143 53 0 1.032 1
 20 7 94 0 2 4 20 2400 0.85840734641020688 1.0154955387115479 59 1 0.91400000000000003 0.79999999999999993
 21 7 412 1.6000000000000001 1 4 16 2000 2.8584073464102069 1.2837593555450439 59 1 1.1459999999999999 0.69999999999999996
 22 7 85 0 2 4 20 2000 2.8584073464102069 0.88308501243591309 59 1 0.94399999999999995 0.79999999999999993
 23 7 96 0 2 4 20 2400 2.8584073464102069 2.2743158340454102 59 1 0.97699999999999998 0.89999999999999991
 24 7 513 3 1 4 16 2400 1.8584073464102069 1.1178727149963379 59 1 1.083 0.89999999999999991
 25 7 288 0.80000000000000004 2 4 20 2400 0.85840734641020688 0.99031186103820801 59 1 0.93000000000000005 0.89999999999999991
 26 7 307 1.2 1 3 20 2200 1.8584073464102069 2.387484073638916 53 0 1.1839999999999999 0.89999999999999991
 27 7 567 3 2 4 20 2000 0.85840734641020688 0.99404668807983398 59 1 1.1180000000000001 0.89999999999999991
 28 7 266 0.80000000000000004 2 4 16 2000 0.85840734641020688 2.4498357772827148 59 1 0.80500000000000005 0.89999999999999991
 29 7 572 3 2 4 20 2200 -1.1415926535897931 0.97527217864990234 59 1 0.93700000000000006 0.79999999999999993
 30 7 56 0 2 3 16 2200 -0.14159265358979312 0.94138860702514648 53 0 0.91500000000000004 0.79999999999999993
 31 7 556 3 2 4 16 2000 -2.1415926535897931 0.93471956253051758 59 1 1.093 0.89999999999999991
 32 7 175 0.40000000000000002 2 4 16 2200 2.8584073464102069 0.92364931106567383 59 1 1.0529999999999999 0.79999999999999993
 33 7 479 1.6000000000000001 2 4 20 2400 -0.14159265358979312 2.4131481647491455 59 1 0.98299999999999998 0.79999999999999993
 34 7 87 0 2 4 20 2000 -1.1415926535897931 0.86806106567382812 59 1 1.0720000000000001 0.69999999999999996
 35 7 464 1.6000000000000001 2 4 16 2200 0.85840734641020688 2.6757831573486328 59 1 0.82399999999999995 0.79999999999999993
 36 7 41 0 1 4 20 2200 -1.1415926535897931 2.650012731552124 59 1 1.165 0.89999999999999991
 37 7 457 1.6000000000000001 2 4 16 2000 1.8584073464102069 1.7714693546295166 59 1 1.181 0.79999999999999993
 38 7 315 1.2 1 4 16 2000 -3.1415926535897931 0.96395993232727051 59 1 1.1990000000000001 0.69999999999999996
 39 7 124 0.40000000000000002 1 4 16 2000 0.85840734641020688 3.1640262603759766 59 1 1.0469999999999999 0.69999999999999996
 40 7 1 0 1 3 16 2000 0.85840734641020688 1.0217630863189697 53 0 1.0529999999999999 0.79999999999999993
 41 7 50 0 2 3 16 2000 -1.1415926535897931 1.3875293731689453 59 1 0.876 0.69999999999999996
 42 7 63 0 2 3 20 2000 1.8584073464102069 1.689488410949707 53 0 0.85299999999999998 0.79999999999999993
 43 7 446 1.6000000000000001 2 3 20 2000 2.8584073464102069 1.2415733337402344 53 0 1.056 0.69999999999999996
 44 7 395 1.6000000000000001 1 3 16 2400 1.8584073464102069 1.1923305988311768 53 0 1.091 0.69999999999999996
 45 7 126 0.40000000000000002 1 4 16 2200 -0.14159265358979312 1.0008671283721924 59 1 1.0209999999999999 0.89999999999999991
 46 7 261 0.80000000000000004 2 3 20 2400 -0.14159265358979312 1.0313956737518311 53 0 1.02 1
 47 7 169 0.40000000000000002 2 4 16 2000 0.85840734641020688 0.99830913543701172 59 1 0.86799999999999999 0.69999999999999996
 48 7 38 0 1 4 20 2000 1.8584073464102069 2.01790452003479 53 0 0.90300000000000002 0.79999999999999993


# name: resolution
# type: matrix
# rows: 1
# columns: 2
 1366 768


# name: hz
# type: scalar
60


# name: pc
# type: sq_string
# elements: 1
# length: 21
gregor-Latitude-E6320


# name: experiment
# type: sq_string
# elements: 1
# length: 4
RFPb


# name: isOctave
# type: bool
1




