# Created by Octave 5.2.0, Tue Mar 29 18:57:45 2022 CEST <student@gregor-Latitude-E6320>
# name: RFP
# type: scalar struct
# ndims: 2
 1 1
# length: 10
# name: vp
# type: sq_string
# elements: 1
# length: 3
V07


# name: mapping
# type: scalar
2


# name: date
# type: sq_string
# elements: 1
# length: 15
20220329T185558


# name: block
# type: scalar
4


# name: outmat
# type: matrix
# rows: 48
# columns: 14
 1 4 408 1.6000000000000001 1 3 20 2400 0.85840734641020688 1.4780409336090088 53 0 0.83299999999999996 1
 2 4 14 0 1 3 20 2000 -3.1415926535897931 1.2847836017608643 59 1 1.0069999999999999 1
 3 4 255 0.80000000000000004 2 3 20 2000 -0.14159265358979312 1.6299343109130859 59 1 0.91000000000000003 0.69999999999999996
 4 4 225 0.80000000000000004 1 4 16 2400 0.85840734641020688 1.0697877407073975 53 0 1.161 0.69999999999999996
 5 4 332 1.2 1 4 20 2200 -0.14159265358979312 1.0200560092926025 53 0 1.133 0.89999999999999991
 6 4 362 1.2 2 4 16 2000 -3.1415926535897931 0.97308969497680664 53 0 0.996 1
 7 4 81 0 2 4 16 2400 -1.1415926535897931 0.95888042449951172 59 1 0.998 0.69999999999999996
 8 4 522 3 1 4 20 2200 0.85840734641020688 0.91109848022460938 53 0 1.1220000000000001 1
 9 4 330 1.2 1 4 20 2200 0.85840734641020688 0.99079036712646484 53 0 0.95999999999999996 0.79999999999999993
 10 4 54 0 2 3 16 2200 1.8584073464102069 0.88286566734313965 59 1 0.81299999999999994 1
 11 4 335 1.2 1 4 20 2400 -1.1415926535897931 0.83403110504150391 53 0 0.83699999999999997 1
 12 4 35 0 1 4 16 2400 -0.14159265358979312 2.3137171268463135 59 1 1.008 0.69999999999999996
 13 4 329 1.2 1 4 20 2200 2.8584073464102069 0.94095540046691895 53 0 0.88700000000000001 0.89999999999999991
 14 4 257 0.80000000000000004 2 3 20 2200 -0.14159265358979312 1.5914616584777832 53 0 1.1639999999999999 1
 15 4 533 3 2 3 16 2200 2.8584073464102069 1.1458666324615479 53 0 0.81799999999999995 0.89999999999999991
 16 4 511 3 1 4 16 2200 0.85840734641020688 1.3829669952392578 53 0 0.94899999999999995 0.79999999999999993
 17 4 447 1.6000000000000001 2 3 20 2000 -2.1415926535897931 1.0116112232208252 53 0 1.177 0.79999999999999993
 18 4 115 0.40000000000000002 1 3 20 2200 -1.1415926535897931 1.1821398735046387 59 1 1.1679999999999999 0.89999999999999991
 19 4 344 1.2 2 3 16 2200 -2.1415926535897931 2.1395063400268555 53 0 0.83399999999999996 0.89999999999999991
 20 4 421 1.6000000000000001 1 4 20 2000 2.8584073464102069 1.0795309543609619 53 0 1.1200000000000001 0.79999999999999993
 21 4 570 3 2 4 20 2200 -0.14159265358979312 1.3338351249694824 53 0 1.048 0.89999999999999991
 22 4 334 1.2 1 4 20 2400 2.8584073464102069 1.0841374397277832 53 0 1.1020000000000001 0.79999999999999993
 23 4 306 1.2 1 3 20 2200 1.8584073464102069 0.99392247200012207 53 0 1.1559999999999999 0.89999999999999991
 24 4 274 0.80000000000000004 2 4 16 2400 0.85840734641020688 1.1978096961975098 59 1 0.80600000000000005 0.79999999999999993
 25 4 496 3 1 3 20 2000 -1.1415926535897931 1.1903245449066162 53 0 0.92800000000000005 1
 26 4 542 3 2 3 20 2000 2.8584073464102069 1.0060994625091553 53 0 1.1830000000000001 0.79999999999999993
 27 4 404 1.6000000000000001 1 3 20 2200 -3.1415926535897931 1.4075496196746826 53 0 1.103 0.79999999999999993
 28 4 498 3 1 3 20 2200 0.85840734641020688 1.0849149227142334 53 0 1.1830000000000001 0.69999999999999996
 29 4 387 1.6000000000000001 1 3 16 2000 -3.1415926535897931 1.0823097229003906 53 0 1.1160000000000001 1
 30 4 322 1.2 1 4 16 2400 1.8584073464102069 1.5377645492553711 53 0 1.117 0.79999999999999993
 31 4 66 0 2 3 20 2200 -1.1415926535897931 1.1219372749328613 59 1 1.173 0.69999999999999996
 32 4 432 1.6000000000000001 1 4 20 2400 -3.1415926535897931 1.256345272064209 53 0 0.95199999999999996 0.69999999999999996
 33 4 18 0 1 3 20 2200 0.85840734641020688 1.0826361179351807 59 1 0.80800000000000005 0.89999999999999991
 34 4 42 0 1 4 20 2200 -1.1415926535897931 1.0111415386199951 59 1 0.93500000000000005 0.89999999999999991
 35 4 51 0 2 3 16 2000 -0.14159265358979312 0.98343253135681152 59 1 0.85799999999999998 0.69999999999999996
 36 4 224 0.80000000000000004 1 4 16 2200 2.8584073464102069 0.95553922653198242 53 0 0.88 0.69999999999999996
 37 4 283 0.80000000000000004 2 4 20 2200 -2.1415926535897931 1.0744485855102539 53 0 0.93899999999999995 1
 38 4 388 1.6000000000000001 1 3 16 2000 -1.1415926535897931 1.000370979309082 53 0 1.2 1
 39 4 520 3 1 4 20 2000 -2.1415926535897931 1.1245532035827637 53 0 1.0409999999999999 0.79999999999999993
 40 4 256 0.80000000000000004 2 3 20 2000 -1.1415926535897931 1.0712826251983643 59 1 1.034 0.89999999999999991
 41 4 44 0 1 4 20 2200 -1.1415926535897931 1.014268159866333 59 1 1.054 0.79999999999999993
 42 4 501 3 1 3 20 2400 0.85840734641020688 1.0507614612579346 53 0 1.0049999999999999 0.89999999999999991
 43 4 97 0.40000000000000002 1 3 16 2000 -2.1415926535897931 1.7461373805999756 53 0 0.95699999999999996 0.69999999999999996
 44 4 531 3 2 3 16 2000 1.8584073464102069 1.1100583076477051 53 0 0.83199999999999996 0.89999999999999991
 45 4 514 3 1 4 16 2400 -3.1415926535897931 1.0423014163970947 53 0 1.194 1
 46 4 220 0.80000000000000004 1 4 16 2000 -1.1415926535897931 1.6551103591918945 59 1 0.83799999999999997 0.89999999999999991
 47 4 83 0 2 4 16 2400 0.85840734641020688 0.98792243003845215 59 1 0.90500000000000003 0.79999999999999993
 48 4 314 1.2 1 4 16 2000 -2.1415926535897931 0.94036364555358887 53 0 1.1140000000000001 1


# name: resolution
# type: matrix
# rows: 1
# columns: 2
 1366 768


# name: hz
# type: scalar
60


# name: pc
# type: sq_string
# elements: 1
# length: 21
gregor-Latitude-E6320


# name: experiment
# type: sq_string
# elements: 1
# length: 4
RFPb


# name: isOctave
# type: bool
1




