# Created by Octave 5.2.0, Tue Mar 29 19:08:38 2022 CEST <student@gregor-Latitude-E6320>
# name: RFP
# type: scalar struct
# ndims: 2
 1 1
# length: 10
# name: vp
# type: sq_string
# elements: 1
# length: 3
V07


# name: mapping
# type: scalar
2


# name: date
# type: sq_string
# elements: 1
# length: 15
20220329T190644


# name: block
# type: scalar
9


# name: outmat
# type: matrix
# rows: 48
# columns: 14
 1 9 203 0.80000000000000004 1 3 16 2400 2.8584073464102069 1.1084685325622559 59 1 1.1739999999999999 0.89999999999999991
 2 9 461 1.6000000000000001 2 4 16 2200 -3.1415926535897931 1.1055388450622559 53 0 1.1879999999999999 0.89999999999999991
 3 9 352 1.2 2 3 20 2000 -3.1415926535897931 1.1259205341339111 53 0 1.014 0.89999999999999991
 4 9 72 0 2 3 20 2400 2.8584073464102069 1.1043472290039062 59 1 0.83599999999999997 1
 5 9 296 1.2 1 3 16 2200 0.85840734641020688 2.4644365310668945 59 1 1.159 1
 6 9 125 0.40000000000000002 1 4 16 2200 -3.1415926535897931 0.99421429634094238 59 1 0.83699999999999997 0.89999999999999991
 7 9 420 1.6000000000000001 1 4 16 2400 -3.1415926535897931 4.6400284767150879 53 0 0.88 0.89999999999999991
 8 9 91 0 2 4 20 2200 -1.1415926535897931 1.5106472969055176 59 1 0.996 0.89999999999999991
 9 9 576 3 2 4 20 2400 1.8584073464102069 1.0665819644927979 53 0 0.91200000000000003 0.89999999999999991
 10 9 407 1.6000000000000001 1 3 20 2400 2.8584073464102069 1.016127347946167 53 0 0.86399999999999999 0.69999999999999996
 11 9 3 0 1 3 16 2000 -3.1415926535897931 1.4327852725982666 59 1 0.90400000000000003 0.69999999999999996
 12 9 410 1.6000000000000001 1 4 16 2000 -2.1415926535897931 1.4201474189758301 59 1 0.93000000000000005 0.89999999999999991
 13 9 270 0.80000000000000004 2 4 16 2200 -2.1415926535897931 1.1326334476470947 53 0 1.028 0.89999999999999991
 14 9 127 0.40000000000000002 1 4 16 2200 -1.1415926535897931 1.1473312377929688 59 1 1.016 0.69999999999999996
 15 9 427 1.6000000000000001 1 4 20 2200 -1.1415926535897931 1.3012456893920898 53 0 1.0700000000000001 1
 16 9 343 1.2 2 3 16 2200 -2.1415926535897931 1.0565891265869141 59 1 1.1919999999999999 0.89999999999999991
 17 9 286 0.80000000000000004 2 4 20 2400 -1.1415926535897931 1.3157153129577637 53 0 0.83399999999999996 1
 18 9 141 0.40000000000000002 1 4 20 2400 -1.1415926535897931 1.7642338275909424 59 1 1.1279999999999999 0.89999999999999991
 19 9 346 1.2 2 3 16 2400 -1.1415926535897931 1.0762650966644287 53 0 1.1339999999999999 0.79999999999999993
 20 9 32 0 1 4 16 2200 -2.1415926535897931 1.1702451705932617 59 1 0.93100000000000005 0.69999999999999996
 21 9 244 0.80000000000000004 2 3 16 2000 1.8584073464102069 1.0733366012573242 59 1 1.1599999999999999 0.89999999999999991
 22 9 248 0.80000000000000004 2 3 16 2200 -3.1415926535897931 1.011249303817749 59 1 1.03 1
 23 9 194 0.80000000000000004 1 3 16 2000 0.85840734641020688 0.96353435516357422 59 1 1.1359999999999999 1
 24 9 491 3 1 3 16 2400 0.85840734641020688 1.3628838062286377 59 1 0.84699999999999998 0.89999999999999991
 25 9 8 0 1 3 16 2200 -0.14159265358979312 2.659273624420166 59 1 0.99099999999999999 0.69999999999999996
 26 9 535 3 2 3 16 2200 -2.1415926535897931 0.87501788139343262 59 1 0.80900000000000005 1
 27 9 302 1.2 1 3 20 2000 -3.1415926535897931 1.6208088397979736 53 0 0.90500000000000003 0.89999999999999991
 28 9 544 3 2 3 20 2000 -3.1415926535897931 0.95142245292663574 53 0 0.90500000000000003 1
 29 9 454 1.6000000000000001 2 3 20 2400 -1.1415926535897931 1.5904233455657959 53 0 0.84099999999999997 0.89999999999999991
 30 9 202 0.80000000000000004 1 3 16 2400 1.8584073464102069 0.82224798202514648 53 0 1.0900000000000001 0.79999999999999993
 31 9 166 0.40000000000000002 2 3 20 2400 -1.1415926535897931 2.3979847431182861 59 1 0.96499999999999997 1
 32 9 345 1.2 2 3 16 2400 -2.1415926535897931 1.6115901470184326 59 1 1.1539999999999999 0.79999999999999993
 33 9 88 0 2 4 20 2000 -2.1415926535897931 1.0367259979248047 59 1 0.94899999999999995 1
 34 9 6 0 1 3 16 2200 2.8584073464102069 1.0160870552062988 59 1 1.0620000000000001 0.69999999999999996
 35 9 368 1.2 2 4 16 2200 -3.1415926535897931 0.96515893936157227 53 0 0.93300000000000005 0.89999999999999991
 36 9 55 0 2 3 16 2200 -1.1415926535897931 0.84888076782226562 59 1 1.0249999999999999 1
 37 9 516 3 1 4 16 2400 0.85840734641020688 2.4283962249755859 53 0 1.109 0.79999999999999993
 38 9 515 3 1 4 16 2400 1.8584073464102069 1.018756628036499 53 0 0.97099999999999997 1
 39 9 7 0 1 3 16 2200 -2.1415926535897931 0.89882946014404297 59 1 0.95199999999999996 0.89999999999999991
 40 9 39 0 1 4 20 2000 -2.1415926535897931 0.96188521385192871 53 0 0.86699999999999999 0.69999999999999996
 41 9 279 0.80000000000000004 2 4 20 2000 1.8584073464102069 1.0417804718017578 53 0 1.1850000000000001 1
 42 9 370 1.2 2 4 16 2400 2.8584073464102069 0.9900054931640625 53 0 1.159 0.79999999999999993
 43 9 109 0.40000000000000002 1 3 20 2000 2.8584073464102069 0.96218013763427734 53 0 0.90300000000000002 0.69999999999999996
 44 9 313 1.2 1 4 16 2000 -1.1415926535897931 0.99869370460510254 53 0 1.0029999999999999 1
 45 9 473 1.6000000000000001 2 4 20 2200 -3.1415926535897931 0.94200444221496582 53 0 1.0620000000000001 0.79999999999999993
 46 9 438 1.6000000000000001 2 3 16 2200 -3.1415926535897931 0.82570075988769531 53 0 0.85999999999999999 0.79999999999999993
 47 9 360 1.2 2 3 20 2400 -2.1415926535897931 2.1285331249237061 53 0 1.107 1
 48 9 453 1.6000000000000001 2 3 20 2400 0.85840734641020688 0.82987666130065918 53 0 0.94599999999999995 0.79999999999999993


# name: resolution
# type: matrix
# rows: 1
# columns: 2
 1366 768


# name: hz
# type: scalar
60


# name: pc
# type: sq_string
# elements: 1
# length: 21
gregor-Latitude-E6320


# name: experiment
# type: sq_string
# elements: 1
# length: 4
RFPb


# name: isOctave
# type: bool
1




