# Created by Octave 5.2.0, Tue Mar 29 19:10:34 2022 CEST <student@gregor-Latitude-E6320>
# name: RFP
# type: scalar struct
# ndims: 2
 1 1
# length: 10
# name: vp
# type: sq_string
# elements: 1
# length: 3
V07


# name: mapping
# type: scalar
2


# name: date
# type: sq_string
# elements: 1
# length: 15
20220329T190841


# name: block
# type: scalar
10


# name: outmat
# type: matrix
# rows: 48
# columns: 14
 1 10 186 0.40000000000000002 2 4 20 2200 -1.1415926535897931 0.97267532348632812 59 1 1.071 1
 2 10 237 0.80000000000000004 1 4 20 2400 1.8584073464102069 0.82622218132019043 53 0 0.94599999999999995 0.89999999999999991
 3 10 134 0.40000000000000002 1 4 20 2000 -1.1415926535897931 0.83353734016418457 53 0 1.0649999999999999 0.69999999999999996
 4 10 397 1.6000000000000001 1 3 20 2000 -2.1415926535897931 2.4563784599304199 53 0 0.85599999999999998 1
 5 10 239 0.80000000000000004 1 4 20 2400 -3.1415926535897931 0.98529219627380371 53 0 0.99399999999999999 0.69999999999999996
 6 10 246 0.80000000000000004 2 3 16 2200 -3.1415926535897931 0.8554694652557373 59 1 0.88800000000000001 0.79999999999999993
 7 10 378 1.2 2 4 20 2200 2.8584073464102069 2.2308800220489502 53 0 0.83599999999999997 0.79999999999999993
 8 10 470 1.6000000000000001 2 4 20 2000 2.8584073464102069 1.1486387252807617 53 0 0.89400000000000002 0.79999999999999993
 9 10 173 0.40000000000000002 2 4 16 2200 -0.14159265358979312 0.93272042274475098 59 1 1.123 0.79999999999999993
 10 10 562 3 2 4 16 2400 -2.1415926535897931 2.2573409080505371 53 0 0.874 0.89999999999999991
 11 10 300 1.2 1 3 16 2400 -0.14159265358979312 1.3372411727905273 59 1 1.1339999999999999 0.89999999999999991
 12 10 512 3 1 4 16 2200 0.85840734641020688 0.95397615432739258 53 0 1.1359999999999999 0.89999999999999991
 13 10 298 1.2 1 3 16 2400 -2.1415926535897931 0.92357897758483887 53 0 0.80600000000000005 0.79999999999999993
 14 10 399 1.6000000000000001 1 3 20 2000 1.8584073464102069 0.89508914947509766 53 0 1.161 0.69999999999999996
 15 10 268 0.80000000000000004 2 4 16 2000 -3.1415926535897931 0.95780467987060547 53 0 0.90100000000000002 0.89999999999999991
 16 10 291 1.2 1 3 16 2000 0.85840734641020688 0.95503020286560059 53 0 0.80800000000000005 0.79999999999999993
 17 10 165 0.40000000000000002 2 3 20 2400 -3.1415926535897931 0.94280433654785156 53 0 0.86799999999999999 0.89999999999999991
 18 10 114 0.40000000000000002 1 3 20 2200 2.8584073464102069 2.4110937118530273 53 0 1.1950000000000001 1
 19 10 232 0.80000000000000004 1 4 20 2000 -3.1415926535897931 0.89908885955810547 53 0 1.1080000000000001 0.69999999999999996
 20 10 325 1.2 1 4 20 2000 2.8584073464102069 0.91218233108520508 53 0 0.95599999999999996 0.79999999999999993
 21 10 122 0.40000000000000002 1 4 16 2000 -2.1415926535897931 0.82025027275085449 59 1 1.0920000000000001 0.79999999999999993
 22 10 320 1.2 1 4 16 2200 -1.1415926535897931 1.4735753536224365 53 0 0.80700000000000005 0.89999999999999991
 23 10 167 0.40000000000000002 2 3 20 2400 -1.1415926535897931 4.8616633415222168 53 0 0.92900000000000005 0.89999999999999991
 24 10 208 0.80000000000000004 1 3 20 2000 -3.1415926535897931 0.91026473045349121 53 0 1.0609999999999999 0.89999999999999991
 25 10 28 0 1 4 16 2000 2.8584073464102069 2.5174520015716553 59 1 0.89200000000000002 0.69999999999999996
 26 10 251 0.80000000000000004 2 3 16 2400 1.8584073464102069 1.0463705062866211 59 1 0.97999999999999998 0.89999999999999991
 27 10 295 1.2 1 3 16 2200 -0.14159265358979312 2.1896240711212158 59 1 0.81799999999999995 0.79999999999999993
 28 10 113 0.40000000000000002 1 3 20 2200 0.85840734641020688 0.8995513916015625 53 0 1.002 0.89999999999999991
 29 10 262 0.80000000000000004 2 3 20 2400 0.85840734641020688 0.93340635299682617 53 0 1.177 0.79999999999999993
 30 10 441 1.6000000000000001 2 3 16 2400 2.8584073464102069 1.0888857841491699 59 1 1.157 0.89999999999999991
 31 10 104 0.40000000000000002 1 3 16 2200 1.8584073464102069 0.98185873031616211 59 1 0.85599999999999998 1
 32 10 9 0 1 3 16 2400 2.8584073464102069 0.8636927604675293 59 1 1.1879999999999999 0.79999999999999993
 33 10 537 3 2 3 16 2400 2.8584073464102069 1.0561275482177734 53 0 0.90600000000000003 0.69999999999999996
 34 10 423 1.6000000000000001 1 4 20 2000 0.85840734641020688 1.0035772323608398 53 0 1.1279999999999999 0.89999999999999991
 35 10 319 1.2 1 4 16 2200 0.85840734641020688 0.96353697776794434 53 0 0.81200000000000006 0.79999999999999993
 36 10 284 0.80000000000000004 2 4 20 2200 -1.1415926535897931 2.4065713882446289 53 0 1.0069999999999999 0.69999999999999996
 37 10 433 1.6000000000000001 2 3 16 2000 2.8584073464102069 1.1643147468566895 59 1 0.95999999999999996 1
 38 10 560 3 2 4 16 2200 1.8584073464102069 0.94542574882507324 53 0 0.995 0.69999999999999996
 39 10 264 0.80000000000000004 2 3 20 2400 -0.14159265358979312 0.99914646148681641 53 0 1.0069999999999999 0.89999999999999991
 40 10 317 1.2 1 4 16 2200 -0.14159265358979312 0.9631040096282959 59 1 1.137 0.79999999999999993
 41 10 367 1.2 2 4 16 2200 -1.1415926535897931 3.9386684894561768 59 1 1.083 0.79999999999999993
 42 10 321 1.2 1 4 16 2400 -1.1415926535897931 0.95259666442871094 53 0 0.97499999999999998 1
 43 10 67 0 2 3 20 2200 0.85840734641020688 0.95343518257141113 59 1 1.161 0.89999999999999991
 44 10 155 0.40000000000000002 2 3 16 2400 -2.1415926535897931 0.87058258056640625 59 1 0.97299999999999998 1
 45 10 394 1.6000000000000001 1 3 16 2400 0.85840734641020688 0.82532715797424316 59 1 1.0309999999999999 0.69999999999999996
 46 10 437 1.6000000000000001 2 3 16 2200 -0.14159265358979312 0.87982320785522461 59 1 1.032 1
 47 10 297 1.2 1 3 16 2400 0.85840734641020688 0.81755495071411133 59 1 1.1359999999999999 0.69999999999999996
 48 10 481 3 1 3 16 2000 -3.1415926535897931 1.100022554397583 53 0 1.083 1


# name: resolution
# type: matrix
# rows: 1
# columns: 2
 1366 768


# name: hz
# type: scalar
60


# name: pc
# type: sq_string
# elements: 1
# length: 21
gregor-Latitude-E6320


# name: experiment
# type: sq_string
# elements: 1
# length: 4
RFPb


# name: isOctave
# type: bool
1




