# Created by Octave 5.2.0, Tue Mar 29 19:00:21 2022 CEST <student@gregor-Latitude-E6320>
# name: RFP
# type: scalar struct
# ndims: 2
 1 1
# length: 10
# name: vp
# type: sq_string
# elements: 1
# length: 3
V07


# name: mapping
# type: scalar
2


# name: date
# type: sq_string
# elements: 1
# length: 15
20220329T185813


# name: block
# type: scalar
5


# name: outmat
# type: matrix
# rows: 48
# columns: 14
 1 5 102 0.40000000000000002 1 3 16 2200 -0.14159265358979312 2.5243587493896484 59 1 0.89500000000000002 1
 2 5 73 0 2 4 16 2000 2.8584073464102069 1.2826359272003174 59 1 0.98399999999999999 0.89999999999999991
 3 5 445 1.6000000000000001 2 3 20 2000 -2.1415926535897931 1.2709887027740479 53 0 0.96099999999999997 1
 4 5 148 0.40000000000000002 2 3 16 2000 -0.14159265358979312 13.049787759780884 53 0 1.127 0.69999999999999996
 5 5 508 3 1 4 16 2000 0.85840734641020688 1.1897132396697998 53 0 0.96499999999999997 0.89999999999999991
 6 5 111 0.40000000000000002 1 3 20 2000 0.85840734641020688 1.1131494045257568 59 1 0.98899999999999999 0.79999999999999993
 7 5 170 0.40000000000000002 2 4 16 2000 -3.1415926535897931 1.0902199745178223 59 1 1.2 0.79999999999999993
 8 5 138 0.40000000000000002 1 4 20 2200 -1.1415926535897931 1.0922644138336182 59 1 1.0249999999999999 0.89999999999999991
 9 5 392 1.6000000000000001 1 3 16 2200 -0.14159265358979312 1.0231084823608398 53 0 0.91000000000000003 0.89999999999999991
 10 5 552 3 2 3 20 2400 -0.14159265358979312 1.0577564239501953 53 0 1.1000000000000001 0.89999999999999991
 11 5 118 0.40000000000000002 1 3 20 2400 -0.14159265358979312 0.95868635177612305 53 0 0.82999999999999996 0.69999999999999996
 12 5 430 1.6000000000000001 1 4 20 2400 -1.1415926535897931 0.9649968147277832 53 0 1.0309999999999999 0.89999999999999991
 13 5 413 1.6000000000000001 1 4 16 2200 2.8584073464102069 0.97304701805114746 53 0 0.86599999999999999 0.69999999999999996
 14 5 146 0.40000000000000002 2 3 16 2000 -3.1415926535897931 0.85010981559753418 59 1 1.153 1
 15 5 282 0.80000000000000004 2 4 20 2200 0.85840734641020688 3.0192902088165283 53 0 0.81399999999999995 0.79999999999999993
 16 5 349 1.2 2 3 20 2000 -1.1415926535897931 0.94844436645507812 53 0 1.0620000000000001 1
 17 5 396 1.6000000000000001 1 3 16 2400 -3.1415926535897931 0.83101296424865723 53 0 0.85799999999999998 0.69999999999999996
 18 5 434 1.6000000000000001 2 3 16 2000 2.8584073464102069 0.82842445373535156 53 0 1.181 1
 19 5 149 0.40000000000000002 2 3 16 2200 1.8584073464102069 2.1886336803436279 59 1 1.109 0.89999999999999991
 20 5 129 0.40000000000000002 1 4 16 2400 -0.14159265358979312 1.02744460105896 59 1 0.99299999999999999 0.89999999999999991
 21 5 158 0.40000000000000002 2 3 20 2000 2.8584073464102069 0.96976089477539062 59 1 1.04 0.79999999999999993
 22 5 469 1.6000000000000001 2 4 20 2000 1.8584073464102069 0.91213130950927734 53 0 0.90400000000000003 1
 23 5 221 0.80000000000000004 1 4 16 2200 -0.14159265358979312 0.87585186958312988 53 0 1.0109999999999999 1
 24 5 76 0 2 4 16 2000 1.8584073464102069 0.8524937629699707 59 1 1.101 0.69999999999999996
 25 5 304 1.2 1 3 20 2000 -1.1415926535897931 2.3104104995727539 53 0 0.96999999999999997 1
 26 5 483 3 1 3 16 2000 -0.14159265358979312 1.1263132095336914 53 0 0.96999999999999997 0.79999999999999993
 27 5 337 1.2 2 3 16 2000 -3.1415926535897931 1.0057263374328613 53 0 0.97699999999999998 0.79999999999999993
 28 5 316 1.2 1 4 16 2000 -1.1415926535897931 1.4482662677764893 53 0 1.1659999999999999 0.89999999999999991
 29 5 30 0 1 4 16 2200 -3.1415926535897931 0.97002601623535156 59 1 1.083 1
 30 5 137 0.40000000000000002 1 4 20 2200 -0.14159265358979312 5.9084587097167969 53 0 0.91600000000000004 0.79999999999999993
 31 5 355 1.2 2 3 20 2200 1.8584073464102069 1.139711856842041 53 0 0.82799999999999996 1
 32 5 414 1.6000000000000001 1 4 16 2200 -0.14159265358979312 0.88466238975524902 53 0 0.83699999999999997 0.89999999999999991
 33 5 350 1.2 2 3 20 2000 -0.14159265358979312 1.0779573917388916 53 0 1.006 0.89999999999999991
 34 5 499 3 1 3 20 2200 -0.14159265358979312 0.87484931945800781 53 0 0.88500000000000001 0.69999999999999996
 35 5 497 3 1 3 20 2200 -1.1415926535897931 2.4565861225128174 53 0 1.137 0.89999999999999991
 36 5 543 3 2 3 20 2000 -2.1415926535897931 1.0561742782592773 53 0 1.131 0.69999999999999996
 37 5 375 1.2 2 4 20 2000 0.85840734641020688 0.94201231002807617 53 0 1.071 0.79999999999999993
 38 5 532 3 2 3 16 2000 -2.1415926535897931 0.87536239624023438 53 0 1.161 0.89999999999999991
 39 5 502 3 1 3 20 2400 2.8584073464102069 2.5777108669281006 53 0 0.97199999999999998 0.69999999999999996
 40 5 99 0.40000000000000002 1 3 16 2000 1.8584073464102069 0.84066104888916016 59 1 0.92700000000000005 0.79999999999999993
 41 5 152 0.40000000000000002 2 3 16 2200 0.85840734641020688 0.89481568336486816 59 1 1.073 0.69999999999999996
 42 5 460 1.6000000000000001 2 4 16 2000 1.8584073464102069 1.1062140464782715 53 0 1.1359999999999999 0.79999999999999993
 43 5 16 0 1 3 20 2000 2.8584073464102069 2.4436185359954834 59 1 1.0960000000000001 0.79999999999999993
 44 5 416 1.6000000000000001 1 4 16 2200 -2.1415926535897931 1.05401611328125 53 0 0.81999999999999995 0.89999999999999991
 45 5 309 1.2 1 3 20 2400 2.8584073464102069 0.85956740379333496 53 0 0.85299999999999998 1
 46 5 145 0.40000000000000002 2 3 16 2000 0.85840734641020688 2.3133306503295898 59 1 1.196 0.79999999999999993
 47 5 23 0 1 3 20 2400 -2.1415926535897931 1.1857094764709473 59 1 1.034 0.69999999999999996
 48 5 207 0.80000000000000004 1 3 20 2000 -3.1415926535897931 1.3066973686218262 53 0 1.181 0.79999999999999993


# name: resolution
# type: matrix
# rows: 1
# columns: 2
 1366 768


# name: hz
# type: scalar
60


# name: pc
# type: sq_string
# elements: 1
# length: 21
gregor-Latitude-E6320


# name: experiment
# type: sq_string
# elements: 1
# length: 4
RFPb


# name: isOctave
# type: bool
1




