# Created by Octave 5.2.0, Tue Mar 29 19:06:35 2022 CEST <student@gregor-Latitude-E6320>
# name: RFP
# type: scalar struct
# ndims: 2
 1 1
# length: 10
# name: vp
# type: sq_string
# elements: 1
# length: 3
V07


# name: mapping
# type: scalar
2


# name: date
# type: sq_string
# elements: 1
# length: 15
20220329T190446


# name: block
# type: scalar
8


# name: outmat
# type: matrix
# rows: 48
# columns: 14
 1 8 110 0.40000000000000002 1 3 20 2000 -1.1415926535897931 1.0476424694061279 53 0 1.0229999999999999 0.89999999999999991
 2 8 494 3 1 3 20 2000 1.8584073464102069 0.84936237335205078 53 0 0.86699999999999999 0.89999999999999991
 3 8 545 3 2 3 20 2200 -2.1415926535897931 0.92079854011535645 53 0 0.94199999999999995 0.79999999999999993
 4 8 36 0 1 4 16 2400 -1.1415926535897931 0.92711019515991211 59 1 1.1519999999999999 0.69999999999999996
 5 8 442 1.6000000000000001 2 3 16 2400 1.8584073464102069 0.89580845832824707 53 0 1.1240000000000001 1
 6 8 236 0.80000000000000004 1 4 20 2200 2.8584073464102069 0.95091366767883301 59 1 0.89500000000000002 0.69999999999999996
 7 8 192 0.40000000000000002 2 4 20 2400 -1.1415926535897931 0.98385071754455566 59 1 0.82299999999999995 0.79999999999999993
 8 8 338 1.2 2 3 16 2000 1.8584073464102069 1.0172274112701416 53 0 1.097 0.89999999999999991
 9 8 380 1.2 2 4 20 2200 -2.1415926535897931 1.0420997142791748 59 1 1.0409999999999999 1
 10 8 243 0.80000000000000004 2 3 16 2000 -2.1415926535897931 0.90153145790100098 53 0 0.83499999999999996 0.79999999999999993
 11 8 384 1.2 2 4 20 2400 -2.1415926535897931 1.0013072490692139 59 1 0.91600000000000004 0.89999999999999991
 12 8 452 1.6000000000000001 2 3 20 2200 -3.1415926535897931 0.98746824264526367 53 0 1.0429999999999999 0.89999999999999991
 13 8 144 0.40000000000000002 1 4 20 2400 -1.1415926535897931 1.055739164352417 59 1 1.036 0.69999999999999996
 14 8 254 0.80000000000000004 2 3 20 2000 0.85840734641020688 1.0871732234954834 53 0 0.94899999999999995 0.89999999999999991
 15 8 449 1.6000000000000001 2 3 20 2200 -1.1415926535897931 1.2646634578704834 53 0 1.1850000000000001 0.69999999999999996
 16 8 49 0 2 3 16 2000 -2.1415926535897931 1.006091833114624 53 0 1.1579999999999999 0.69999999999999996
 17 8 47 0 1 4 20 2400 1.8584073464102069 1.0208635330200195 59 1 0.83399999999999996 1
 18 8 13 0 1 3 20 2000 2.8584073464102069 1.0533881187438965 53 0 0.82899999999999996 0.79999999999999993
 19 8 373 1.2 2 4 20 2000 2.8584073464102069 0.95347237586975098 59 1 1.097 1
 20 8 559 3 2 4 16 2200 -3.1415926535897931 1.0743839740753174 59 1 1.0900000000000001 1
 21 8 455 1.6000000000000001 2 3 20 2400 2.8584073464102069 1.0289573669433594 53 0 1.1180000000000001 1
 22 8 382 1.2 2 4 20 2400 -1.1415926535897931 2.3212287425994873 53 0 1.155 1
 23 8 292 1.2 1 3 16 2000 1.8584073464102069 1.0898902416229248 53 0 1.0820000000000001 0.89999999999999991
 24 8 538 3 2 3 16 2400 2.8584073464102069 1.0842010974884033 53 0 0.91600000000000004 0.69999999999999996
 25 8 273 0.80000000000000004 2 4 16 2400 -1.1415926535897931 1.8111543655395508 59 1 0.93999999999999995 0.79999999999999993
 26 8 484 3 1 3 16 2000 -1.1415926535897931 2.2658786773681641 53 0 0.83399999999999996 0.89999999999999991
 27 8 228 0.80000000000000004 1 4 16 2400 2.8584073464102069 0.90117549896240234 53 0 1.0740000000000001 0.79999999999999993
 28 8 575 3 2 4 20 2400 -2.1415926535897931 3.0555605888366699 53 0 1.1319999999999999 0.89999999999999991
 29 8 57 0 2 3 16 2400 0.85840734641020688 1.1351368427276611 59 1 0.92300000000000004 1
 30 8 565 3 2 4 20 2000 -3.1415926535897931 1.0011694431304932 53 0 0.84299999999999997 1
 31 8 212 0.80000000000000004 1 3 20 2200 -2.1415926535897931 1.6795761585235596 53 0 1.0409999999999999 0.79999999999999993
 32 8 571 3 2 4 20 2200 -0.14159265358979312 1.1744160652160645 59 1 0.81399999999999995 0.79999999999999993
 33 8 156 0.40000000000000002 2 3 16 2400 2.8584073464102069 1.2130575180053711 59 1 0.82399999999999995 0.89999999999999991
 34 8 422 1.6000000000000001 1 4 20 2000 -0.14159265358979312 0.97332930564880371 53 0 0.84799999999999998 1
 35 8 204 0.80000000000000004 1 3 16 2400 -1.1415926535897931 1.2480792999267578 59 1 1.1339999999999999 0.79999999999999993
 36 8 205 0.80000000000000004 1 3 20 2000 -1.1415926535897931 2.0391223430633545 59 1 0.83099999999999996 0.79999999999999993
 37 8 328 1.2 1 4 20 2000 1.8584073464102069 1.0663578510284424 53 0 0.83499999999999996 1
 38 8 517 3 1 4 20 2000 -3.1415926535897931 0.96962714195251465 53 0 1.0569999999999999 1
 39 8 15 0 1 3 20 2000 1.8584073464102069 1.2958369255065918 59 1 1.0620000000000001 0.69999999999999996
 40 8 136 0.40000000000000002 1 4 20 2000 -2.1415926535897931 0.95172810554504395 53 0 1.115 0.79999999999999993
 41 8 172 0.40000000000000002 2 4 16 2000 -2.1415926535897931 1.0359385013580322 59 1 1.179 0.89999999999999991
 42 8 308 1.2 1 3 20 2200 -2.1415926535897931 1.7355570793151855 53 0 0.875 0.79999999999999993
 43 8 26 0 1 4 16 2000 -3.1415926535897931 1.0423588752746582 59 1 0.91100000000000003 0.69999999999999996
 44 8 333 1.2 1 4 20 2400 -1.1415926535897931 1.1044914722442627 53 0 1.1160000000000001 0.79999999999999993
 45 8 117 0.40000000000000002 1 3 20 2400 -2.1415926535897931 2.0525045394897461 59 1 1.1319999999999999 0.79999999999999993
 46 8 33 0 1 4 16 2400 -3.1415926535897931 1.180800199508667 59 1 1.153 0.89999999999999991
 47 8 524 3 1 4 20 2200 -3.1415926535897931 1.1183555126190186 53 0 1.1479999999999999 1
 48 8 174 0.40000000000000002 2 4 16 2200 -1.1415926535897931 1.6590986251831055 59 1 1.147 0.89999999999999991


# name: resolution
# type: matrix
# rows: 1
# columns: 2
 1366 768


# name: hz
# type: scalar
60


# name: pc
# type: sq_string
# elements: 1
# length: 21
gregor-Latitude-E6320


# name: experiment
# type: sq_string
# elements: 1
# length: 4
RFPb


# name: isOctave
# type: bool
1




