# Created by Octave 5.2.0, Tue Mar 29 18:54:48 2022 CEST <student@gregor-Latitude-E6320>
# name: RFP
# type: scalar struct
# ndims: 2
 1 1
# length: 10
# name: vp
# type: sq_string
# elements: 1
# length: 3
V07


# name: mapping
# type: scalar
2


# name: date
# type: sq_string
# elements: 1
# length: 15
20220329T185251


# name: block
# type: scalar
3


# name: outmat
# type: matrix
# rows: 48
# columns: 14
 1 3 263 0.80000000000000004 2 3 20 2400 -3.1415926535897931 2.7520933151245117 53 0 1.018 0.89999999999999991
 2 3 366 1.2 2 4 16 2200 -3.1415926535897931 1.1283094882965088 53 0 1.1950000000000001 0.79999999999999993
 3 3 37 0 1 4 20 2000 0.85840734641020688 1.0529098510742188 59 1 1.1439999999999999 1
 4 3 230 0.80000000000000004 1 4 20 2000 -3.1415926535897931 2.36696457862854 53 0 1.0349999999999999 0.79999999999999993
 5 3 215 0.80000000000000004 1 3 20 2400 2.8584073464102069 1.239682674407959 53 0 1.151 1
 6 3 223 0.80000000000000004 1 4 16 2200 -1.1415926535897931 1.1212594509124756 53 0 0.94699999999999995 1
 7 3 569 3 2 4 20 2200 2.8584073464102069 0.9650881290435791 53 0 1.018 0.79999999999999993
 8 3 527 3 1 4 20 2400 -2.1415926535897931 2.4453778266906738 53 0 1.1120000000000001 0.69999999999999996
 9 3 356 1.2 2 3 20 2200 2.8584073464102069 1.6828780174255371 53 0 1.1679999999999999 0.89999999999999991
 10 3 238 0.80000000000000004 1 4 20 2400 -2.1415926535897931 1.2752115726470947 53 0 1.046 0.89999999999999991
 11 3 539 3 2 3 16 2400 -1.1415926535897931 1.219968318939209 53 0 1.107 1
 12 3 568 3 2 4 20 2000 1.8584073464102069 0.98724126815795898 53 0 0.83199999999999996 0.79999999999999993
 13 3 249 0.80000000000000004 2 3 16 2400 -1.1415926535897931 2.7941286563873291 59 1 1.194 0.69999999999999996
 14 3 471 1.6000000000000001 2 4 20 2000 -0.14159265358979312 1.5449261665344238 53 0 0.91100000000000003 0.79999999999999993
 15 3 168 0.40000000000000002 2 3 20 2400 1.8584073464102069 1.0957400798797607 59 1 0.93600000000000005 1
 16 3 429 1.6000000000000001 1 4 20 2400 -0.14159265358979312 1.4435203075408936 59 1 1.151 0.79999999999999993
 17 3 376 1.2 2 4 20 2000 -2.1415926535897931 1.285250186920166 59 1 0.83399999999999996 0.89999999999999991
 18 3 222 0.80000000000000004 1 4 16 2200 -0.14159265358979312 1.0286386013031006 59 1 1.0309999999999999 1
 19 3 477 1.6000000000000001 2 4 20 2400 2.8584073464102069 1.2125198841094971 53 0 0.82699999999999996 0.79999999999999993
 20 3 213 0.80000000000000004 1 3 20 2400 -0.14159265358979312 1.5601565837860107 59 1 0.82299999999999995 1
 21 3 24 0 1 3 20 2400 0.85840734641020688 2.29960036277771 59 1 0.94999999999999996 1
 22 3 480 1.6000000000000001 2 4 20 2400 2.8584073464102069 1.0811252593994141 53 0 1.0740000000000001 1
 23 3 79 0 2 4 16 2200 0.85840734641020688 1.0516560077667236 59 1 0.82899999999999996 1
 24 3 374 1.2 2 4 20 2000 2.8584073464102069 0.98792552947998047 53 0 0.88700000000000001 1
 25 3 233 0.80000000000000004 1 4 20 2200 -3.1415926535897931 1.6557958126068115 53 0 1.097 0.79999999999999993
 26 3 558 3 2 4 16 2200 1.8584073464102069 1.0474193096160889 53 0 0.99399999999999999 0.79999999999999993
 27 3 563 3 2 4 16 2400 0.85840734641020688 0.83712005615234375 53 0 1.117 0.79999999999999993
 28 3 206 0.80000000000000004 1 3 20 2000 -1.1415926535897931 0.93732881546020508 59 1 0.875 1
 29 3 82 0 2 4 16 2400 -0.14159265358979312 1.0200672149658203 59 1 1.163 0.69999999999999996
 30 3 245 0.80000000000000004 2 3 16 2200 -0.14159265358979312 1.2477843761444092 53 0 1.157 1
 31 3 252 0.80000000000000004 2 3 16 2400 0.85840734641020688 1.1188116073608398 59 1 0.97899999999999998 1
 32 3 84 0 2 4 16 2400 -3.1415926535897931 1.0791854858398438 59 1 0.95999999999999996 0.79999999999999993
 33 3 74 0 2 4 16 2000 -3.1415926535897931 2.1485669612884521 59 1 1.0149999999999999 0.79999999999999993
 34 3 235 0.80000000000000004 1 4 20 2200 -0.14159265358979312 1.2240896224975586 53 0 1.1399999999999999 0.79999999999999993
 35 3 43 0 1 4 20 2200 -0.14159265358979312 1.0786094665527344 59 1 1.175 0.79999999999999993
 36 3 171 0.40000000000000002 2 4 16 2000 -0.14159265358979312 1.1400594711303711 59 1 0.81000000000000005 0.79999999999999993
 37 3 153 0.40000000000000002 2 3 16 2400 -2.1415926535897931 2.0622391700744629 59 1 1.081 0.69999999999999996
 38 3 478 1.6000000000000001 2 4 20 2400 2.8584073464102069 1.0744085311889648 53 0 0.89800000000000002 0.79999999999999993
 39 3 112 0.40000000000000002 1 3 20 2000 0.85840734641020688 1.1482453346252441 53 0 1.107 0.69999999999999996
 40 3 12 0 1 3 16 2400 2.8584073464102069 1.0995893478393555 59 1 0.96499999999999997 0.89999999999999991
 41 3 188 0.40000000000000002 2 4 20 2200 -3.1415926535897931 2.1157135963439941 59 1 1.042 1
 42 3 488 3 1 3 16 2200 -0.14159265358979312 1.3419921398162842 53 0 0.93600000000000005 0.69999999999999996
 43 3 536 3 2 3 16 2200 2.8584073464102069 1.2502765655517578 53 0 1.056 0.89999999999999991
 44 3 187 0.40000000000000002 2 4 20 2200 1.8584073464102069 1.0115585327148438 59 1 1.149 1
 45 3 526 3 1 4 20 2400 -2.1415926535897931 1.1067485809326172 53 0 1.135 1
 46 3 53 0 2 3 16 2200 1.8584073464102069 1.2389912605285645 59 1 1.0980000000000001 0.79999999999999993
 47 3 285 0.80000000000000004 2 4 20 2400 2.8584073464102069 1.0876636505126953 59 1 0.877 0.69999999999999996
 48 3 456 1.6000000000000001 2 3 20 2400 -0.14159265358979312 1.4530353546142578 53 0 1.044 1


# name: resolution
# type: matrix
# rows: 1
# columns: 2
 1366 768


# name: hz
# type: scalar
60


# name: pc
# type: sq_string
# elements: 1
# length: 21
gregor-Latitude-E6320


# name: experiment
# type: sq_string
# elements: 1
# length: 4
RFPb


# name: isOctave
# type: bool
1




