# Created by Octave 5.2.0, Tue Mar 29 18:52:34 2022 CEST <student@gregor-Latitude-E6320>
# name: RFP
# type: scalar struct
# ndims: 2
 1 1
# length: 10
# name: vp
# type: sq_string
# elements: 1
# length: 3
V07


# name: mapping
# type: scalar
2


# name: date
# type: sq_string
# elements: 1
# length: 15
20220329T185027


# name: block
# type: scalar
2


# name: outmat
# type: matrix
# rows: 48
# columns: 14
 1 2 20 0 1 3 20 2200 2.8584073464102069 1.1007363796234131 53 0 1.115 1
 2 2 489 3 1 3 16 2400 -3.1415926535897931 0.82105255126953125 53 0 1.1399999999999999 0.69999999999999996
 3 2 390 1.6000000000000001 1 3 16 2200 1.8584073464102069 0.85152840614318848 53 0 1.137 1
 4 2 379 1.2 2 4 20 2200 1.8584073464102069 1.3850343227386475 53 0 1.151 1
 5 2 65 0 2 3 20 2200 1.8584073464102069 0.99947428703308105 53 0 1.006 0.79999999999999993
 6 2 472 1.6000000000000001 2 4 20 2000 1.8584073464102069 1.8771529197692871 53 0 0.85299999999999998 0.69999999999999996
 7 2 468 1.6000000000000001 2 4 16 2400 2.8584073464102069 1.7324244976043701 53 0 0.85399999999999998 0.79999999999999993
 8 2 278 0.80000000000000004 2 4 20 2000 -1.1415926535897931 1.047053337097168 59 1 0.92100000000000004 0.89999999999999991
 9 2 415 1.6000000000000001 1 4 16 2200 0.85840734641020688 3.3496291637420654 59 1 0.96699999999999997 0.69999999999999996
 10 2 157 0.40000000000000002 2 3 20 2000 -1.1415926535897931 1.5636813640594482 59 1 0.95599999999999996 0.69999999999999996
 11 2 318 1.2 1 4 16 2200 2.8584073464102069 1.845604419708252 59 1 1.052 1
 12 2 259 0.80000000000000004 2 3 20 2200 -3.1415926535897931 2.7259445190429688 59 1 1.0369999999999999 1
 13 2 135 0.40000000000000002 1 4 20 2000 -3.1415926535897931 1.1292366981506348 59 1 0.91400000000000003 0.79999999999999993
 14 2 250 0.80000000000000004 2 3 16 2400 -2.1415926535897931 0.93684506416320801 53 0 1.123 1
 15 2 281 0.80000000000000004 2 4 20 2200 0.85840734641020688 2.7699604034423828 53 0 0.89300000000000002 0.79999999999999993
 16 2 276 0.80000000000000004 2 4 16 2400 -3.1415926535897931 1.7339177131652832 59 1 0.80200000000000005 0.89999999999999991
 17 2 64 0 2 3 20 2000 -1.1415926535897931 1.5695703029632568 59 1 1.0629999999999999 0.89999999999999991
 18 2 162 0.40000000000000002 2 3 20 2200 -1.1415926535897931 2.5468785762786865 53 0 0.90200000000000002 0.79999999999999993
 19 2 17 0 1 3 20 2200 -1.1415926535897931 1.196927547454834 53 0 1.048 0.79999999999999993
 20 2 312 1.2 1 3 20 2400 -2.1415926535897931 1.3259444236755371 53 0 0.86099999999999999 1
 21 2 260 0.80000000000000004 2 3 20 2200 -1.1415926535897931 1.0409438610076904 53 0 0.83899999999999997 0.89999999999999991
 22 2 405 1.6000000000000001 1 3 20 2400 0.85840734641020688 1.0057055950164795 53 0 0.99099999999999999 0.89999999999999991
 23 2 75 0 2 4 16 2000 2.8584073464102069 0.99407577514648438 59 1 1.1879999999999999 0.69999999999999996
 24 2 176 0.40000000000000002 2 4 16 2200 0.85840734641020688 1.0699119567871094 59 1 0.82799999999999996 1
 25 2 383 1.2 2 4 20 2400 1.8584073464102069 1.0483188629150391 59 1 1.0389999999999999 0.69999999999999996
 26 2 191 0.40000000000000002 2 4 20 2400 -2.1415926535897931 2.6962246894836426 59 1 0.99199999999999999 0.89999999999999991
 27 2 5 0 1 3 16 2200 -1.1415926535897931 1.0037014484405518 59 1 0.90900000000000003 0.69999999999999996
 28 2 505 3 1 4 16 2000 0.85840734641020688 1.3661623001098633 53 0 1.1459999999999999 0.69999999999999996
 29 2 231 0.80000000000000004 1 4 20 2000 0.85840734641020688 2.9924757480621338 59 1 1.161 0.79999999999999993
 30 2 573 3 2 4 20 2400 0.85840734641020688 1.2549064159393311 53 0 0.83599999999999997 1
 31 2 339 1.2 2 3 16 2000 -3.1415926535897931 1.0737466812133789 59 1 0.96999999999999997 0.89999999999999991
 32 2 506 3 1 4 16 2000 -0.14159265358979312 1.754204273223877 59 1 0.89300000000000002 0.89999999999999991
 33 2 178 0.40000000000000002 2 4 16 2400 2.8584073464102069 1.0741527080535889 59 1 1.0629999999999999 0.89999999999999991
 34 2 418 1.6000000000000001 1 4 16 2400 -2.1415926535897931 0.98016524314880371 53 0 1.0629999999999999 0.89999999999999991
 35 2 58 0 2 3 16 2400 2.8584073464102069 0.91957449913024902 59 1 0.80800000000000005 0.79999999999999993
 36 2 310 1.2 1 3 20 2400 1.8584073464102069 0.83489179611206055 53 0 0.85499999999999998 0.69999999999999996
 37 2 128 0.40000000000000002 1 4 16 2200 1.8584073464102069 2.4429240226745605 59 1 1.0049999999999999 0.79999999999999993
 38 2 131 0.40000000000000002 1 4 16 2400 -1.1415926535897931 1.1542034149169922 59 1 1.014 0.89999999999999991
 39 2 341 1.2 2 3 16 2200 -3.1415926535897931 1.6884846687316895 59 1 1.1639999999999999 1
 40 2 98 0.40000000000000002 1 3 16 2000 2.8584073464102069 2.9031310081481934 53 0 1.0109999999999999 0.79999999999999993
 41 2 214 0.80000000000000004 1 3 20 2400 -1.1415926535897931 1.0986948013305664 53 0 1.149 1
 42 2 196 0.80000000000000004 1 3 16 2000 1.8584073464102069 2.2719194889068604 53 0 1.046 0.69999999999999996
 43 2 550 3 2 3 20 2400 2.8584073464102069 4.4241852760314941 53 0 0.95899999999999996 1
 44 2 327 1.2 1 4 20 2000 0.85840734641020688 1.3356142044067383 53 0 0.85999999999999999 1
 45 2 193 0.80000000000000004 1 3 16 2000 -0.14159265358979312 2.8895721435546875 59 1 0.84699999999999998 0.79999999999999993
 46 2 10 0 1 3 16 2400 0.85840734641020688 1.4492475986480713 59 1 1.139 0.69999999999999996
 47 2 45 0 1 4 20 2400 -0.14159265358979312 1.1776425838470459 59 1 1.1479999999999999 1
 48 2 426 1.6000000000000001 1 4 20 2200 2.8584073464102069 1.2359678745269775 53 0 0.90700000000000003 0.69999999999999996


# name: resolution
# type: matrix
# rows: 1
# columns: 2
 1366 768


# name: hz
# type: scalar
60


# name: pc
# type: sq_string
# elements: 1
# length: 21
gregor-Latitude-E6320


# name: experiment
# type: sq_string
# elements: 1
# length: 4
RFPb


# name: isOctave
# type: bool
1




