# Created by Octave 5.2.0, Wed Mar 30 12:42:50 2022 CEST <student@gregor-Latitude-E6320>
# name: RFP
# type: scalar struct
# ndims: 2
 1 1
# length: 10
# name: vp
# type: sq_string
# elements: 1
# length: 3
V08


# name: mapping
# type: scalar
2


# name: date
# type: sq_string
# elements: 1
# length: 15
20220330T124107


# name: block
# type: scalar
9


# name: outmat
# type: matrix
# rows: 48
# columns: 14
 1 9 216 0.80000000000000004 1 3 20 2400 1.8584073464102069 0.91960310935974121 53 0 0.89400000000000002 0.69999999999999996
 2 9 274 0.80000000000000004 2 4 16 2400 -3.1415926535897931 0.9901585578918457 59 1 0.91700000000000004 0.69999999999999996
 3 9 463 1.6000000000000001 2 4 16 2200 -2.1415926535897931 0.96095991134643555 59 1 0.90800000000000003 1
 4 9 426 1.6000000000000001 1 4 20 2200 -1.1415926535897931 0.93150877952575684 53 0 0.91500000000000004 0.69999999999999996
 5 9 147 0.40000000000000002 2 3 16 2000 -1.1415926535897931 0.97875857353210449 59 1 0.98599999999999999 1
 6 9 489 3 1 3 16 2400 -2.1415926535897931 0.88958334922790527 53 0 0.89700000000000002 0.69999999999999996
 7 9 535 3 2 3 16 2200 -3.1415926535897931 0.9234464168548584 53 0 1.093 1
 8 9 168 0.40000000000000002 2 3 20 2400 -3.1415926535897931 2.5362637042999268 53 0 0.99299999999999999 0.69999999999999996
 9 9 575 3 2 4 20 2400 -1.1415926535897931 1.205711841583252 53 0 0.999 1
 10 9 138 0.40000000000000002 1 4 20 2200 0.85840734641020688 0.92088866233825684 59 1 0.91100000000000003 0.69999999999999996
 11 9 550 3 2 3 20 2400 1.8584073464102069 1.0051867961883545 53 0 0.91100000000000003 1
 12 9 470 1.6000000000000001 2 4 20 2000 -1.1415926535897931 0.95622825622558594 53 0 0.89100000000000001 0.89999999999999991
 13 9 338 1.2 2 3 16 2000 -0.14159265358979312 2.1252501010894775 53 0 1.1539999999999999 0.89999999999999991
 14 9 6 0 1 3 16 2200 -2.1415926535897931 1.1117334365844727 59 1 1.1990000000000001 0.79999999999999993
 15 9 355 1.2 2 3 20 2200 -1.1415926535897931 1.0436265468597412 53 0 0.92100000000000004 0.69999999999999996
 16 9 85 0 2 4 20 2000 0.85840734641020688 1.0650119781494141 59 1 0.82899999999999996 0.79999999999999993
 17 9 351 1.2 2 3 20 2000 -0.14159265358979312 1.0027937889099121 53 0 1.079 0.79999999999999993
 18 9 418 1.6000000000000001 1 4 16 2400 -1.1415926535897931 1.0878922939300537 53 0 1.1060000000000001 1
 19 9 67 0 2 3 20 2200 1.8584073464102069 1.056549072265625 59 1 0.80900000000000005 1
 20 9 29 0 1 4 16 2200 0.85840734641020688 1.047771692276001 59 1 1.095 0.79999999999999993
 21 9 296 1.2 1 3 16 2200 0.85840734641020688 1.1164226531982422 53 0 1.177 0.79999999999999993
 22 9 334 1.2 1 4 20 2400 1.8584073464102069 1.0652706623077393 53 0 1.115 0.79999999999999993
 23 9 93 0 2 4 20 2400 -1.1415926535897931 1.0404436588287354 59 1 1.1160000000000001 1
 24 9 20 0 1 3 20 2200 -3.1415926535897931 1.0091691017150879 59 1 1.036 0.69999999999999996
 25 9 322 1.2 1 4 16 2400 -3.1415926535897931 0.97773194313049316 53 0 1.1830000000000001 0.69999999999999996
 26 9 2 0 1 3 16 2000 -3.1415926535897931 1.0201873779296875 59 1 1.143 1
 27 9 51 0 2 3 16 2000 0.85840734641020688 1.0125632286071777 59 1 1.048 0.89999999999999991
 28 9 345 1.2 2 3 16 2400 -2.1415926535897931 1.1251962184906006 53 0 1.0840000000000001 0.89999999999999991
 29 9 422 1.6000000000000001 1 4 20 2000 1.8584073464102069 1.267993688583374 53 0 1.147 0.89999999999999991
 30 9 188 0.40000000000000002 2 4 20 2200 -1.1415926535897931 1.1110293865203857 53 0 0.91500000000000004 0.79999999999999993
 31 9 343 1.2 2 3 16 2200 0.85840734641020688 1.0264368057250977 53 0 0.83599999999999997 0.79999999999999993
 32 9 398 1.6000000000000001 1 3 20 2000 0.85840734641020688 1.038027286529541 53 0 0.80400000000000005 0.69999999999999996
 33 9 494 3 1 3 20 2000 -0.14159265358979312 0.95608139038085938 53 0 0.90400000000000003 0.89999999999999991
 34 9 476 1.6000000000000001 2 4 20 2200 -0.14159265358979312 0.88769006729125977 53 0 0.93400000000000005 0.89999999999999991
 35 9 127 0.40000000000000002 1 4 16 2200 2.8584073464102069 1.0191471576690674 59 1 1.083 0.89999999999999991
 36 9 198 0.80000000000000004 1 3 16 2200 0.85840734641020688 1.0807816982269287 53 0 0.92900000000000005 0.69999999999999996
 37 9 475 1.6000000000000001 2 4 20 2200 -2.1415926535897931 1.0400569438934326 53 0 0.92300000000000004 0.79999999999999993
 38 9 43 0 1 4 20 2200 2.8584073464102069 1.0020723342895508 59 1 1.1299999999999999 0.79999999999999993
 39 9 136 0.40000000000000002 1 4 20 2000 -0.14159265358979312 1.0181605815887451 53 0 1.006 0.79999999999999993
 40 9 423 1.6000000000000001 1 4 20 2000 -0.14159265358979312 1.0038013458251953 53 0 1.1950000000000001 0.79999999999999993
 41 9 317 1.2 1 4 16 2200 -1.1415926535897931 0.98322367668151855 53 0 1.1259999999999999 0.79999999999999993
 42 9 267 0.80000000000000004 2 4 16 2000 2.8584073464102069 0.91564059257507324 59 1 1.0249999999999999 1
 43 9 425 1.6000000000000001 1 4 20 2200 -1.1415926535897931 1.0045528411865234 53 0 0.878 0.79999999999999993
 44 9 72 0 2 3 20 2400 -2.1415926535897931 0.96957492828369141 59 1 1.0900000000000001 1
 45 9 243 0.80000000000000004 2 3 16 2000 -0.14159265358979312 0.97193384170532227 59 1 0.93200000000000005 0.89999999999999991
 46 9 305 1.2 1 3 20 2200 -2.1415926535897931 1.0004384517669678 53 0 0.88600000000000001 0.79999999999999993
 47 9 120 0.40000000000000002 1 3 20 2400 -1.1415926535897931 2.2875053882598877 59 1 1.133 0.79999999999999993
 48 9 555 3 2 4 16 2000 2.8584073464102069 1.2221119403839111 53 0 1.137 0.79999999999999993


# name: resolution
# type: matrix
# rows: 1
# columns: 2
 1366 768


# name: hz
# type: scalar
60


# name: pc
# type: sq_string
# elements: 1
# length: 21
gregor-Latitude-E6320


# name: experiment
# type: sq_string
# elements: 1
# length: 4
RFPb


# name: isOctave
# type: bool
1




