# Created by Octave 5.2.0, Wed Mar 30 12:34:11 2022 CEST <student@gregor-Latitude-E6320>
# name: RFP
# type: scalar struct
# ndims: 2
 1 1
# length: 10
# name: vp
# type: sq_string
# elements: 1
# length: 3
V08


# name: mapping
# type: scalar
2


# name: date
# type: sq_string
# elements: 1
# length: 15
20220330T123222


# name: block
# type: scalar
4


# name: outmat
# type: matrix
# rows: 48
# columns: 14
 1 4 271 0.80000000000000004 2 4 16 2200 -1.1415926535897931 2.4247434139251709 59 1 0.95199999999999996 1
 2 4 369 1.2 2 4 16 2400 -3.1415926535897931 1.3291444778442383 59 1 0.83399999999999996 0.89999999999999991
 3 4 265 0.80000000000000004 2 4 16 2000 -3.1415926535897931 1.1101624965667725 53 0 0.995 0.69999999999999996
 4 4 214 0.80000000000000004 1 3 20 2400 -3.1415926535897931 1.0475540161132812 53 0 1.1779999999999999 0.79999999999999993
 5 4 404 1.6000000000000001 1 3 20 2200 0.85840734641020688 1.2202928066253662 53 0 1.101 0.69999999999999996
 6 4 158 0.40000000000000002 2 3 20 2000 1.8584073464102069 2.0068535804748535 59 1 1.1950000000000001 0.89999999999999991
 7 4 221 0.80000000000000004 1 4 16 2200 -2.1415926535897931 1.3735389709472656 59 1 1.1639999999999999 0.79999999999999993
 8 4 340 1.2 2 3 16 2000 0.85840734641020688 1.2070438861846924 59 1 1.123 0.89999999999999991
 9 4 260 0.80000000000000004 2 3 20 2200 1.8584073464102069 1.1708915233612061 53 0 0.85699999999999998 0.79999999999999993
 10 4 399 1.6000000000000001 1 3 20 2000 -0.14159265358979312 1.3845765590667725 53 0 0.80400000000000005 0.89999999999999991
 11 4 518 3 1 4 20 2000 -2.1415926535897931 1.179499626159668 53 0 1.0760000000000001 0.69999999999999996
 12 4 384 1.2 2 4 20 2400 -3.1415926535897931 1.4690365791320801 53 0 0.89900000000000002 0.89999999999999991
 13 4 194 0.80000000000000004 1 3 16 2000 -2.1415926535897931 1.1108763217926025 59 1 1.1220000000000001 0.79999999999999993
 14 4 336 1.2 1 4 20 2400 -0.14159265358979312 1.2244882583618164 53 0 1.171 1
 15 4 98 0.40000000000000002 1 3 16 2000 -1.1415926535897931 1.0722064971923828 59 1 1.173 0.79999999999999993
 16 4 513 3 1 4 16 2400 -0.14159265358979312 1.1493995189666748 59 1 1.121 0.89999999999999991
 17 4 191 0.40000000000000002 2 4 20 2400 1.8584073464102069 1.0406796932220459 53 0 1.081 0.69999999999999996
 18 4 73 0 2 4 16 2000 -3.1415926535897931 1.021965503692627 59 1 1.1060000000000001 0.89999999999999991
 19 4 30 0 1 4 16 2200 -3.1415926535897931 1.0263435840606689 59 1 1 1
 20 4 498 3 1 3 20 2200 1.8584073464102069 1.0012900829315186 53 0 0.81799999999999995 0.79999999999999993
 21 4 240 0.80000000000000004 1 4 20 2400 -3.1415926535897931 1.0134487152099609 59 1 1.012 1
 22 4 178 0.40000000000000002 2 4 16 2400 -0.14159265358979312 0.99859809875488281 59 1 0.91600000000000004 0.89999999999999991
 23 4 523 3 1 4 20 2200 -2.1415926535897931 1.2496848106384277 59 1 1.1839999999999999 1
 24 4 179 0.40000000000000002 2 4 16 2400 -1.1415926535897931 0.98483467102050781 59 1 1.054 0.79999999999999993
 25 4 19 0 1 3 20 2200 -2.1415926535897931 1.0396623611450195 59 1 1.115 1
 26 4 333 1.2 1 4 20 2400 2.8584073464102069 2.4830226898193359 53 0 0.96099999999999997 0.89999999999999991
 27 4 457 1.6000000000000001 2 4 16 2000 -2.1415926535897931 1.043698787689209 59 1 1.02 1
 28 4 570 3 2 4 20 2200 -3.1415926535897931 1.0059061050415039 53 0 1.1739999999999999 0.69999999999999996
 29 4 231 0.80000000000000004 1 4 20 2000 1.8584073464102069 1.9211010932922363 59 1 1.1479999999999999 0.69999999999999996
 30 4 266 0.80000000000000004 2 4 16 2000 1.8584073464102069 1.2904307842254639 59 1 0.99399999999999999 0.79999999999999993
 31 4 153 0.40000000000000002 2 3 16 2400 -3.1415926535897931 1.2159585952758789 59 1 0.88600000000000001 0.69999999999999996
 32 4 374 1.2 2 4 20 2000 -1.1415926535897931 1.1252148151397705 59 1 0.87 1
 33 4 480 1.6000000000000001 2 4 20 2400 0.85840734641020688 1.0845553874969482 53 0 0.81200000000000006 0.79999999999999993
 34 4 11 0 1 3 16 2400 2.8584073464102069 1.0741360187530518 59 1 1.0229999999999999 0.69999999999999996
 35 4 195 0.80000000000000004 1 3 16 2000 2.8584073464102069 1.2127509117126465 59 1 1.153 0.79999999999999993
 36 4 245 0.80000000000000004 2 3 16 2200 0.85840734641020688 1.0851056575775146 59 1 0.96799999999999997 0.79999999999999993
 37 4 415 1.6000000000000001 1 4 16 2200 -1.1415926535897931 1.0546011924743652 59 1 1.0249999999999999 0.79999999999999993
 38 4 256 0.80000000000000004 2 3 20 2000 -0.14159265358979312 0.98068785667419434 59 1 0.94099999999999995 1
 39 4 283 0.80000000000000004 2 4 20 2200 2.8584073464102069 1.0135173797607422 53 0 0.91000000000000003 0.79999999999999993
 40 4 13 0 1 3 20 2000 -3.1415926535897931 1.0196466445922852 59 1 0.83499999999999996 0.79999999999999993
 41 4 379 1.2 2 4 20 2200 -3.1415926535897931 1.0891144275665283 53 0 0.92700000000000005 0.89999999999999991
 42 4 508 3 1 4 16 2000 -3.1415926535897931 1.3210744857788086 53 0 0.95199999999999996 0.69999999999999996
 43 4 239 0.80000000000000004 1 4 20 2400 -3.1415926535897931 1.2769274711608887 53 0 1.109 0.69999999999999996
 44 4 320 1.2 1 4 16 2200 2.8584073464102069 1.1528472900390625 53 0 0.90400000000000003 0.69999999999999996
 45 4 55 0 2 3 16 2200 -0.14159265358979312 1.1159679889678955 59 1 1.0800000000000001 1
 46 4 41 0 1 4 20 2200 -2.1415926535897931 1.1356122493743896 59 1 0.82999999999999996 1
 47 4 137 0.40000000000000002 1 4 20 2200 -0.14159265358979312 0.98931622505187988 53 0 1.0169999999999999 0.79999999999999993
 48 4 346 1.2 2 3 16 2400 1.8584073464102069 1.1520724296569824 53 0 1.0309999999999999 0.69999999999999996


# name: resolution
# type: matrix
# rows: 1
# columns: 2
 1366 768


# name: hz
# type: scalar
60


# name: pc
# type: sq_string
# elements: 1
# length: 21
gregor-Latitude-E6320


# name: experiment
# type: sq_string
# elements: 1
# length: 4
RFPb


# name: isOctave
# type: bool
1




