# Created by Octave 5.2.0, Wed Mar 30 12:41:05 2022 CEST <student@gregor-Latitude-E6320>
# name: RFP
# type: scalar struct
# ndims: 2
 1 1
# length: 10
# name: vp
# type: sq_string
# elements: 1
# length: 3
V08


# name: mapping
# type: scalar
2


# name: date
# type: sq_string
# elements: 1
# length: 15
20220330T123925


# name: block
# type: scalar
8


# name: outmat
# type: matrix
# rows: 48
# columns: 14
 1 8 205 0.80000000000000004 1 3 20 2000 -2.1415926535897931 1.0503346920013428 53 0 1.1559999999999999 1
 2 8 487 3 1 3 16 2200 -0.14159265358979312 0.97002959251403809 53 0 0.89400000000000002 0.89999999999999991
 3 8 539 3 2 3 16 2400 1.8584073464102069 0.96923303604125977 53 0 0.872 0.89999999999999991
 4 8 522 3 1 4 20 2200 -2.1415926535897931 1.004929780960083 53 0 0.82999999999999996 0.89999999999999991
 5 8 492 3 1 3 16 2400 0.85840734641020688 1.0203263759613037 53 0 0.93899999999999995 0.69999999999999996
 6 8 533 3 2 3 16 2200 0.85840734641020688 0.83698058128356934 53 0 0.93899999999999995 1
 7 8 452 1.6000000000000001 2 3 20 2200 -1.1415926535897931 0.87955260276794434 53 0 0.84999999999999998 1
 8 8 549 3 2 3 20 2400 -0.14159265358979312 0.9521794319152832 53 0 0.81599999999999995 1
 9 8 303 1.2 1 3 20 2000 0.85840734641020688 0.90136265754699707 53 0 0.89500000000000002 0.69999999999999996
 10 8 230 0.80000000000000004 1 4 20 2000 -2.1415926535897931 0.8871767520904541 53 0 0.83999999999999997 0.89999999999999991
 11 8 386 1.6000000000000001 1 3 16 2000 -0.14159265358979312 2.6802093982696533 53 0 1.1060000000000001 0.69999999999999996
 12 8 219 0.80000000000000004 1 4 16 2000 0.85840734641020688 0.9456474781036377 59 1 1.0589999999999999 0.89999999999999991
 13 8 447 1.6000000000000001 2 3 20 2000 -0.14159265358979312 0.99222803115844727 53 0 1.1419999999999999 0.69999999999999996
 14 8 23 0 1 3 20 2400 -2.1415926535897931 0.92551064491271973 59 1 1.0649999999999999 0.79999999999999993
 15 8 64 0 2 3 20 2000 -0.14159265358979312 1.0121250152587891 59 1 0.82599999999999996 0.79999999999999993
 16 8 42 0 1 4 20 2200 -1.1415926535897931 1.0049126148223877 59 1 0.83099999999999996 0.69999999999999996
 17 8 213 0.80000000000000004 1 3 20 2400 -1.1415926535897931 1.0279698371887207 59 1 1.042 0.69999999999999996
 18 8 564 3 2 4 16 2400 -2.1415926535897931 1.0077254772186279 59 1 0.91700000000000004 1
 19 8 9 0 1 3 16 2400 2.8584073464102069 1.0108435153961182 59 1 0.91200000000000003 1
 20 8 314 1.2 1 4 16 2000 2.8584073464102069 0.9605858325958252 59 1 0.97999999999999998 1
 21 8 116 0.40000000000000002 1 3 20 2200 -3.1415926535897931 1.0371627807617188 59 1 1.05 0.69999999999999996
 22 8 174 0.40000000000000002 2 4 16 2200 -0.14159265358979312 1.0007264614105225 59 1 1.1819999999999999 0.89999999999999991
 23 8 130 0.40000000000000002 1 4 16 2400 -3.1415926535897931 1.0243120193481445 59 1 0.89000000000000001 0.69999999999999996
 24 8 181 0.40000000000000002 2 4 20 2000 0.85840734641020688 1.0039348602294922 59 1 1.1739999999999999 1
 25 8 554 3 2 4 16 2000 -1.1415926535897931 0.9977257251739502 59 1 1.002 0.89999999999999991
 26 8 152 0.40000000000000002 2 3 16 2200 0.85840734641020688 0.98438787460327148 59 1 0.99199999999999999 0.89999999999999991
 27 8 124 0.40000000000000002 1 4 16 2000 -3.1415926535897931 0.96770691871643066 59 1 1.095 0.89999999999999991
 28 8 162 0.40000000000000002 2 3 20 2200 -0.14159265358979312 0.96779942512512207 59 1 0.98799999999999999 1
 29 8 473 1.6000000000000001 2 4 20 2200 1.8584073464102069 0.88461971282958984 53 0 0.83299999999999996 0.79999999999999993
 30 8 299 1.2 1 3 16 2400 -1.1415926535897931 0.95450854301452637 59 1 0.872 0.69999999999999996
 31 8 1 0 1 3 16 2000 -2.1415926535897931 0.98779177665710449 59 1 1.111 1
 32 8 156 0.40000000000000002 2 3 16 2400 -2.1415926535897931 0.99480628967285156 59 1 1.1799999999999999 0.79999999999999993
 33 8 528 3 1 4 20 2400 -1.1415926535897931 1.0688560009002686 53 0 0.95699999999999996 0.69999999999999996
 34 8 396 1.6000000000000001 1 3 16 2400 -3.1415926535897931 0.90241408348083496 53 0 1.113 0.89999999999999991
 35 8 364 1.2 2 4 16 2000 2.8584073464102069 1.012986421585083 59 1 0.99299999999999999 0.89999999999999991
 36 8 353 1.2 2 3 20 2200 -2.1415926535897931 0.9201207160949707 53 0 1.198 0.89999999999999991
 37 8 402 1.6000000000000001 1 3 20 2200 -3.1415926535897931 1.0408129692077637 53 0 1.083 0.79999999999999993
 38 8 33 0 1 4 16 2400 0.85840734641020688 0.98477792739868164 59 1 0.91600000000000004 0.79999999999999993
 39 8 99 0.40000000000000002 1 3 16 2000 1.8584073464102069 2.9632747173309326 59 1 1.008 0.89999999999999991
 40 8 502 3 1 3 20 2400 -3.1415926535897931 1.0898575782775879 53 0 1.077 0.79999999999999993
 41 8 409 1.6000000000000001 1 4 16 2000 -2.1415926535897931 0.9907073974609375 53 0 1.105 0.89999999999999991
 42 8 211 0.80000000000000004 1 3 20 2200 -1.1415926535897931 1.0084435939788818 53 0 1.1579999999999999 1
 43 8 141 0.40000000000000002 1 4 20 2400 2.8584073464102069 1.1998686790466309 59 1 0.91500000000000004 0.69999999999999996
 44 8 126 0.40000000000000002 1 4 16 2200 -3.1415926535897931 0.99071884155273438 59 1 0.98299999999999998 0.89999999999999991
 45 8 112 0.40000000000000002 1 3 20 2000 -1.1415926535897931 1.0246548652648926 59 1 0.94199999999999995 0.89999999999999991
 46 8 97 0.40000000000000002 1 3 16 2000 1.8584073464102069 1.0054736137390137 59 1 0.95899999999999996 0.69999999999999996
 47 8 530 3 2 3 16 2000 -0.14159265358979312 1.3565206527709961 53 0 0.82199999999999995 0.89999999999999991
 48 8 58 0 2 3 16 2400 -2.1415926535897931 1.0112030506134033 59 1 0.84099999999999997 1


# name: resolution
# type: matrix
# rows: 1
# columns: 2
 1366 768


# name: hz
# type: scalar
60


# name: pc
# type: sq_string
# elements: 1
# length: 21
gregor-Latitude-E6320


# name: experiment
# type: sq_string
# elements: 1
# length: 4
RFPb


# name: isOctave
# type: bool
1




