# Created by Octave 5.2.0, Wed Mar 30 12:44:33 2022 CEST <student@gregor-Latitude-E6320>
# name: RFP
# type: scalar struct
# ndims: 2
 1 1
# length: 10
# name: vp
# type: sq_string
# elements: 1
# length: 3
V08


# name: mapping
# type: scalar
2


# name: date
# type: sq_string
# elements: 1
# length: 15
20220330T124252


# name: block
# type: scalar
10


# name: outmat
# type: matrix
# rows: 48
# columns: 14
 1 10 65 0 2 3 20 2200 -1.1415926535897931 1.0370783805847168 59 1 0.96499999999999997 1
 2 10 254 0.80000000000000004 2 3 20 2000 -3.1415926535897931 1.0062847137451172 53 0 0.92100000000000004 1
 3 10 173 0.40000000000000002 2 4 16 2200 0.85840734641020688 0.98166704177856445 59 1 0.96399999999999997 0.69999999999999996
 4 10 289 1.2 1 3 16 2000 -2.1415926535897931 1.0306322574615479 59 1 0.88900000000000001 0.69999999999999996
 5 10 189 0.40000000000000002 2 4 20 2400 0.85840734641020688 1.0426878929138184 59 1 1.0660000000000001 0.79999999999999993
 6 10 182 0.40000000000000002 2 4 20 2000 1.8584073464102069 0.9355781078338623 59 1 1.149 0.69999999999999996
 7 10 275 0.80000000000000004 2 4 16 2400 0.85840734641020688 0.98180794715881348 59 1 0.86799999999999999 1
 8 10 544 3 2 3 20 2000 1.8584073464102069 1.0208077430725098 53 0 0.90400000000000003 1
 9 10 47 0 1 4 20 2400 -3.1415926535897931 1.0264379978179932 59 1 0.91200000000000003 0.69999999999999996
 10 10 515 3 1 4 16 2400 1.8584073464102069 0.89190292358398438 59 1 1.0640000000000001 1
 11 10 183 0.40000000000000002 2 4 20 2000 -0.14159265358979312 1.0416116714477539 59 1 0.95699999999999996 0.89999999999999991
 12 10 293 1.2 1 3 16 2200 2.8584073464102069 1.0210082530975342 59 1 1.0649999999999999 0.89999999999999991
 13 10 242 0.80000000000000004 2 3 16 2000 0.85840734641020688 1.0072882175445557 59 1 1.151 0.89999999999999991
 14 10 249 0.80000000000000004 2 3 16 2400 1.8584073464102069 1.1209366321563721 59 1 1.1879999999999999 0.89999999999999991
 15 10 401 1.6000000000000001 1 3 20 2200 0.85840734641020688 1.1048135757446289 53 0 1.002 0.79999999999999993
 16 10 390 1.6000000000000001 1 3 16 2200 -2.1415926535897931 1.3883087635040283 53 0 1.0920000000000001 0.69999999999999996
 17 10 144 0.40000000000000002 1 4 20 2400 -3.1415926535897931 1.1653056144714355 59 1 1.0289999999999999 1
 18 10 460 1.6000000000000001 2 4 16 2000 1.8584073464102069 1.0550832748413086 59 1 1.026 1
 19 10 416 1.6000000000000001 1 4 16 2200 -0.14159265358979312 1.0412187576293945 59 1 0.84799999999999998 0.69999999999999996
 20 10 49 0 2 3 16 2000 -1.1415926535897931 1.0370972156524658 59 1 0.93700000000000006 0.69999999999999996
 21 10 329 1.2 1 4 20 2200 -2.1415926535897931 1.043250560760498 59 1 1.054 0.79999999999999993
 22 10 159 0.40000000000000002 2 3 20 2000 2.8584073464102069 1.0327527523040771 59 1 0.872 0.89999999999999991
 23 10 510 3 1 4 16 2200 -0.14159265358979312 1.0318713188171387 59 1 1.081 0.69999999999999996
 24 10 377 1.2 2 4 20 2200 -2.1415926535897931 1.4958698749542236 59 1 0.95099999999999996 0.69999999999999996
 25 10 517 3 1 4 20 2000 2.8584073464102069 1.1462252140045166 53 0 1.1220000000000001 0.79999999999999993
 26 10 562 3 2 4 16 2400 -2.1415926535897931 1.1296076774597168 53 0 1.1779999999999999 0.69999999999999996
 27 10 257 0.80000000000000004 2 3 20 2200 1.8584073464102069 1.1435010433197021 53 0 1.0469999999999999 0.89999999999999991
 28 10 472 1.6000000000000001 2 4 20 2000 -3.1415926535897931 1.0333926677703857 53 0 1.014 1
 29 10 218 0.80000000000000004 1 4 16 2000 0.85840734641020688 1.0128967761993408 59 1 1.079 0.69999999999999996
 30 10 371 1.2 2 4 16 2400 1.8584073464102069 1.0026564598083496 59 1 0.80700000000000005 0.89999999999999991
 31 10 187 0.40000000000000002 2 4 20 2200 1.8584073464102069 1.1453371047973633 59 1 0.82299999999999995 0.69999999999999996
 32 10 91 0 2 4 20 2200 0.85840734641020688 0.98788571357727051 59 1 0.94499999999999995 0.69999999999999996
 33 10 330 1.2 1 4 20 2200 -0.14159265358979312 1.014415979385376 53 0 1.0600000000000001 1
 34 10 52 0 2 3 16 2000 -2.1415926535897931 0.96116161346435547 59 1 1.1519999999999999 1
 35 10 337 1.2 2 3 16 2000 -1.1415926535897931 0.96482753753662109 53 0 1.0660000000000001 0.69999999999999996
 36 10 298 1.2 1 3 16 2400 2.8584073464102069 1.0018446445465088 59 1 0.96599999999999997 1
 37 10 232 0.80000000000000004 1 4 20 2000 0.85840734641020688 0.86480998992919922 53 0 1.111 0.89999999999999991
 38 10 360 1.2 2 3 20 2400 2.8584073464102069 0.99191856384277344 53 0 1.1319999999999999 0.89999999999999991
 39 10 206 0.80000000000000004 1 3 20 2000 0.85840734641020688 0.82867646217346191 53 0 0.81499999999999995 0.79999999999999993
 40 10 140 0.40000000000000002 1 4 20 2200 -3.1415926535897931 2.7314283847808838 59 1 0.91600000000000004 0.89999999999999991
 41 10 226 0.80000000000000004 1 4 16 2400 1.8584073464102069 1.0333912372589111 59 1 0.81699999999999995 0.69999999999999996
 42 10 318 1.2 1 4 16 2200 -1.1415926535897931 1.012965202331543 59 1 1.028 0.69999999999999996
 43 10 506 3 1 4 16 2000 2.8584073464102069 1.0233542919158936 59 1 1.159 1
 44 10 56 0 2 3 16 2200 -1.1415926535897931 1.0109286308288574 59 1 1.0009999999999999 0.79999999999999993
 45 10 459 1.6000000000000001 2 4 16 2000 -1.1415926535897931 0.94437551498413086 53 0 1.016 0.69999999999999996
 46 10 101 0.40000000000000002 1 3 16 2200 -1.1415926535897931 1.0379338264465332 59 1 0.83899999999999997 0.69999999999999996
 47 10 118 0.40000000000000002 1 3 20 2400 -1.1415926535897931 1.1045248508453369 53 0 1 0.79999999999999993
 48 10 294 1.2 1 3 16 2200 -3.1415926535897931 1.0047729015350342 59 1 0.90900000000000003 1


# name: resolution
# type: matrix
# rows: 1
# columns: 2
 1366 768


# name: hz
# type: scalar
60


# name: pc
# type: sq_string
# elements: 1
# length: 21
gregor-Latitude-E6320


# name: experiment
# type: sq_string
# elements: 1
# length: 4
RFPb


# name: isOctave
# type: bool
1




