# Created by Octave 5.2.0, Wed Mar 30 12:30:32 2022 CEST <student@gregor-Latitude-E6320>
# name: RFP
# type: scalar struct
# ndims: 2
 1 1
# length: 10
# name: vp
# type: sq_string
# elements: 1
# length: 3
V08


# name: mapping
# type: scalar
2


# name: date
# type: sq_string
# elements: 1
# length: 15
20220330T122845


# name: block
# type: scalar
2


# name: outmat
# type: matrix
# rows: 48
# columns: 14
 1 2 79 0 2 4 16 2200 -2.1415926535897931 0.99564981460571289 59 1 0.88800000000000001 1
 2 2 7 0 1 3 16 2200 2.8584073464102069 1.0649185180664062 59 1 0.82099999999999995 0.89999999999999991
 3 2 36 0 1 4 16 2400 1.8584073464102069 1.0644683837890625 59 1 1.161 0.69999999999999996
 4 2 315 1.2 1 4 16 2000 2.8584073464102069 1.0918939113616943 53 0 1.036 0.79999999999999993
 5 2 387 1.6000000000000001 1 3 16 2000 0.85840734641020688 1.070239782333374 53 0 0.89100000000000001 0.79999999999999993
 6 2 250 0.80000000000000004 2 3 16 2400 0.85840734641020688 1.0068256855010986 53 0 1.119 0.79999999999999993
 7 2 100 0.40000000000000002 1 3 16 2000 -2.1415926535897931 2.296839714050293 59 1 0.93400000000000005 0.79999999999999993
 8 2 66 0 2 3 20 2200 2.8584073464102069 1.0575597286224365 59 1 1.085 1
 9 2 500 3 1 3 20 2200 0.85840734641020688 2.311190128326416 53 0 0.93700000000000006 1
 10 2 450 1.6000000000000001 2 3 20 2200 0.85840734641020688 1.2640500068664551 53 0 0.88200000000000001 1
 11 2 427 1.6000000000000001 1 4 20 2200 2.8584073464102069 1.1466860771179199 53 0 1.002 0.69999999999999996
 12 2 34 0 1 4 16 2400 -0.14159265358979312 1.1188654899597168 59 1 1.0920000000000001 1
 13 2 210 0.80000000000000004 1 3 20 2200 1.8584073464102069 1.0544044971466064 53 0 1.117 0.79999999999999993
 14 2 414 1.6000000000000001 1 4 16 2200 -3.1415926535897931 1.3083291053771973 53 0 1.1950000000000001 0.89999999999999991
 15 2 383 1.2 2 4 20 2400 -3.1415926535897931 1.3581044673919678 59 1 0.95599999999999996 0.89999999999999991
 16 2 146 0.40000000000000002 2 3 16 2000 0.85840734641020688 1.3129887580871582 59 1 0.82899999999999996 1
 17 2 32 0 1 4 16 2200 -0.14159265358979312 1.2256932258605957 59 1 1.1559999999999999 0.79999999999999993
 18 2 225 0.80000000000000004 1 4 16 2400 -0.14159265358979312 1.2832167148590088 59 1 1.117 0.69999999999999996
 19 2 514 3 1 4 16 2400 1.8584073464102069 1.1252882480621338 59 1 0.82399999999999995 1
 20 2 94 0 2 4 20 2400 -2.1415926535897931 1.2180666923522949 59 1 0.99399999999999999 0.79999999999999993
 21 2 234 0.80000000000000004 1 4 20 2200 -1.1415926535897931 1.2234516143798828 53 0 1.125 0.79999999999999993
 22 2 464 1.6000000000000001 2 4 16 2200 -0.14159265358979312 1.4266910552978516 53 0 1.0720000000000001 1
 23 2 224 0.80000000000000004 1 4 16 2200 -0.14159265358979312 1.0769290924072266 59 1 0.88800000000000001 1
 24 2 175 0.40000000000000002 2 4 16 2200 1.8584073464102069 1.0937032699584961 59 1 0.91600000000000004 0.89999999999999991
 25 2 145 0.40000000000000002 2 3 16 2000 2.8584073464102069 1.0508682727813721 59 1 1.0800000000000001 0.69999999999999996
 26 2 357 1.2 2 3 20 2400 -3.1415926535897931 1.0702996253967285 53 0 1.093 0.89999999999999991
 27 2 344 1.2 2 3 16 2200 2.8584073464102069 1.0565247535705566 53 0 0.88800000000000001 0.79999999999999993
 28 2 474 1.6000000000000001 2 4 20 2200 -3.1415926535897931 1.0800588130950928 53 0 1.1679999999999999 0.79999999999999993
 29 2 279 0.80000000000000004 2 4 20 2000 -3.1415926535897931 1.0425105094909668 53 0 1.071 0.69999999999999996
 30 2 212 0.80000000000000004 1 3 20 2200 2.8584073464102069 1.0984885692596436 53 0 1.1220000000000001 0.89999999999999991
 31 2 61 0 2 3 20 2000 0.85840734641020688 0.98538470268249512 59 1 0.89100000000000001 1
 32 2 417 1.6000000000000001 1 4 16 2400 -3.1415926535897931 1.1356081962585449 53 0 0.83499999999999996 0.79999999999999993
 33 2 27 0 1 4 16 2000 -3.1415926535897931 0.93414068222045898 59 1 0.80200000000000005 0.79999999999999993
 34 2 326 1.2 1 4 20 2000 2.8584073464102069 1.0551526546478271 53 0 1.1639999999999999 0.89999999999999991
 35 2 365 1.2 2 4 16 2200 2.8584073464102069 1.1607887744903564 53 0 1.165 0.69999999999999996
 36 2 504 3 1 3 20 2400 2.8584073464102069 1.2093193531036377 53 0 1.0169999999999999 0.89999999999999991
 37 2 541 3 2 3 20 2000 0.85840734641020688 1.1292514801025391 53 0 0.88900000000000001 0.79999999999999993
 38 2 477 1.6000000000000001 2 4 20 2400 -0.14159265358979312 1.0273447036743164 53 0 1.012 0.89999999999999991
 39 2 148 0.40000000000000002 2 3 16 2000 -2.1415926535897931 1.0410885810852051 59 1 0.98199999999999998 0.79999999999999993
 40 2 104 0.40000000000000002 1 3 16 2200 2.8584073464102069 1.0981266498565674 59 1 0.98199999999999998 0.79999999999999993
 41 2 553 3 2 4 16 2000 2.8584073464102069 1.0717554092407227 53 0 1.1419999999999999 0.89999999999999991
 42 2 228 0.80000000000000004 1 4 16 2400 -3.1415926535897931 1.1550817489624023 53 0 1.1359999999999999 0.69999999999999996
 43 2 525 3 1 4 20 2400 0.85840734641020688 0.9692542552947998 53 0 0.83399999999999996 1
 44 2 5 0 1 3 16 2200 2.8584073464102069 2.4961769580841064 59 1 0.89800000000000002 0.79999999999999993
 45 2 519 3 1 4 20 2000 2.8584073464102069 1.1917574405670166 53 0 0.96099999999999997 0.69999999999999996
 46 2 341 1.2 2 3 16 2200 -2.1415926535897931 1.0464043617248535 59 1 1.1339999999999999 0.89999999999999991
 47 2 441 1.6000000000000001 2 3 16 2400 0.85840734641020688 1.0867063999176025 59 1 1.2 0.89999999999999991
 48 2 485 3 1 3 16 2200 -3.1415926535897931 1.057072639465332 53 0 1.024 0.79999999999999993


# name: resolution
# type: matrix
# rows: 1
# columns: 2
 1366 768


# name: hz
# type: scalar
60


# name: pc
# type: sq_string
# elements: 1
# length: 21
gregor-Latitude-E6320


# name: experiment
# type: sq_string
# elements: 1
# length: 4
RFPb


# name: isOctave
# type: bool
1




