# Created by Octave 5.2.0, Wed Mar 30 12:28:39 2022 CEST <student@gregor-Latitude-E6320>
# name: RFP
# type: scalar struct
# ndims: 2
 1 1
# length: 10
# name: vp
# type: sq_string
# elements: 1
# length: 3
V08


# name: mapping
# type: scalar
2


# name: date
# type: sq_string
# elements: 1
# length: 15
20220330T122644


# name: block
# type: scalar
1


# name: outmat
# type: matrix
# rows: 48
# columns: 14
 1 1 139 0.40000000000000002 1 4 20 2200 2.8584073464102069 3.715756893157959 59 1 0.84899999999999998 0.69999999999999996
 2 1 559 3 2 4 16 2200 -2.1415926535897931 1.4671883583068848 59 1 0.94799999999999995 0.79999999999999993
 3 1 325 1.2 1 4 20 2000 -2.1415926535897931 2.3650329113006592 53 0 0.86099999999999999 0.69999999999999996
 4 1 395 1.6000000000000001 1 3 16 2400 -0.14159265358979312 1.518101692199707 53 0 0.82199999999999995 0.79999999999999993
 5 1 78 0 2 4 16 2200 0.85840734641020688 1.4941062927246094 53 0 1.093 0.79999999999999993
 6 1 556 3 2 4 16 2000 -3.1415926535897931 1.1676499843597412 53 0 0.95499999999999996 0.69999999999999996
 7 1 465 1.6000000000000001 2 4 16 2400 -3.1415926535897931 1.2609827518463135 53 0 0.84799999999999998 0.89999999999999991
 8 1 35 0 1 4 16 2400 -1.1415926535897931 1.0935626029968262 59 1 0.92200000000000004 0.69999999999999996
 9 1 87 0 2 4 20 2000 0.85840734641020688 1.0161433219909668 59 1 1.0840000000000001 0.79999999999999993
 10 1 263 0.80000000000000004 2 3 20 2400 1.8584073464102069 1.0043566226959229 53 0 0.89900000000000002 0.79999999999999993
 11 1 339 1.2 2 3 16 2000 2.8584073464102069 0.94443202018737793 53 0 0.83099999999999996 0.89999999999999991
 12 1 15 0 1 3 20 2000 1.8584073464102069 1.0308618545532227 59 1 0.83199999999999996 1
 13 1 491 3 1 3 16 2400 0.85840734641020688 3.3647840023040771 53 0 0.81799999999999995 0.79999999999999993
 14 1 358 1.2 2 3 20 2400 1.8584073464102069 1.1436252593994141 53 0 1.1910000000000001 0.69999999999999996
 15 1 71 0 2 3 20 2400 -3.1415926535897931 0.99808788299560547 59 1 1.0429999999999999 0.89999999999999991
 16 1 359 1.2 2 3 20 2400 -2.1415926535897931 3.2088057994842529 53 0 0.81299999999999994 0.79999999999999993
 17 1 421 1.6000000000000001 1 4 20 2000 -1.1415926535897931 1.5144500732421875 53 0 0.84799999999999998 0.89999999999999991
 18 1 128 0.40000000000000002 1 4 16 2200 1.8584073464102069 1.157524585723877 59 1 1.0629999999999999 0.79999999999999993
 19 1 304 1.2 1 3 20 2000 -1.1415926535897931 0.99029779434204102 53 0 1.032 0.89999999999999991
 20 1 276 0.80000000000000004 2 4 16 2400 1.8584073464102069 1.2710855007171631 59 1 1.143 0.89999999999999991
 21 1 107 0.40000000000000002 1 3 16 2400 -1.1415926535897931 1.1227569580078125 59 1 0.83499999999999996 0.69999999999999996
 22 1 324 1.2 1 4 16 2400 -1.1415926535897931 1.0468225479125977 59 1 0.82199999999999995 0.79999999999999993
 23 1 132 0.40000000000000002 1 4 16 2400 2.8584073464102069 1.0607078075408936 59 1 0.85099999999999998 1
 24 1 39 0 1 4 20 2000 -1.1415926535897931 0.95512604713439941 59 1 0.94399999999999995 0.69999999999999996
 25 1 297 1.2 1 3 16 2400 -1.1415926535897931 0.98538756370544434 53 0 1.05 0.79999999999999993
 26 1 22 0 1 3 20 2400 0.85840734641020688 2.6981496810913086 59 1 0.93400000000000005 1
 27 1 286 0.80000000000000004 2 4 20 2400 -1.1415926535897931 1.2358355522155762 53 0 1.1930000000000001 1
 28 1 236 0.80000000000000004 1 4 20 2200 -3.1415926535897931 1.0810103416442871 53 0 0.91600000000000004 1
 29 1 388 1.6000000000000001 1 3 16 2000 -1.1415926535897931 1.0910434722900391 59 1 0.91100000000000003 0.89999999999999991
 30 1 96 0 2 4 20 2400 -1.1415926535897931 1.0118026733398438 59 1 0.84999999999999998 0.69999999999999996
 31 1 203 0.80000000000000004 1 3 16 2400 -1.1415926535897931 1.4927148818969727 59 1 1.165 0.79999999999999993
 32 1 92 0 2 4 20 2200 1.8584073464102069 0.92660737037658691 59 1 1.1850000000000001 0.79999999999999993
 33 1 113 0.40000000000000002 1 3 20 2200 2.8584073464102069 1.1480848789215088 59 1 1.0660000000000001 0.79999999999999993
 34 1 209 0.80000000000000004 1 3 20 2200 -1.1415926535897931 1.1011261940002441 59 1 0.99399999999999999 0.89999999999999991
 35 1 170 0.40000000000000002 2 4 16 2000 -0.14159265358979312 2.2429287433624268 59 1 0.88600000000000001 0.69999999999999996
 36 1 367 1.2 2 4 16 2200 -1.1415926535897931 1.6380438804626465 59 1 1.1619999999999999 0.89999999999999991
 37 1 204 0.80000000000000004 1 3 16 2400 -0.14159265358979312 1.257028341293335 53 0 0.88300000000000001 0.89999999999999991
 38 1 4 0 1 3 16 2000 -0.14159265358979312 1.0685112476348877 59 1 0.873 0.89999999999999991
 39 1 565 3 2 4 20 2000 -3.1415926535897931 1.0498147010803223 53 0 1.1799999999999999 1
 40 1 551 3 2 3 20 2400 2.8584073464102069 1.2249758243560791 53 0 1.0800000000000001 1
 41 1 69 0 2 3 20 2400 -0.14159265358979312 0.95633649826049805 59 1 0.98599999999999999 0.89999999999999991
 42 1 177 0.40000000000000002 2 4 16 2400 -3.1415926535897931 1.0079078674316406 59 1 1.091 1
 43 1 95 0 2 4 20 2400 1.8584073464102069 1.058795690536499 59 1 0.90700000000000003 0.69999999999999996
 44 1 3 0 1 3 16 2000 -1.1415926535897931 1.004436731338501 59 1 0.878 0.69999999999999996
 45 1 281 0.80000000000000004 2 4 20 2200 -0.14159265358979312 1.1327517032623291 53 0 0.97899999999999998 0.89999999999999991
 46 1 407 1.6000000000000001 1 3 20 2400 0.85840734641020688 1.1473684310913086 53 0 0.99199999999999999 1
 47 1 259 0.80000000000000004 2 3 20 2200 -1.1415926535897931 1.2578866481781006 59 1 0.97299999999999998 0.69999999999999996
 48 1 270 0.80000000000000004 2 4 16 2200 -2.1415926535897931 1.1659412384033203 53 0 1.137 0.79999999999999993


# name: resolution
# type: matrix
# rows: 1
# columns: 2
 1366 768


# name: hz
# type: scalar
60


# name: pc
# type: sq_string
# elements: 1
# length: 21
gregor-Latitude-E6320


# name: experiment
# type: sq_string
# elements: 1
# length: 4
RFPb


# name: isOctave
# type: bool
1




