# Created by Octave 5.2.0, Wed Mar 30 12:39:23 2022 CEST <student@gregor-Latitude-E6320>
# name: RFP
# type: scalar struct
# ndims: 2
 1 1
# length: 10
# name: vp
# type: sq_string
# elements: 1
# length: 3
V08


# name: mapping
# type: scalar
2


# name: date
# type: sq_string
# elements: 1
# length: 15
20220330T123741


# name: block
# type: scalar
7


# name: outmat
# type: matrix
# rows: 48
# columns: 14
 1 7 483 3 1 3 16 2000 1.8584073464102069 1.0097897052764893 53 0 0.98799999999999999 0.89999999999999991
 2 7 486 3 1 3 16 2200 0.85840734641020688 0.94445013999938965 53 0 0.87 0.79999999999999993
 3 7 291 1.2 1 3 16 2000 -2.1415926535897931 0.85199666023254395 53 0 1.131 1
 4 7 385 1.6000000000000001 1 3 16 2000 -0.14159265358979312 0.95284175872802734 53 0 1.089 0.69999999999999996
 5 7 309 1.2 1 3 20 2400 -1.1415926535897931 0.8376305103302002 53 0 0.86799999999999999 0.89999999999999991
 6 7 467 1.6000000000000001 2 4 16 2400 -0.14159265358979312 0.87146258354187012 59 1 0.97799999999999998 1
 7 7 46 0 1 4 20 2400 -0.14159265358979312 1.0259406566619873 59 1 0.80700000000000005 0.79999999999999993
 8 7 349 1.2 2 3 20 2000 1.8584073464102069 0.93726325035095215 53 0 0.94699999999999995 1
 9 7 135 0.40000000000000002 1 4 20 2000 -1.1415926535897931 0.96859264373779297 59 1 0.999 0.89999999999999991
 10 7 255 0.80000000000000004 2 3 20 2000 -1.1415926535897931 0.97664713859558105 59 1 1.0169999999999999 0.79999999999999993
 11 7 227 0.80000000000000004 1 4 16 2400 0.85840734641020688 0.93132591247558594 59 1 0.81899999999999995 0.89999999999999991
 12 7 202 0.80000000000000004 1 3 16 2400 0.85840734641020688 1.0059003829956055 59 1 0.83499999999999996 1
 13 7 363 1.2 2 4 16 2000 2.8584073464102069 0.91078066825866699 59 1 1.091 0.79999999999999993
 14 7 63 0 2 3 20 2000 -0.14159265358979312 2.3347251415252686 59 1 0.99299999999999999 0.79999999999999993
 15 7 454 1.6000000000000001 2 3 20 2400 -0.14159265358979312 1.1077325344085693 53 0 1.1259999999999999 1
 16 7 499 3 1 3 20 2200 1.8584073464102069 1.0497317314147949 53 0 1.1259999999999999 1
 17 7 16 0 1 3 20 2000 -1.1415926535897931 0.83154463768005371 59 1 1.006 0.69999999999999996
 18 7 410 1.6000000000000001 1 4 16 2000 -2.1415926535897931 1.0232245922088623 59 1 1.1799999999999999 0.69999999999999996
 19 7 442 1.6000000000000001 2 3 16 2400 -3.1415926535897931 1.4980783462524414 59 1 1.071 1
 20 7 197 0.80000000000000004 1 3 16 2200 0.85840734641020688 1.0168108940124512 59 1 1.133 0.89999999999999991
 21 7 356 1.2 2 3 20 2200 -1.1415926535897931 1.0320272445678711 53 0 0.91000000000000003 0.89999999999999991
 22 7 50 0 2 3 16 2000 -2.1415926535897931 1.0069029331207275 59 1 1.0880000000000001 0.69999999999999996
 23 7 208 0.80000000000000004 1 3 20 2000 1.8584073464102069 1.2020273208618164 53 0 0.84999999999999998 0.89999999999999991
 24 7 321 1.2 1 4 16 2400 1.8584073464102069 1.0472922325134277 53 0 1.0589999999999999 0.69999999999999996
 25 7 311 1.2 1 3 20 2400 0.85840734641020688 0.9227757453918457 53 0 1.0229999999999999 1
 26 7 313 1.2 1 4 16 2000 -3.1415926535897931 1.0383188724517822 53 0 1.0169999999999999 1
 27 7 443 1.6000000000000001 2 3 16 2400 -2.1415926535897931 1.0132536888122559 53 0 1.0049999999999999 0.69999999999999996
 28 7 368 1.2 2 4 16 2200 0.85840734641020688 0.98202919960021973 53 0 1.163 0.79999999999999993
 29 7 81 0 2 4 16 2400 1.8584073464102069 1.1973426342010498 59 1 1.1120000000000001 0.89999999999999991
 30 7 312 1.2 1 3 20 2400 -3.1415926535897931 1.009181022644043 53 0 0.878 1
 31 7 561 3 2 4 16 2400 -0.14159265358979312 0.94832348823547363 59 1 1.002 1
 32 7 366 1.2 2 4 16 2200 -0.14159265358979312 1.3436102867126465 53 0 1.1830000000000001 0.69999999999999996
 33 7 306 1.2 1 3 20 2200 -3.1415926535897931 1.1662552356719971 53 0 0.96199999999999997 0.69999999999999996
 34 7 264 0.80000000000000004 2 3 20 2400 0.85840734641020688 1.238356351852417 53 0 1.0629999999999999 0.69999999999999996
 35 7 573 3 2 4 20 2400 -2.1415926535897931 1.084043025970459 53 0 0.81000000000000005 0.89999999999999991
 36 7 348 1.2 2 3 16 2400 -1.1415926535897931 1.1192622184753418 59 1 1.1180000000000001 0.89999999999999991
 37 7 223 0.80000000000000004 1 4 16 2200 1.8584073464102069 1.1317670345306396 59 1 1.1759999999999999 0.79999999999999993
 38 7 241 0.80000000000000004 2 3 16 2000 2.8584073464102069 1.021287202835083 59 1 0.97499999999999998 0.89999999999999991
 39 7 566 3 2 4 20 2000 -0.14159265358979312 1.067314624786377 53 0 0.97399999999999998 0.69999999999999996
 40 7 537 3 2 3 16 2400 -0.14159265358979312 1.852893590927124 59 1 0.96399999999999997 0.69999999999999996
 41 7 373 1.2 2 4 20 2000 -0.14159265358979312 1.0929362773895264 59 1 1.181 1
 42 7 285 0.80000000000000004 2 4 20 2400 -2.1415926535897931 1.1254944801330566 59 1 0.873 1
 43 7 507 3 1 4 16 2000 -2.1415926535897931 1.0012788772583008 59 1 1.1930000000000001 0.89999999999999991
 44 7 560 3 2 4 16 2200 -3.1415926535897931 0.9871368408203125 59 1 1.0940000000000001 0.69999999999999996
 45 7 545 3 2 3 20 2200 1.8584073464102069 0.93977570533752441 53 0 1.0609999999999999 0.89999999999999991
 46 7 503 3 1 3 20 2400 1.8584073464102069 1.0257933139801025 53 0 0.96099999999999997 0.89999999999999991
 47 7 439 1.6000000000000001 2 3 16 2200 -2.1415926535897931 1.0684483051300049 59 1 0.81799999999999995 0.89999999999999991
 48 7 217 0.80000000000000004 1 4 16 2000 1.8584073464102069 1.020857572555542 59 1 1.083 0.79999999999999993


# name: resolution
# type: matrix
# rows: 1
# columns: 2
 1366 768


# name: hz
# type: scalar
60


# name: pc
# type: sq_string
# elements: 1
# length: 21
gregor-Latitude-E6320


# name: experiment
# type: sq_string
# elements: 1
# length: 4
RFPb


# name: isOctave
# type: bool
1




