# Created by Octave 5.2.0, Wed Mar 30 12:47:56 2022 CEST <student@gregor-Latitude-E6320>
# name: RFP
# type: scalar struct
# ndims: 2
 1 1
# length: 10
# name: vp
# type: sq_string
# elements: 1
# length: 3
V08


# name: mapping
# type: scalar
2


# name: date
# type: sq_string
# elements: 1
# length: 15
20220330T124615


# name: block
# type: scalar
12


# name: outmat
# type: matrix
# rows: 48
# columns: 14
 1 12 420 1.6000000000000001 1 4 16 2400 2.8584073464102069 0.98885655403137207 59 1 0.94399999999999995 0.79999999999999993
 2 12 488 3 1 3 16 2200 -1.1415926535897931 1.0266604423522949 59 1 1.0920000000000001 1
 3 12 111 0.40000000000000002 1 3 20 2000 2.8584073464102069 1.0820136070251465 59 1 1.167 1
 4 12 150 0.40000000000000002 2 3 16 2200 -3.1415926535897931 1.104447603225708 59 1 0.90200000000000002 1
 5 12 567 3 2 4 20 2000 -0.14159265358979312 1.199568510055542 53 0 1.1879999999999999 0.79999999999999993
 6 12 222 0.80000000000000004 1 4 16 2200 2.8584073464102069 3.0045413970947266 59 1 0.93700000000000006 0.89999999999999991
 7 12 151 0.40000000000000002 2 3 16 2200 -0.14159265358979312 1.1789348125457764 59 1 1.1220000000000001 0.69999999999999996
 8 12 335 1.2 1 4 20 2400 2.8584073464102069 1.1716239452362061 53 0 0.81799999999999995 0.89999999999999991
 9 12 408 1.6000000000000001 1 3 20 2400 2.8584073464102069 1.0996298789978027 53 0 1.1539999999999999 0.89999999999999991
 10 12 269 0.80000000000000004 2 4 16 2200 1.8584073464102069 1.0420763492584229 59 1 0.93700000000000006 1
 11 12 53 0 2 3 16 2200 -1.1415926535897931 1.0303514003753662 59 1 0.80400000000000005 0.89999999999999991
 12 12 394 1.6000000000000001 1 3 16 2400 2.8584073464102069 0.96800065040588379 59 1 0.82699999999999996 0.89999999999999991
 13 12 482 3 1 3 16 2000 -0.14159265358979312 0.97913384437561035 53 0 1.1539999999999999 0.69999999999999996
 14 12 157 0.40000000000000002 2 3 20 2000 -3.1415926535897931 1.0084037780761719 59 1 0.85899999999999999 1
 15 12 331 1.2 1 4 20 2200 -0.14159265358979312 1.0130734443664551 53 0 1.153 0.79999999999999993
 16 12 12 0 1 3 16 2400 -3.1415926535897931 1.0490696430206299 59 1 1.044 0.79999999999999993
 17 12 438 1.6000000000000001 2 3 16 2200 0.85840734641020688 1.0112318992614746 59 1 1.0249999999999999 1
 18 12 433 1.6000000000000001 2 3 16 2000 2.8584073464102069 0.98996567726135254 59 1 1.0629999999999999 0.89999999999999991
 19 12 290 1.2 1 3 16 2000 -3.1415926535897931 0.8818976879119873 59 1 1.077 0.79999999999999993
 20 12 109 0.40000000000000002 1 3 20 2000 0.85840734641020688 0.93731379508972168 59 1 0.95199999999999996 0.69999999999999996
 21 12 190 0.40000000000000002 2 4 20 2400 2.8584073464102069 0.90524792671203613 59 1 1.1990000000000001 0.79999999999999993
 22 12 424 1.6000000000000001 1 4 20 2000 0.85840734641020688 0.88738322257995605 59 1 0.97699999999999998 0.89999999999999991
 23 12 520 3 1 4 20 2000 2.8584073464102069 0.87195944786071777 53 0 1.0009999999999999 0.79999999999999993
 24 12 468 1.6000000000000001 2 4 16 2400 2.8584073464102069 0.98040652275085449 59 1 1.1459999999999999 0.89999999999999991
 25 12 40 0 1 4 20 2000 -1.1415926535897931 0.98979043960571289 59 1 0.80000000000000004 0.69999999999999996
 26 12 193 0.80000000000000004 1 3 16 2000 -0.14159265358979312 0.88745832443237305 59 1 0.83899999999999997 0.89999999999999991
 27 12 461 1.6000000000000001 2 4 16 2200 -1.1415926535897931 0.90515279769897461 59 1 0.86599999999999999 0.79999999999999993
 28 12 501 3 1 3 20 2400 -3.1415926535897931 0.8595890998840332 53 0 0.80400000000000005 1
 29 12 531 3 2 3 16 2000 0.85840734641020688 0.82356619834899902 59 1 0.89300000000000002 0.89999999999999991
 30 12 397 1.6000000000000001 1 3 20 2000 -0.14159265358979312 0.90824246406555176 59 1 1.1539999999999999 0.89999999999999991
 31 12 134 0.40000000000000002 1 4 20 2000 -0.14159265358979312 0.98415160179138184 59 1 1.099 0.79999999999999993
 32 12 552 3 2 3 20 2400 -1.1415926535897931 0.97324585914611816 53 0 1.032 1
 33 12 393 1.6000000000000001 1 3 16 2400 -0.14159265358979312 2.1995854377746582 59 1 0.84999999999999998 1
 34 12 102 0.40000000000000002 1 3 16 2200 -0.14159265358979312 1.042555570602417 59 1 0.90500000000000003 1
 35 12 362 1.2 2 4 16 2000 2.8584073464102069 0.98430204391479492 59 1 0.82699999999999996 0.89999999999999991
 36 12 307 1.2 1 3 20 2200 -1.1415926535897931 0.95897269248962402 53 0 0.95199999999999996 1
 37 12 524 3 1 4 20 2200 -0.14159265358979312 1.0544469356536865 53 0 1.1419999999999999 0.89999999999999991
 38 12 516 3 1 4 16 2400 -0.14159265358979312 1.0275440216064453 53 0 0.80200000000000005 0.69999999999999996
 39 12 44 0 1 4 20 2200 0.85840734641020688 0.97567892074584961 59 1 0.97599999999999998 0.79999999999999993
 40 12 481 3 1 3 16 2000 -2.1415926535897931 0.93756985664367676 59 1 0.93600000000000005 0.89999999999999991
 41 12 347 1.2 2 3 16 2400 -1.1415926535897931 0.99604177474975586 59 1 0.98299999999999998 0.69999999999999996
 42 12 495 3 1 3 20 2000 -3.1415926535897931 1.0652234554290771 53 0 1.1899999999999999 0.79999999999999993
 43 12 466 1.6000000000000001 2 4 16 2400 -3.1415926535897931 0.95867395401000977 59 1 1.147 0.79999999999999993
 44 12 31 0 1 4 16 2200 -2.1415926535897931 1.0217726230621338 59 1 1.1779999999999999 0.69999999999999996
 45 12 235 0.80000000000000004 1 4 20 2200 -3.1415926535897931 0.97509121894836426 53 0 0.98099999999999998 0.79999999999999993
 46 12 352 1.2 2 3 20 2000 1.8584073464102069 1.0010848045349121 53 0 1.1599999999999999 1
 47 12 248 0.80000000000000004 2 3 16 2200 -0.14159265358979312 1.067969799041748 53 0 1.079 1
 48 12 302 1.2 1 3 20 2000 -1.1415926535897931 1.07126784324646 53 0 1.024 0.69999999999999996


# name: resolution
# type: matrix
# rows: 1
# columns: 2
 1366 768


# name: hz
# type: scalar
60


# name: pc
# type: sq_string
# elements: 1
# length: 21
gregor-Latitude-E6320


# name: experiment
# type: sq_string
# elements: 1
# length: 4
RFPb


# name: isOctave
# type: bool
1




