# Created by Octave 5.2.0, Wed Mar 30 12:32:21 2022 CEST <student@gregor-Latitude-E6320>
# name: RFP
# type: scalar struct
# ndims: 2
 1 1
# length: 10
# name: vp
# type: sq_string
# elements: 1
# length: 3
V08


# name: mapping
# type: scalar
2


# name: date
# type: sq_string
# elements: 1
# length: 15
20220330T123035


# name: block
# type: scalar
3


# name: outmat
# type: matrix
# rows: 48
# columns: 14
 1 3 200 0.80000000000000004 1 3 16 2200 2.8584073464102069 0.94224071502685547 59 1 1.2 1
 2 3 375 1.2 2 4 20 2000 -1.1415926535897931 1.0957772731781006 53 0 0.92400000000000004 0.79999999999999993
 3 3 392 1.6000000000000001 1 3 16 2200 -0.14159265358979312 1.0242924690246582 59 1 0.90000000000000002 0.89999999999999991
 4 3 548 3 2 3 20 2200 -2.1415926535897931 1.0660285949707031 53 0 0.89900000000000002 1
 5 3 310 1.2 1 3 20 2400 0.85840734641020688 1.0743627548217773 53 0 0.80100000000000005 0.69999999999999996
 6 3 434 1.6000000000000001 2 3 16 2000 -1.1415926535897931 1.1061162948608398 59 1 0.81899999999999995 1
 7 3 505 3 1 4 16 2000 -3.1415926535897931 1.0681319236755371 59 1 1.0069999999999999 0.89999999999999991
 8 3 440 1.6000000000000001 2 3 16 2200 2.8584073464102069 1.119276762008667 53 0 0.99199999999999999 0.69999999999999996
 9 3 284 0.80000000000000004 2 4 20 2200 -2.1415926535897931 0.94825077056884766 59 1 1.081 1
 10 3 543 3 2 3 20 2000 -3.1415926535897931 1.0096533298492432 53 0 0.91000000000000003 0.69999999999999996
 11 3 406 1.6000000000000001 1 3 20 2400 2.8584073464102069 1.0980789661407471 53 0 1.0649999999999999 0.89999999999999991
 12 3 125 0.40000000000000002 1 4 16 2200 -3.1415926535897931 0.9866485595703125 59 1 0.97599999999999998 0.79999999999999993
 13 3 17 0 1 3 20 2200 -1.1415926535897931 0.88596057891845703 59 1 0.82399999999999995 0.69999999999999996
 14 3 54 0 2 3 16 2200 1.8584073464102069 2.686267614364624 59 1 0.91600000000000004 0.79999999999999993
 15 3 251 0.80000000000000004 2 3 16 2400 -3.1415926535897931 1.1433210372924805 59 1 1.077 0.89999999999999991
 16 3 215 0.80000000000000004 1 3 20 2400 -0.14159265358979312 1.0718097686767578 59 1 1.139 0.79999999999999993
 17 3 14 0 1 3 20 2000 2.8584073464102069 1.0298430919647217 59 1 1.1799999999999999 1
 18 3 511 3 1 4 16 2200 -3.1415926535897931 1.0107016563415527 53 0 0.85899999999999999 0.79999999999999993
 19 3 131 0.40000000000000002 1 4 16 2400 -3.1415926535897931 1.0274620056152344 59 1 0.80600000000000005 0.89999999999999991
 20 3 161 0.40000000000000002 2 3 20 2200 0.85840734641020688 1.140042781829834 59 1 1.0469999999999999 0.69999999999999996
 21 3 292 1.2 1 3 16 2000 2.8584073464102069 1.0921444892883301 59 1 0.91900000000000004 0.79999999999999993
 22 3 172 0.40000000000000002 2 4 16 2000 -1.1415926535897931 0.9818565845489502 59 1 0.997 0.79999999999999993
 23 3 458 1.6000000000000001 2 4 16 2000 -1.1415926535897931 0.90462660789489746 59 1 0.90400000000000003 1
 24 3 24 0 1 3 20 2400 2.8584073464102069 2.7157704830169678 59 1 0.96999999999999997 1
 25 3 490 3 1 3 16 2400 -1.1415926535897931 0.97076606750488281 53 0 0.96799999999999997 0.89999999999999991
 26 3 509 3 1 4 16 2200 1.8584073464102069 1.1231918334960938 59 1 1.1919999999999999 1
 27 3 60 0 2 3 16 2400 -1.1415926535897931 1.0520694255828857 59 1 1.121 0.69999999999999996
 28 3 192 0.40000000000000002 2 4 20 2400 0.85840734641020688 1.0442895889282227 59 1 1.181 0.89999999999999991
 29 3 437 1.6000000000000001 2 3 16 2200 -2.1415926535897931 1.1060667037963867 59 1 0.92300000000000004 0.89999999999999991
 30 3 332 1.2 1 4 20 2200 -0.14159265358979312 1.1588857173919678 53 0 0.88500000000000001 0.89999999999999991
 31 3 456 1.6000000000000001 2 3 20 2400 -2.1415926535897931 1.214991569519043 53 0 0.94699999999999995 1
 32 3 370 1.2 2 4 16 2400 0.85840734641020688 1.034928560256958 59 1 0.95899999999999996 1
 33 3 327 1.2 1 4 20 2000 -1.1415926535897931 1.1310253143310547 53 0 0.83799999999999997 0.69999999999999996
 34 3 115 0.40000000000000002 1 3 20 2200 1.8584073464102069 1.0415334701538086 53 0 0.99099999999999999 0.69999999999999996
 35 3 110 0.40000000000000002 1 3 20 2000 -1.1415926535897931 1.353158712387085 53 0 0.92100000000000004 0.89999999999999991
 36 3 493 3 1 3 20 2000 1.8584073464102069 1.0667793750762939 53 0 0.81499999999999995 0.89999999999999991
 37 3 70 0 2 3 20 2400 2.8584073464102069 0.99113678932189941 59 1 0.82899999999999996 0.69999999999999996
 38 3 376 1.2 2 4 20 2000 -3.1415926535897931 0.99196934700012207 59 1 0.81699999999999995 0.79999999999999993
 39 3 403 1.6000000000000001 1 3 20 2200 -0.14159265358979312 1.1420247554779053 53 0 1.0840000000000001 0.69999999999999996
 40 3 90 0 2 4 20 2200 -2.1415926535897931 0.97573089599609375 59 1 0.80500000000000005 1
 41 3 105 0.40000000000000002 1 3 16 2400 -0.14159265358979312 1.1993024349212646 59 1 1.153 1
 42 3 381 1.2 2 4 20 2400 -3.1415926535897931 1.0659499168395996 53 0 0.86399999999999999 0.89999999999999991
 43 3 272 0.80000000000000004 2 4 16 2200 2.8584073464102069 0.9106903076171875 59 1 1.0149999999999999 0.79999999999999993
 44 3 59 0 2 3 16 2400 -3.1415926535897931 2.5274448394775391 59 1 1.145 0.79999999999999993
 45 3 220 0.80000000000000004 1 4 16 2000 -1.1415926535897931 1.4805030822753906 59 1 0.94399999999999995 1
 46 3 252 0.80000000000000004 2 3 16 2400 -3.1415926535897931 1.4033615589141846 59 1 0.89800000000000002 0.89999999999999991
 47 3 301 1.2 1 3 20 2000 -0.14159265358979312 1.230522632598877 53 0 1.1559999999999999 0.69999999999999996
 48 3 323 1.2 1 4 16 2400 -0.14159265358979312 1.2834053039550781 59 1 1.141 0.79999999999999993


# name: resolution
# type: matrix
# rows: 1
# columns: 2
 1366 768


# name: hz
# type: scalar
60


# name: pc
# type: sq_string
# elements: 1
# length: 21
gregor-Latitude-E6320


# name: experiment
# type: sq_string
# elements: 1
# length: 4
RFPb


# name: isOctave
# type: bool
1




