# Created by Octave 5.2.0, Wed Mar 30 12:37:39 2022 CEST <student@gregor-Latitude-E6320>
# name: RFP
# type: scalar struct
# ndims: 2
 1 1
# length: 10
# name: vp
# type: sq_string
# elements: 1
# length: 3
V08


# name: mapping
# type: scalar
2


# name: date
# type: sq_string
# elements: 1
# length: 15
20220330T123600


# name: block
# type: scalar
6


# name: outmat
# type: matrix
# rows: 48
# columns: 14
 1 6 430 1.6000000000000001 1 4 20 2400 0.85840734641020688 2.8093447685241699 53 0 0.88500000000000001 1
 2 6 569 3 2 4 20 2200 -2.1415926535897931 1.1938092708587646 53 0 1.169 0.69999999999999996
 3 6 262 0.80000000000000004 2 3 20 2400 1.8584073464102069 1.0096666812896729 53 0 1.1659999999999999 1
 4 6 68 0 2 3 20 2200 -0.14159265358979312 0.93886542320251465 59 1 0.80800000000000005 1
 5 6 557 3 2 4 16 2200 -2.1415926535897931 0.95166730880737305 53 0 0.90000000000000002 0.69999999999999996
 6 6 413 1.6000000000000001 1 4 16 2200 2.8584073464102069 0.83471965789794922 53 0 0.93000000000000005 0.89999999999999991
 7 6 278 0.80000000000000004 2 4 20 2000 -1.1415926535897931 0.89071798324584961 53 0 0.94199999999999995 0.69999999999999996
 8 6 196 0.80000000000000004 1 3 16 2000 2.8584073464102069 1.0297729969024658 53 0 0.85299999999999998 0.79999999999999993
 9 6 540 3 2 3 16 2400 -1.1415926535897931 1.0290536880493164 53 0 1.105 1
 10 6 382 1.2 2 4 20 2400 0.85840734641020688 1.0683493614196777 59 1 0.80500000000000005 0.89999999999999991
 11 6 247 0.80000000000000004 2 3 16 2200 -0.14159265358979312 1.0577125549316406 53 0 1.155 0.89999999999999991
 12 6 83 0 2 4 16 2400 0.85840734641020688 0.97401070594787598 59 1 0.93799999999999994 1
 13 6 117 0.40000000000000002 1 3 20 2400 -3.1415926535897931 1.0003035068511963 59 1 1.077 1
 14 6 185 0.40000000000000002 2 4 20 2200 1.8584073464102069 0.94008755683898926 59 1 0.84999999999999998 1
 15 6 233 0.80000000000000004 1 4 20 2200 -3.1415926535897931 1.0397999286651611 59 1 1.121 1
 16 6 89 0 2 4 20 2200 -2.1415926535897931 0.96651077270507812 59 1 1.117 1
 17 6 405 1.6000000000000001 1 3 20 2400 0.85840734641020688 0.85654926300048828 53 0 0.91700000000000004 0.89999999999999991
 18 6 38 0 1 4 20 2000 -1.1415926535897931 0.94301533699035645 59 1 0.92900000000000005 0.69999999999999996
 19 6 57 0 2 3 16 2400 -2.1415926535897931 0.83985042572021484 59 1 1.119 0.69999999999999996
 20 6 429 1.6000000000000001 1 4 20 2400 -2.1415926535897931 1.0264747142791748 53 0 1.0700000000000001 1
 21 6 446 1.6000000000000001 2 3 20 2000 2.8584073464102069 1.0299239158630371 53 0 0.90800000000000003 0.69999999999999996
 22 6 176 0.40000000000000002 2 4 16 2200 -1.1415926535897931 0.97025394439697266 59 1 1.038 1
 23 6 380 1.2 2 4 20 2200 -3.1415926535897931 0.8572080135345459 53 0 0.80300000000000005 0.89999999999999991
 24 6 103 0.40000000000000002 1 3 16 2200 -1.1415926535897931 1.0138416290283203 59 1 0.876 0.69999999999999996
 25 6 563 3 2 4 16 2400 1.8584073464102069 1.0571556091308594 53 0 1.0800000000000001 0.89999999999999991
 26 6 180 0.40000000000000002 2 4 16 2400 0.85840734641020688 1.166947603225708 59 1 1.056 0.69999999999999996
 27 6 167 0.40000000000000002 2 3 20 2400 -2.1415926535897931 1.0373024940490723 59 1 1.0269999999999999 1
 28 6 469 1.6000000000000001 2 4 20 2000 -3.1415926535897931 1.0442047119140625 53 0 1.119 0.69999999999999996
 29 6 521 3 1 4 20 2200 -2.1415926535897931 1.0910677909851074 53 0 1.1379999999999999 0.69999999999999996
 30 6 106 0.40000000000000002 1 3 16 2400 -1.1415926535897931 1.0314691066741943 59 1 0.995 0.89999999999999991
 31 6 479 1.6000000000000001 2 4 20 2400 -3.1415926535897931 1.1215887069702148 53 0 1.107 0.79999999999999993
 32 6 207 0.80000000000000004 1 3 20 2000 2.8584073464102069 1.2215366363525391 53 0 0.81899999999999995 0.69999999999999996
 33 6 568 3 2 4 20 2000 2.8584073464102069 1.055384635925293 53 0 0.80300000000000005 0.89999999999999991
 34 6 277 0.80000000000000004 2 4 20 2000 -1.1415926535897931 1.1623220443725586 53 0 1.1830000000000001 0.79999999999999993
 35 6 497 3 1 3 20 2200 0.85840734641020688 1.0264215469360352 53 0 0.82599999999999996 0.89999999999999991
 36 6 160 0.40000000000000002 2 3 20 2000 0.85840734641020688 0.94029402732849121 59 1 1.1279999999999999 0.89999999999999991
 37 6 572 3 2 4 20 2200 -1.1415926535897931 1.0077226161956787 53 0 0.872 1
 38 6 229 0.80000000000000004 1 4 20 2000 2.8584073464102069 1.0084226131439209 59 1 0.90000000000000002 1
 39 6 166 0.40000000000000002 2 3 20 2400 -1.1415926535897931 0.98575162887573242 59 1 0.91900000000000004 0.69999999999999996
 40 6 576 3 2 4 20 2400 2.8584073464102069 0.90976119041442871 53 0 1.157 0.69999999999999996
 41 6 571 3 2 4 20 2200 -3.1415926535897931 1.0271787643432617 53 0 1.1930000000000001 0.89999999999999991
 42 6 308 1.2 1 3 20 2200 0.85840734641020688 0.90502166748046875 53 0 1.0229999999999999 0.69999999999999996
 43 6 536 3 2 3 16 2200 -3.1415926535897931 0.95585775375366211 53 0 1.004 0.79999999999999993
 44 6 121 0.40000000000000002 1 4 16 2000 0.85840734641020688 1.0633766651153564 59 1 0.86399999999999999 0.89999999999999991
 45 6 244 0.80000000000000004 2 3 16 2000 0.85840734641020688 0.98441457748413086 59 1 0.80200000000000005 0.79999999999999993
 46 6 316 1.2 1 4 16 2000 1.8584073464102069 0.89548277854919434 59 1 0.84099999999999997 1
 47 6 282 0.80000000000000004 2 4 20 2200 0.85840734641020688 0.94624233245849609 59 1 1.1919999999999999 0.89999999999999991
 48 6 155 0.40000000000000002 2 3 16 2400 -2.1415926535897931 0.97728371620178223 59 1 0.98899999999999999 0.79999999999999993


# name: resolution
# type: matrix
# rows: 1
# columns: 2
 1366 768


# name: hz
# type: scalar
60


# name: pc
# type: sq_string
# elements: 1
# length: 21
gregor-Latitude-E6320


# name: experiment
# type: sq_string
# elements: 1
# length: 4
RFPb


# name: isOctave
# type: bool
1




