# Created by Octave 5.2.0, Wed Mar 30 12:35:58 2022 CEST <student@gregor-Latitude-E6320>
# name: RFP
# type: scalar struct
# ndims: 2
 1 1
# length: 10
# name: vp
# type: sq_string
# elements: 1
# length: 3
V08


# name: mapping
# type: scalar
2


# name: date
# type: sq_string
# elements: 1
# length: 15
20220330T123415


# name: block
# type: scalar
5


# name: outmat
# type: matrix
# rows: 48
# columns: 14
 1 5 123 0.40000000000000002 1 4 16 2000 -0.14159265358979312 1.6057801246643066 59 1 0.876 1
 2 5 532 3 2 3 16 2000 -3.1415926535897931 1.1033010482788086 53 0 1.1619999999999999 0.79999999999999993
 3 5 542 3 2 3 20 2000 2.8584073464102069 1.0264687538146973 53 0 0.98299999999999998 1
 4 5 164 0.40000000000000002 2 3 20 2200 -3.1415926535897931 0.99984335899353027 53 0 0.81399999999999995 0.89999999999999991
 5 5 86 0 2 4 20 2000 -1.1415926535897931 0.99352836608886719 59 1 0.89600000000000002 0.89999999999999991
 6 5 238 0.80000000000000004 1 4 20 2400 -2.1415926535897931 1.0403285026550293 53 0 1.109 1
 7 5 372 1.2 2 4 16 2400 -2.1415926535897931 1.0132062435150146 59 1 0.88200000000000001 0.79999999999999993
 8 5 246 0.80000000000000004 2 3 16 2200 -0.14159265358979312 0.97083687782287598 59 1 1.044 0.89999999999999991
 9 5 8 0 1 3 16 2200 2.8584073464102069 1.0842695236206055 59 1 1.095 0.79999999999999993
 10 5 400 1.6000000000000001 1 3 20 2000 -1.1415926535897931 1.1408557891845703 53 0 1.0229999999999999 1
 11 5 261 0.80000000000000004 2 3 20 2400 -0.14159265358979312 1.0446856021881104 53 0 1.181 0.79999999999999993
 12 5 478 1.6000000000000001 2 4 20 2400 0.85840734641020688 1.1113317012786865 53 0 1.113 0.89999999999999991
 13 5 288 0.80000000000000004 2 4 20 2400 -3.1415926535897931 1.0185227394104004 59 1 1.1870000000000001 1
 14 5 546 3 2 3 20 2200 1.8584073464102069 1.0122785568237305 53 0 1.0820000000000001 0.89999999999999991
 15 5 436 1.6000000000000001 2 3 16 2000 0.85840734641020688 1.0029520988464355 53 0 1.0820000000000001 0.79999999999999993
 16 5 419 1.6000000000000001 1 4 16 2400 2.8584073464102069 1.0600879192352295 53 0 1.02 0.89999999999999991
 17 5 455 1.6000000000000001 2 3 20 2400 -3.1415926535897931 1.0377929210662842 53 0 0.88900000000000001 0.89999999999999991
 18 5 28 0 1 4 16 2000 -3.1415926535897931 1.0251297950744629 59 1 1.099 1
 19 5 88 0 2 4 20 2000 1.8584073464102069 1.0624625682830811 59 1 1.173 1
 20 5 453 1.6000000000000001 2 3 20 2400 -2.1415926535897931 1.0398149490356445 53 0 1.044 0.79999999999999993
 21 5 186 0.40000000000000002 2 4 20 2200 1.8584073464102069 1.1569766998291016 59 1 0.95799999999999996 1
 22 5 432 1.6000000000000001 1 4 20 2400 -1.1415926535897931 1.1114242076873779 53 0 0.86499999999999999 1
 23 5 448 1.6000000000000001 2 3 20 2000 1.8584073464102069 1.0991921424865723 53 0 1.2 0.79999999999999993
 24 5 82 0 2 4 16 2400 -0.14159265358979312 1.0998647212982178 59 1 0.98999999999999999 1
 25 5 122 0.40000000000000002 1 4 16 2000 1.8584073464102069 1.0777735710144043 53 0 1.099 0.69999999999999996
 26 5 258 0.80000000000000004 2 3 20 2200 -3.1415926535897931 1.0953404903411865 53 0 1.1180000000000001 1
 27 5 114 0.40000000000000002 1 3 20 2200 0.85840734641020688 0.99982833862304688 59 1 0.91700000000000004 1
 28 5 471 1.6000000000000001 2 4 20 2000 -1.1415926535897931 0.99448895454406738 53 0 1.1379999999999999 0.69999999999999996
 29 5 451 1.6000000000000001 2 3 20 2200 2.8584073464102069 1.0921905040740967 53 0 1.1759999999999999 1
 30 5 129 0.40000000000000002 1 4 16 2400 1.8584073464102069 1.0268409252166748 59 1 1.1819999999999999 0.89999999999999991
 31 5 169 0.40000000000000002 2 4 16 2000 -0.14159265358979312 1.0016698837280273 59 1 0.89400000000000002 0.69999999999999996
 32 5 119 0.40000000000000002 1 3 20 2400 2.8584073464102069 0.96351766586303711 59 1 1.0089999999999999 1
 33 5 154 0.40000000000000002 2 3 16 2400 -2.1415926535897931 0.99853062629699707 59 1 1.145 0.79999999999999993
 34 5 328 1.2 1 4 20 2000 -2.1415926535897931 0.98028326034545898 53 0 0.95699999999999996 0.79999999999999993
 35 5 199 0.80000000000000004 1 3 16 2200 1.8584073464102069 0.9588160514831543 59 1 1.1319999999999999 1
 36 5 527 3 1 4 20 2400 0.85840734641020688 0.99047756195068359 53 0 0.95299999999999996 0.79999999999999993
 37 5 10 0 1 3 16 2400 -0.14159265358979312 1.0021395683288574 59 1 1.02 0.79999999999999993
 38 5 412 1.6000000000000001 1 4 16 2000 1.8584073464102069 1.0072212219238281 53 0 1.1759999999999999 0.69999999999999996
 39 5 80 0 2 4 16 2200 1.8584073464102069 0.98544716835021973 59 1 1.1930000000000001 0.79999999999999993
 40 5 26 0 1 4 16 2000 1.8584073464102069 1.0636024475097656 59 1 1.079 0.69999999999999996
 41 5 76 0 2 4 16 2000 -0.14159265358979312 0.94536852836608887 59 1 1.1970000000000001 1
 42 5 21 0 1 3 20 2400 -2.1415926535897931 0.98695063591003418 59 1 1.1910000000000001 0.69999999999999996
 43 5 435 1.6000000000000001 2 3 16 2000 -1.1415926535897931 1.0851168632507324 53 0 1.03 0.79999999999999993
 44 5 171 0.40000000000000002 2 4 16 2000 2.8584073464102069 1.0403201580047607 59 1 1.1919999999999999 0.79999999999999993
 45 5 574 3 2 4 20 2400 2.8584073464102069 0.94894623756408691 53 0 1.1579999999999999 0.69999999999999996
 46 5 273 0.80000000000000004 2 4 16 2400 -0.14159265358979312 0.98408913612365723 59 1 0.85599999999999998 0.69999999999999996
 47 5 142 0.40000000000000002 1 4 20 2400 -1.1415926535897931 1.0029995441436768 59 1 0.83099999999999996 0.79999999999999993
 48 5 201 0.80000000000000004 1 3 16 2400 -2.1415926535897931 0.94210338592529297 53 0 1.1240000000000001 0.69999999999999996


# name: resolution
# type: matrix
# rows: 1
# columns: 2
 1366 768


# name: hz
# type: scalar
60


# name: pc
# type: sq_string
# elements: 1
# length: 21
gregor-Latitude-E6320


# name: experiment
# type: sq_string
# elements: 1
# length: 4
RFPb


# name: isOctave
# type: bool
1




