# Created by Octave 5.2.0, Wed Mar 30 12:46:13 2022 CEST <student@gregor-Latitude-E6320>
# name: RFP
# type: scalar struct
# ndims: 2
 1 1
# length: 10
# name: vp
# type: sq_string
# elements: 1
# length: 3
V08


# name: mapping
# type: scalar
2


# name: date
# type: sq_string
# elements: 1
# length: 15
20220330T124434


# name: block
# type: scalar
11


# name: outmat
# type: matrix
# rows: 48
# columns: 14
 1 11 295 1.2 1 3 16 2200 -2.1415926535897931 0.83885645866394043 59 1 1.071 0.89999999999999991
 2 11 389 1.6000000000000001 1 3 16 2200 -1.1415926535897931 1.1228361129760742 53 0 0.90900000000000003 0.69999999999999996
 3 11 48 0 1 4 20 2400 1.8584073464102069 0.99960756301879883 59 1 1.0389999999999999 0.89999999999999991
 4 11 280 0.80000000000000004 2 4 20 2000 2.8584073464102069 0.89656162261962891 53 0 0.99399999999999999 0.79999999999999993
 5 11 449 1.6000000000000001 2 3 20 2200 2.8584073464102069 1.4181346893310547 53 0 0.86499999999999999 0.69999999999999996
 6 11 361 1.2 2 4 16 2000 -0.14159265358979312 1.0555474758148193 59 1 0.92500000000000004 0.69999999999999996
 7 11 184 0.40000000000000002 2 4 20 2000 -2.1415926535897931 1.0025639533996582 59 1 0.80200000000000005 0.89999999999999991
 8 11 165 0.40000000000000002 2 3 20 2400 1.8584073464102069 1.0825462341308594 59 1 0.85399999999999998 1
 9 11 534 3 2 3 16 2200 -2.1415926535897931 1.0494668483734131 53 0 1.0589999999999999 0.79999999999999993
 10 11 526 3 1 4 20 2400 1.8584073464102069 1.0138273239135742 53 0 0.90900000000000003 0.79999999999999993
 11 11 18 0 1 3 20 2200 -1.1415926535897931 1.0174901485443115 59 1 1.002 1
 12 11 74 0 2 4 16 2000 -0.14159265358979312 0.99165129661560059 59 1 0.86199999999999999 1
 13 11 547 3 2 3 20 2200 -1.1415926535897931 0.96158075332641602 53 0 0.83499999999999996 0.69999999999999996
 14 11 411 1.6000000000000001 1 4 16 2000 -1.1415926535897931 0.99167561531066895 59 1 0.80100000000000005 1
 15 11 538 3 2 3 16 2400 -1.1415926535897931 0.98155975341796875 59 1 0.96399999999999997 0.89999999999999991
 16 11 529 3 2 3 16 2000 1.8584073464102069 0.98225164413452148 53 0 0.878 0.79999999999999993
 17 11 354 1.2 2 3 20 2200 -2.1415926535897931 0.86562728881835938 53 0 0.80400000000000005 0.89999999999999991
 18 11 45 0 1 4 20 2400 -1.1415926535897931 0.91867375373840332 59 1 0.89600000000000002 1
 19 11 558 3 2 4 16 2200 1.8584073464102069 0.99230790138244629 59 1 1.117 1
 20 11 163 0.40000000000000002 2 3 20 2200 -2.1415926535897931 2.6510076522827148 59 1 0.84499999999999997 0.89999999999999991
 21 11 237 0.80000000000000004 1 4 20 2400 1.8584073464102069 1.0032458305358887 53 0 1.077 0.79999999999999993
 22 11 445 1.6000000000000001 2 3 20 2000 -3.1415926535897931 0.98088359832763672 53 0 0.82699999999999996 0.89999999999999991
 23 11 391 1.6000000000000001 1 3 16 2200 -0.14159265358979312 0.98433518409729004 59 1 1.139 0.89999999999999991
 24 11 149 0.40000000000000002 2 3 16 2200 1.8584073464102069 1.0124721527099609 59 1 0.93300000000000005 0.89999999999999991
 25 11 300 1.2 1 3 16 2400 -1.1415926535897931 1.0032145977020264 59 1 1.1100000000000001 0.79999999999999993
 26 11 268 0.80000000000000004 2 4 16 2000 -2.1415926535897931 1.0478849411010742 59 1 1.0029999999999999 0.79999999999999993
 27 11 253 0.80000000000000004 2 3 20 2000 -3.1415926535897931 1.0188019275665283 53 0 0.92600000000000005 0.69999999999999996
 28 11 512 3 1 4 16 2200 1.8584073464102069 1.0493705272674561 53 0 0.83099999999999996 0.69999999999999996
 29 11 342 1.2 2 3 16 2200 2.8584073464102069 0.97628021240234375 59 1 0.89600000000000002 0.79999999999999993
 30 11 431 1.6000000000000001 1 4 20 2400 0.85840734641020688 1.0199649333953857 59 1 1.1779999999999999 1
 31 11 444 1.6000000000000001 2 3 16 2400 -1.1415926535897931 1.0921087265014648 53 0 1.1619999999999999 0.69999999999999996
 32 11 75 0 2 4 16 2000 -3.1415926535897931 0.99403762817382812 59 1 1.1679999999999999 0.69999999999999996
 33 11 496 3 1 3 20 2000 -0.14159265358979312 1.0092334747314453 53 0 1.0489999999999999 0.79999999999999993
 34 11 62 0 2 3 20 2000 -3.1415926535897931 0.94383549690246582 59 1 0.81699999999999995 0.89999999999999991
 35 11 287 0.80000000000000004 2 4 20 2400 0.85840734641020688 0.89730644226074219 53 0 1.1639999999999999 0.89999999999999991
 36 11 37 0 1 4 20 2000 -0.14159265358979312 0.96226048469543457 59 1 1.105 1
 37 11 378 1.2 2 4 20 2200 -1.1415926535897931 0.94696402549743652 53 0 0.82899999999999996 0.79999999999999993
 38 11 462 1.6000000000000001 2 4 16 2200 1.8584073464102069 0.92398500442504883 53 0 0.84099999999999997 0.79999999999999993
 39 11 143 0.40000000000000002 1 4 20 2400 -0.14159265358979312 0.9777989387512207 59 1 0.876 1
 40 11 77 0 2 4 16 2200 -3.1415926535897931 0.91840100288391113 59 1 0.89200000000000002 1
 41 11 350 1.2 2 3 20 2000 -2.1415926535897931 0.87233972549438477 53 0 0.85799999999999998 0.69999999999999996
 42 11 84 0 2 4 16 2400 -1.1415926535897931 0.90942287445068359 59 1 0.86599999999999999 1
 43 11 428 1.6000000000000001 1 4 20 2200 2.8584073464102069 0.92661213874816895 53 0 1.0489999999999999 1
 44 11 25 0 1 4 16 2000 0.85840734641020688 0.83440566062927246 59 1 1.03 0.69999999999999996
 45 11 484 3 1 3 16 2000 -1.1415926535897931 2.8038272857666016 53 0 0.86899999999999999 0.69999999999999996
 46 11 319 1.2 1 4 16 2200 2.8584073464102069 1.0436315536499023 59 1 0.94699999999999995 0.79999999999999993
 47 11 133 0.40000000000000002 1 4 20 2000 1.8584073464102069 1.5463964939117432 53 0 0.97399999999999998 1
 48 11 108 0.40000000000000002 1 3 16 2400 0.85840734641020688 0.95147466659545898 59 1 1.04 0.69999999999999996


# name: resolution
# type: matrix
# rows: 1
# columns: 2
 1366 768


# name: hz
# type: scalar
60


# name: pc
# type: sq_string
# elements: 1
# length: 21
gregor-Latitude-E6320


# name: experiment
# type: sq_string
# elements: 1
# length: 4
RFPb


# name: isOctave
# type: bool
1




