# Created by Octave 5.2.0, Thu Mar 31 11:35:11 2022 CEST <student@gregor-Latitude-E6320>
# name: RFP
# type: scalar struct
# ndims: 2
 1 1
# length: 10
# name: vp
# type: sq_string
# elements: 1
# length: 3
V09


# name: mapping
# type: scalar
2


# name: date
# type: sq_string
# elements: 1
# length: 15
20220331T113325


# name: block
# type: scalar
11


# name: outmat
# type: matrix
# rows: 48
# columns: 14
 1 11 185 0.40000000000000002 2 4 20 2200 -2.1415926535897931 0.98165988922119141 59 1 1.101 0.89999999999999991
 2 11 421 1.6000000000000001 1 4 20 2000 1.8584073464102069 0.97909688949584961 53 0 0.83699999999999997 0.79999999999999993
 3 11 417 1.6000000000000001 1 4 16 2400 -3.1415926535897931 1.0642189979553223 53 0 0.91000000000000003 0.89999999999999991
 4 11 469 1.6000000000000001 2 4 20 2000 1.8584073464102069 1.429649829864502 53 0 1.0569999999999999 0.69999999999999996
 5 11 177 0.40000000000000002 2 4 16 2400 -0.14159265358979312 0.82928323745727539 59 1 0.93000000000000005 0.69999999999999996
 6 11 2 0 1 3 16 2000 2.8584073464102069 1.1033523082733154 59 1 1.107 0.69999999999999996
 7 11 12 0 1 3 16 2400 -1.1415926535897931 0.88828015327453613 59 1 1.1459999999999999 0.79999999999999993
 8 11 227 0.80000000000000004 1 4 16 2400 -2.1415926535897931 0.94560909271240234 59 1 0.81899999999999995 1
 9 11 526 3 1 4 20 2400 2.8584073464102069 1.2594633102416992 53 0 1.0329999999999999 1
 10 11 23 0 1 3 20 2400 -3.1415926535897931 1.1895146369934082 59 1 1.115 0.69999999999999996
 11 11 568 3 2 4 20 2000 -1.1415926535897931 0.93062400817871094 53 0 0.98999999999999999 0.89999999999999991
 12 11 172 0.40000000000000002 2 4 16 2000 0.85840734641020688 1.4122068881988525 59 1 1.0489999999999999 1
 13 11 275 0.80000000000000004 2 4 16 2400 -0.14159265358979312 0.87793159484863281 59 1 0.996 0.89999999999999991
 14 11 100 0.40000000000000002 1 3 16 2000 -0.14159265358979312 0.98248696327209473 59 1 1.163 0.89999999999999991
 15 11 122 0.40000000000000002 1 4 16 2000 -2.1415926535897931 0.82400393486022949 59 1 1.0249999999999999 0.79999999999999993
 16 11 83 0 2 4 16 2400 1.8584073464102069 0.8559873104095459 59 1 1.1930000000000001 1
 17 11 270 0.80000000000000004 2 4 16 2200 0.85840734641020688 0.87675976753234863 59 1 1.1160000000000001 0.89999999999999991
 18 11 556 3 2 4 16 2000 -1.1415926535897931 0.95737743377685547 53 0 0.95299999999999996 0.89999999999999991
 19 11 151 0.40000000000000002 2 3 16 2200 -0.14159265358979312 1.0914318561553955 59 1 0.81999999999999995 1
 20 11 166 0.40000000000000002 2 3 20 2400 -3.1415926535897931 1.1063718795776367 59 1 0.92200000000000004 1
 21 11 518 3 1 4 20 2000 -3.1415926535897931 1.4813098907470703 53 0 0.86599999999999999 0.79999999999999993
 22 11 312 1.2 1 3 20 2400 -1.1415926535897931 0.96419239044189453 53 0 0.90900000000000003 0.79999999999999993
 23 11 321 1.2 1 4 16 2400 1.8584073464102069 0.97924089431762695 53 0 0.83299999999999996 0.79999999999999993
 24 11 247 0.80000000000000004 2 3 16 2200 -3.1415926535897931 1.312368631362915 53 0 1.1659999999999999 0.79999999999999993
 25 11 468 1.6000000000000001 2 4 16 2400 1.8584073464102069 0.86061334609985352 53 0 1.123 0.79999999999999993
 26 11 305 1.2 1 3 20 2200 2.8584073464102069 0.86831879615783691 53 0 0.996 1
 27 11 440 1.6000000000000001 2 3 16 2200 -1.1415926535897931 1.0422532558441162 53 0 0.85299999999999998 0.89999999999999991
 28 11 301 1.2 1 3 20 2000 -3.1415926535897931 0.90486001968383789 53 0 1.014 0.89999999999999991
 29 11 347 1.2 2 3 16 2400 -0.14159265358979312 0.84042525291442871 53 0 0.88200000000000001 0.69999999999999996
 30 11 529 3 2 3 16 2000 0.85840734641020688 1.0649313926696777 53 0 0.88500000000000001 0.89999999999999991
 31 11 131 0.40000000000000002 1 4 16 2400 -1.1415926535897931 2.4169840812683105 59 1 1.099 0.79999999999999993
 32 11 235 0.80000000000000004 1 4 20 2200 2.8584073464102069 0.98302888870239258 53 0 1.0920000000000001 0.89999999999999991
 33 11 206 0.80000000000000004 1 3 20 2000 -3.1415926535897931 1.2290802001953125 53 0 0.92000000000000004 0.69999999999999996
 34 11 370 1.2 2 4 16 2400 -1.1415926535897931 1.10050368309021 53 0 0.95399999999999996 0.89999999999999991
 35 11 136 0.40000000000000002 1 4 20 2000 2.8584073464102069 2.1536269187927246 53 0 1.0369999999999999 0.89999999999999991
 36 11 125 0.40000000000000002 1 4 16 2200 -3.1415926535897931 1.8296234607696533 53 0 0.80900000000000005 0.69999999999999996
 37 11 365 1.2 2 4 16 2200 -2.1415926535897931 1.0591244697570801 53 0 1.0580000000000001 0.79999999999999993
 38 11 173 0.40000000000000002 2 4 16 2200 -1.1415926535897931 1.3209753036499023 59 1 0.94799999999999995 0.89999999999999991
 39 11 32 0 1 4 16 2200 0.85840734641020688 1.2741661071777344 59 1 1.1990000000000001 0.79999999999999993
 40 11 546 3 2 3 20 2200 -3.1415926535897931 1.3752677440643311 53 0 1.0620000000000001 0.79999999999999993
 41 11 71 0 2 3 20 2400 -0.14159265358979312 0.99338412284851074 59 1 0.82199999999999995 0.79999999999999993
 42 11 205 0.80000000000000004 1 3 20 2000 2.8584073464102069 1.7140722274780273 53 0 1.1799999999999999 0.89999999999999991
 43 11 232 0.80000000000000004 1 4 20 2000 0.85840734641020688 1.6904699802398682 53 0 1.179 1
 44 11 248 0.80000000000000004 2 3 16 2200 -3.1415926535897931 2.2064831256866455 53 0 0.91400000000000003 1
 45 11 358 1.2 2 3 20 2400 1.8584073464102069 1.4204380512237549 53 0 0.94899999999999995 1
 46 11 493 3 1 3 20 2000 1.8584073464102069 0.86720705032348633 53 0 0.871 0.69999999999999996
 47 11 17 0 1 3 20 2200 -3.1415926535897931 1.154921293258667 59 1 0.89600000000000002 0.69999999999999996
 48 11 217 0.80000000000000004 1 4 16 2000 0.85840734641020688 1.2753746509552002 53 0 1.0349999999999999 0.79999999999999993


# name: resolution
# type: matrix
# rows: 1
# columns: 2
 1366 768


# name: hz
# type: scalar
60


# name: pc
# type: sq_string
# elements: 1
# length: 21
gregor-Latitude-E6320


# name: experiment
# type: sq_string
# elements: 1
# length: 4
RFPb


# name: isOctave
# type: bool
1




