# Created by Octave 5.2.0, Thu Mar 31 11:37:00 2022 CEST <student@gregor-Latitude-E6320>
# name: RFP
# type: scalar struct
# ndims: 2
 1 1
# length: 10
# name: vp
# type: sq_string
# elements: 1
# length: 3
V09


# name: mapping
# type: scalar
2


# name: date
# type: sq_string
# elements: 1
# length: 15
20220331T113512


# name: block
# type: scalar
12


# name: outmat
# type: matrix
# rows: 48
# columns: 14
 1 12 463 1.6000000000000001 2 4 16 2200 0.85840734641020688 1.3416304588317871 53 0 1.0740000000000001 1
 2 12 388 1.6000000000000001 1 3 16 2000 2.8584073464102069 1.0064918994903564 53 0 0.98699999999999999 0.79999999999999993
 3 12 523 3 1 4 20 2200 1.8584073464102069 0.9486391544342041 53 0 1.141 0.69999999999999996
 4 12 485 3 1 3 16 2200 0.85840734641020688 0.90689229965209961 53 0 1.161 0.89999999999999991
 5 12 505 3 1 4 16 2000 0.85840734641020688 0.83182883262634277 53 0 0.81299999999999994 0.89999999999999991
 6 12 406 1.6000000000000001 1 3 20 2400 2.8584073464102069 0.96438717842102051 53 0 0.89500000000000002 0.69999999999999996
 7 12 128 0.40000000000000002 1 4 16 2200 1.8584073464102069 0.96001076698303223 59 1 1.095 0.79999999999999993
 8 12 200 0.80000000000000004 1 3 16 2200 0.85840734641020688 1.2095966339111328 53 0 0.80800000000000005 0.69999999999999996
 9 12 127 0.40000000000000002 1 4 16 2200 -2.1415926535897931 2.1677610874176025 53 0 0.83799999999999997 1
 10 12 483 3 1 3 16 2000 1.8584073464102069 1.1308712959289551 53 0 0.94999999999999996 0.79999999999999993
 11 12 360 1.2 2 3 20 2400 -1.1415926535897931 2.2310714721679688 53 0 0.83399999999999996 0.69999999999999996
 12 12 400 1.6000000000000001 1 3 20 2000 -0.14159265358979312 1.0184385776519775 53 0 1.006 0.79999999999999993
 13 12 284 0.80000000000000004 2 4 20 2200 1.8584073464102069 0.8578031063079834 53 0 1.0569999999999999 0.89999999999999991
 14 12 522 3 1 4 20 2200 -3.1415926535897931 1.0322723388671875 53 0 0.92000000000000004 0.89999999999999991
 15 12 70 0 2 3 20 2400 0.85840734641020688 0.94478225708007812 59 1 0.88700000000000001 0.69999999999999996
 16 12 254 0.80000000000000004 2 3 20 2000 0.85840734641020688 0.99376392364501953 53 0 0.997 0.69999999999999996
 17 12 572 3 2 4 20 2200 0.85840734641020688 1.1937766075134277 53 0 0.82399999999999995 1
 18 12 479 1.6000000000000001 2 4 20 2400 1.8584073464102069 1.0893521308898926 53 0 0.90300000000000002 0.89999999999999991
 19 12 120 0.40000000000000002 1 3 20 2400 -3.1415926535897931 1.2598812580108643 59 1 1.0349999999999999 0.79999999999999993
 20 12 425 1.6000000000000001 1 4 20 2200 2.8584073464102069 0.93204140663146973 53 0 1.1279999999999999 0.79999999999999993
 21 12 473 1.6000000000000001 2 4 20 2200 0.85840734641020688 1.0756919384002686 53 0 0.80100000000000005 1
 22 12 37 0 1 4 20 2000 -3.1415926535897931 1.0348937511444092 59 1 1.177 1
 23 12 86 0 2 4 20 2000 1.8584073464102069 1.1183969974517822 59 1 1.099 0.89999999999999991
 24 12 129 0.40000000000000002 1 4 16 2400 -1.1415926535897931 0.98312687873840332 59 1 1.016 1
 25 12 302 1.2 1 3 20 2000 -2.1415926535897931 0.8260953426361084 59 1 1.179 0.69999999999999996
 26 12 38 0 1 4 20 2000 1.8584073464102069 2.1687960624694824 59 1 0.872 0.89999999999999991
 27 12 570 3 2 4 20 2200 -1.1415926535897931 1.087099552154541 59 1 0.96999999999999997 0.79999999999999993
 28 12 45 0 1 4 20 2400 -0.14159265358979312 1.9271962642669678 59 1 0.94799999999999995 0.89999999999999991
 29 12 204 0.80000000000000004 1 3 16 2400 1.8584073464102069 0.93734359741210938 59 1 1.1100000000000001 0.69999999999999996
 30 12 134 0.40000000000000002 1 4 20 2000 1.8584073464102069 1.0479345321655273 59 1 1.1240000000000001 0.79999999999999993
 31 12 34 0 1 4 16 2400 -1.1415926535897931 0.9329075813293457 59 1 1.026 0.79999999999999993
 32 12 553 3 2 4 16 2000 -0.14159265358979312 1.0571084022521973 59 1 0.88700000000000001 1
 33 12 344 1.2 2 3 16 2200 -2.1415926535897931 1.2775065898895264 59 1 1.1870000000000001 1
 34 12 427 1.6000000000000001 1 4 20 2200 1.8584073464102069 0.94219326972961426 53 0 0.88700000000000001 0.69999999999999996
 35 12 567 3 2 4 20 2000 0.85840734641020688 1.1105787754058838 53 0 1.1799999999999999 1
 36 12 490 3 1 3 16 2400 -1.1415926535897931 0.99823856353759766 53 0 0.878 0.89999999999999991
 37 12 540 3 2 3 16 2400 0.85840734641020688 1.3055870532989502 53 0 1.026 0.89999999999999991
 38 12 378 1.2 2 4 20 2200 0.85840734641020688 1.451277494430542 59 1 0.92300000000000004 0.69999999999999996
 39 12 307 1.2 1 3 20 2200 0.85840734641020688 2.3316667079925537 53 0 0.96299999999999997 0.79999999999999993
 40 12 85 0 2 4 20 2000 1.8584073464102069 1.1741542816162109 59 1 0.86399999999999999 0.69999999999999996
 41 12 111 0.40000000000000002 1 3 20 2000 -3.1415926535897931 0.84472346305847168 59 1 1.014 0.89999999999999991
 42 12 341 1.2 2 3 16 2200 -3.1415926535897931 2.5291130542755127 59 1 1.0449999999999999 0.89999999999999991
 43 12 137 0.40000000000000002 1 4 20 2200 0.85840734641020688 1.0488736629486084 59 1 0.874 1
 44 12 441 1.6000000000000001 2 3 16 2400 1.8584073464102069 0.90573525428771973 53 0 1.1879999999999999 0.69999999999999996
 45 12 413 1.6000000000000001 1 4 16 2200 -0.14159265358979312 0.92702221870422363 53 0 1.167 0.89999999999999991
 46 12 22 0 1 3 20 2400 2.8584073464102069 2.3984682559967041 59 1 0.93400000000000005 0.69999999999999996
 47 12 551 3 2 3 20 2400 0.85840734641020688 1.0044822692871094 53 0 0.93999999999999995 0.89999999999999991
 48 12 282 0.80000000000000004 2 4 20 2200 -2.1415926535897931 1.0614030361175537 53 0 1.1830000000000001 0.79999999999999993


# name: resolution
# type: matrix
# rows: 1
# columns: 2
 1366 768


# name: hz
# type: scalar
60


# name: pc
# type: sq_string
# elements: 1
# length: 21
gregor-Latitude-E6320


# name: experiment
# type: sq_string
# elements: 1
# length: 4
RFPb


# name: isOctave
# type: bool
1




