# Created by Octave 5.2.0, Thu Mar 31 11:24:41 2022 CEST <student@gregor-Latitude-E6320>
# name: RFP
# type: scalar struct
# ndims: 2
 1 1
# length: 10
# name: vp
# type: sq_string
# elements: 1
# length: 3
V09


# name: mapping
# type: scalar
2


# name: date
# type: sq_string
# elements: 1
# length: 15
20220331T112251


# name: block
# type: scalar
5


# name: outmat
# type: matrix
# rows: 48
# columns: 14
 1 5 6 0 1 3 16 2200 2.8584073464102069 0.85535478591918945 59 1 1.018 1
 2 5 218 0.80000000000000004 1 4 16 2000 2.8584073464102069 0.86834597587585449 59 1 1.139 0.89999999999999991
 3 5 376 1.2 2 4 20 2000 -1.1415926535897931 0.94186305999755859 53 0 1.0569999999999999 1
 4 5 213 0.80000000000000004 1 3 20 2400 -0.14159265358979312 3.2771446704864502 53 0 0.89300000000000002 1
 5 5 113 0.40000000000000002 1 3 20 2200 -2.1415926535897931 0.99302220344543457 53 0 0.82799999999999996 0.69999999999999996
 6 5 476 1.6000000000000001 2 4 20 2200 0.85840734641020688 1.0262010097503662 53 0 1.165 0.69999999999999996
 7 5 194 0.80000000000000004 1 3 16 2000 -3.1415926535897931 2.0999293327331543 53 0 0.83499999999999996 1
 8 5 63 0 2 3 20 2000 0.85840734641020688 1.2284553050994873 53 0 1.0629999999999999 0.69999999999999996
 9 5 99 0.40000000000000002 1 3 16 2000 -2.1415926535897931 1.2901148796081543 59 1 0.92200000000000004 0.69999999999999996
 10 5 277 0.80000000000000004 2 4 20 2000 -2.1415926535897931 1.364748477935791 53 0 1.131 0.89999999999999991
 11 5 28 0 1 4 16 2000 0.85840734641020688 0.92600250244140625 59 1 1.135 0.69999999999999996
 12 5 243 0.80000000000000004 2 3 16 2000 -1.1415926535897931 1.6518833637237549 53 0 0.96299999999999997 0.69999999999999996
 13 5 504 3 1 3 20 2400 2.8584073464102069 1.0066580772399902 53 0 1.103 0.69999999999999996
 14 5 154 0.40000000000000002 2 3 16 2400 -3.1415926535897931 1.1915969848632812 59 1 1.093 1
 15 5 373 1.2 2 4 20 2000 -1.1415926535897931 1.0697212219238281 53 0 0.90000000000000002 0.79999999999999993
 16 5 291 1.2 1 3 16 2000 1.8584073464102069 2.8379452228546143 53 0 0.875 0.79999999999999993
 17 5 263 0.80000000000000004 2 3 20 2400 -0.14159265358979312 1.0338644981384277 53 0 1.0309999999999999 1
 18 5 190 0.40000000000000002 2 4 20 2400 -0.14159265358979312 0.96820497512817383 53 0 0.91200000000000003 1
 19 5 224 0.80000000000000004 1 4 16 2200 -3.1415926535897931 0.96534180641174316 53 0 1.0860000000000001 1
 20 5 182 0.40000000000000002 2 4 20 2000 -2.1415926535897931 1.016587495803833 59 1 0.95399999999999996 0.79999999999999993
 21 5 135 0.40000000000000002 1 4 20 2000 -2.1415926535897931 0.88022828102111816 59 1 1.145 1
 22 5 422 1.6000000000000001 1 4 20 2000 -0.14159265358979312 0.94790029525756836 53 0 0.83599999999999997 0.69999999999999996
 23 5 115 0.40000000000000002 1 3 20 2200 -0.14159265358979312 0.99510431289672852 53 0 1.038 0.69999999999999996
 24 5 559 3 2 4 16 2200 -2.1415926535897931 0.85272526741027832 53 0 0.95099999999999996 0.89999999999999991
 25 5 541 3 2 3 20 2000 -1.1415926535897931 0.93308329582214355 53 0 0.98999999999999999 1
 26 5 59 0 2 3 16 2400 1.8584073464102069 0.88708949089050293 59 1 0.94599999999999995 1
 27 5 464 1.6000000000000001 2 4 16 2200 -2.1415926535897931 0.88400602340698242 53 0 1.006 0.69999999999999996
 28 5 214 0.80000000000000004 1 3 20 2400 -3.1415926535897931 0.96134400367736816 53 0 1.198 0.69999999999999996
 29 5 93 0 2 4 20 2400 -2.1415926535897931 0.94640302658081055 59 1 0.81799999999999995 1
 30 5 153 0.40000000000000002 2 3 16 2400 -2.1415926535897931 2.3635678291320801 59 1 1.109 0.79999999999999993
 31 5 35 0 1 4 16 2400 -1.1415926535897931 0.98991823196411133 59 1 1.1180000000000001 0.79999999999999993
 32 5 539 3 2 3 16 2400 1.8584073464102069 0.8242638111114502 53 0 1.1899999999999999 0.69999999999999996
 33 5 520 3 1 4 20 2000 -2.1415926535897931 0.82890534400939941 53 0 0.96499999999999997 1
 34 5 457 1.6000000000000001 2 4 16 2000 -0.14159265358979312 0.97958779335021973 53 0 1.0109999999999999 0.79999999999999993
 35 5 564 3 2 4 16 2400 -2.1415926535897931 2.2544102668762207 53 0 1.012 0.79999999999999993
 36 5 108 0.40000000000000002 1 3 16 2400 -1.1415926535897931 0.87029457092285156 59 1 0.89800000000000002 1
 37 5 300 1.2 1 3 16 2400 -3.1415926535897931 0.94432973861694336 53 0 0.88900000000000001 0.69999999999999996
 38 5 484 3 1 3 16 2000 1.8584073464102069 0.88156747817993164 53 0 0.998 0.69999999999999996
 39 5 269 0.80000000000000004 2 4 16 2200 0.85840734641020688 2.2128579616546631 53 0 1.1739999999999999 0.79999999999999993
 40 5 62 0 2 3 20 2000 1.8584073464102069 2.6675229072570801 59 1 1.151 0.89999999999999991
 41 5 563 3 2 4 16 2400 0.85840734641020688 0.95471477508544922 53 0 0.80300000000000005 0.89999999999999991
 42 5 183 0.40000000000000002 2 4 20 2000 0.85840734641020688 1.1390047073364258 53 0 1 0.89999999999999991
 43 5 569 3 2 4 20 2200 -1.1415926535897931 0.92691469192504883 53 0 0.93200000000000005 1
 44 5 377 1.2 2 4 20 2200 1.8584073464102069 0.83106708526611328 53 0 0.94399999999999995 0.89999999999999991
 45 5 110 0.40000000000000002 1 3 20 2000 -1.1415926535897931 0.84839844703674316 59 1 0.98599999999999999 1
 46 5 123 0.40000000000000002 1 4 16 2000 -3.1415926535897931 0.90608453750610352 59 1 0.878 0.89999999999999991
 47 5 265 0.80000000000000004 2 4 16 2000 1.8584073464102069 0.83317661285400391 53 0 1.0009999999999999 0.79999999999999993
 48 5 68 0 2 3 20 2200 0.85840734641020688 2.4655673503875732 59 1 0.97599999999999998 1


# name: resolution
# type: matrix
# rows: 1
# columns: 2
 1366 768


# name: hz
# type: scalar
60


# name: pc
# type: sq_string
# elements: 1
# length: 21
gregor-Latitude-E6320


# name: experiment
# type: sq_string
# elements: 1
# length: 4
RFPb


# name: isOctave
# type: bool
1




