# Created by Octave 5.2.0, Thu Mar 31 11:19:15 2022 CEST <student@gregor-Latitude-E6320>
# name: RFP
# type: scalar struct
# ndims: 2
 1 1
# length: 10
# name: vp
# type: sq_string
# elements: 1
# length: 3
V09


# name: mapping
# type: scalar
2


# name: date
# type: sq_string
# elements: 1
# length: 15
20220331T111724


# name: block
# type: scalar
2


# name: outmat
# type: matrix
# rows: 48
# columns: 14
 1 2 359 1.2 2 3 20 2400 -2.1415926535897931 0.9609980583190918 53 0 1.117 0.69999999999999996
 2 2 234 0.80000000000000004 1 4 20 2200 -1.1415926535897931 1.0658316612243652 59 1 0.88100000000000001 1
 3 2 554 3 2 4 16 2000 1.8584073464102069 1.1646935939788818 59 1 1.012 0.79999999999999993
 4 2 257 0.80000000000000004 2 3 20 2200 -3.1415926535897931 0.86135435104370117 53 0 1.0209999999999999 1
 5 2 346 1.2 2 3 16 2400 2.8584073464102069 0.91737723350524902 53 0 1.0920000000000001 0.79999999999999993
 6 2 10 0 1 3 16 2400 -0.14159265358979312 1.0594513416290283 53 0 1.1910000000000001 0.89999999999999991
 7 2 69 0 2 3 20 2400 -2.1415926535897931 0.99828958511352539 53 0 1.163 0.69999999999999996
 8 2 220 0.80000000000000004 1 4 16 2000 -0.14159265358979312 4.0506372451782227 59 1 1.1779999999999999 1
 9 2 342 1.2 2 3 16 2200 -0.14159265358979312 0.97029399871826172 53 0 0.97999999999999998 0.79999999999999993
 10 2 345 1.2 2 3 16 2400 1.8584073464102069 0.92017960548400879 53 0 1.1819999999999999 0.89999999999999991
 11 2 75 0 2 4 16 2000 -2.1415926535897931 0.93972063064575195 59 1 1.1519999999999999 0.79999999999999993
 12 2 50 0 2 3 16 2000 -3.1415926535897931 0.82965397834777832 53 0 1.1950000000000001 0.79999999999999993
 13 2 285 0.80000000000000004 2 4 20 2400 0.85840734641020688 0.84598755836486816 59 1 0.90400000000000003 1
 14 2 538 3 2 3 16 2400 2.8584073464102069 0.88619327545166016 53 0 0.997 1
 15 2 384 1.2 2 4 20 2400 0.85840734641020688 0.90280008316040039 59 1 1.0940000000000001 0.69999999999999996
 16 2 482 3 1 3 16 2000 0.85840734641020688 0.95287942886352539 53 0 1.0369999999999999 0.69999999999999996
 17 2 405 1.6000000000000001 1 3 20 2400 2.8584073464102069 3.9320743083953857 53 0 1.1259999999999999 0.89999999999999991
 18 2 266 0.80000000000000004 2 4 16 2000 2.8584073464102069 0.89979720115661621 59 1 1.1379999999999999 0.69999999999999996
 19 2 339 1.2 2 3 16 2000 -0.14159265358979312 0.83706259727478027 53 0 1.165 1
 20 2 436 1.6000000000000001 2 3 16 2000 -2.1415926535897931 0.99721789360046387 53 0 1.0329999999999999 0.69999999999999996
 21 2 353 1.2 2 3 20 2200 2.8584073464102069 0.96469902992248535 53 0 0.89700000000000002 0.69999999999999996
 22 2 354 1.2 2 3 20 2200 2.8584073464102069 0.84956836700439453 53 0 1.04 0.89999999999999991
 23 2 480 1.6000000000000001 2 4 20 2400 2.8584073464102069 0.91716217994689941 53 0 0.94099999999999995 0.89999999999999991
 24 2 133 0.40000000000000002 1 4 20 2000 2.8584073464102069 0.88174796104431152 59 1 1.1419999999999999 0.69999999999999996
 25 2 535 3 2 3 16 2200 2.8584073464102069 1.0290980339050293 53 0 0.85899999999999999 1
 26 2 409 1.6000000000000001 1 4 16 2000 -0.14159265358979312 0.96729946136474609 59 1 0.94599999999999995 0.89999999999999991
 27 2 87 0 2 4 20 2000 2.8584073464102069 0.97203540802001953 59 1 0.873 1
 28 2 158 0.40000000000000002 2 3 20 2000 -1.1415926535897931 0.98339962959289551 53 0 1.0760000000000001 1
 29 2 44 0 1 4 20 2200 2.8584073464102069 2.7638900279998779 59 1 0.93999999999999995 0.79999999999999993
 30 2 145 0.40000000000000002 2 3 16 2000 -3.1415926535897931 0.91772890090942383 53 0 1.042 0.69999999999999996
 31 2 297 1.2 1 3 16 2400 0.85840734641020688 1.1021299362182617 53 0 1.1040000000000001 0.79999999999999993
 32 2 150 0.40000000000000002 2 3 16 2200 1.8584073464102069 0.89407873153686523 53 0 0.93600000000000005 0.89999999999999991
 33 2 126 0.40000000000000002 1 4 16 2200 1.8584073464102069 0.84287118911743164 59 1 0.94999999999999996 0.89999999999999991
 34 2 48 0 1 4 20 2400 -1.1415926535897931 0.84485721588134766 59 1 0.96799999999999997 1
 35 2 94 0 2 4 20 2400 -2.1415926535897931 0.88029837608337402 59 1 1.0620000000000001 0.89999999999999991
 36 2 229 0.80000000000000004 1 4 20 2000 1.8584073464102069 1.4312632083892822 59 1 1.006 0.69999999999999996
 37 2 250 0.80000000000000004 2 3 16 2400 -0.14159265358979312 1.2900240421295166 53 0 0.89100000000000001 0.69999999999999996
 38 2 43 0 1 4 20 2200 -3.1415926535897931 1.1790390014648438 59 1 0.89000000000000001 1
 39 2 491 3 1 3 16 2400 -1.1415926535897931 2.6022670269012451 53 0 0.92800000000000005 0.69999999999999996
 40 2 383 1.2 2 4 20 2400 -2.1415926535897931 1.8815155029296875 53 0 1.0660000000000001 0.89999999999999991
 41 2 260 0.80000000000000004 2 3 20 2200 -0.14159265358979312 1.2944161891937256 53 0 1.137 1
 42 2 293 1.2 1 3 16 2200 2.8584073464102069 1.3732032775878906 59 1 1.0169999999999999 1
 43 2 488 3 1 3 16 2200 -0.14159265358979312 1.4619989395141602 53 0 1.1499999999999999 1
 44 2 31 0 1 4 16 2200 0.85840734641020688 1.537729024887085 59 1 0.96899999999999997 0.79999999999999993
 45 2 54 0 2 3 16 2200 -2.1415926535897931 1.3438403606414795 59 1 1.159 1
 46 2 524 3 1 4 20 2200 0.85840734641020688 1.1767752170562744 53 0 1.0629999999999999 1
 47 2 471 1.6000000000000001 2 4 20 2000 2.8584073464102069 1.3861618041992188 53 0 0.92700000000000005 0.79999999999999993
 48 2 96 0 2 4 20 2400 2.8584073464102069 1.3724186420440674 59 1 0.91700000000000004 0.79999999999999993


# name: resolution
# type: matrix
# rows: 1
# columns: 2
 1366 768


# name: hz
# type: scalar
60


# name: pc
# type: sq_string
# elements: 1
# length: 21
gregor-Latitude-E6320


# name: experiment
# type: sq_string
# elements: 1
# length: 4
RFPb


# name: isOctave
# type: bool
1




