# Created by Octave 5.2.0, Thu Mar 31 11:16:48 2022 CEST <student@gregor-Latitude-E6320>
# name: RFP
# type: scalar struct
# ndims: 2
 1 1
# length: 10
# name: vp
# type: sq_string
# elements: 1
# length: 3
V09


# name: mapping
# type: scalar
2


# name: date
# type: sq_string
# elements: 1
# length: 15
20220331T111446


# name: block
# type: scalar
1


# name: outmat
# type: matrix
# rows: 48
# columns: 14
 1 1 103 0.40000000000000002 1 3 16 2200 -3.1415926535897931 2.1769373416900635 53 0 0.83199999999999996 1
 2 1 452 1.6000000000000001 2 3 20 2200 2.8584073464102069 1.4189093112945557 53 0 1.131 0.89999999999999991
 3 1 138 0.40000000000000002 1 4 20 2200 -2.1415926535897931 1.4881668090820312 59 1 1.169 1
 4 1 109 0.40000000000000002 1 3 20 2000 -1.1415926535897931 1.4409604072570801 53 0 0.83199999999999996 0.89999999999999991
 5 1 242 0.80000000000000004 2 3 16 2000 1.8584073464102069 1.5353009700775146 53 0 0.96399999999999997 0.89999999999999991
 6 1 343 1.2 2 3 16 2200 -1.1415926535897931 0.93955016136169434 53 0 0.85099999999999998 0.69999999999999996
 7 1 186 0.40000000000000002 2 4 20 2200 1.8584073464102069 3.6335256099700928 59 1 0.91100000000000003 0.89999999999999991
 8 1 264 0.80000000000000004 2 3 20 2400 -3.1415926535897931 1.2291405200958252 53 0 1.171 0.89999999999999991
 9 1 470 1.6000000000000001 2 4 20 2000 2.8584073464102069 9.689814567565918 59 1 1.1559999999999999 0.79999999999999993
 10 1 430 1.6000000000000001 1 4 20 2400 1.8584073464102069 2.3855381011962891 53 0 0.92300000000000004 0.89999999999999991
 11 1 382 1.2 2 4 20 2400 -0.14159265358979312 1.0946512222290039 59 1 0.88300000000000001 0.69999999999999996
 12 1 273 0.80000000000000004 2 4 16 2400 0.85840734641020688 0.98628425598144531 59 1 0.876 0.79999999999999993
 13 1 402 1.6000000000000001 1 3 20 2200 1.8584073464102069 1.2826437950134277 53 0 0.88300000000000001 0.89999999999999991
 14 1 42 0 1 4 20 2200 -1.1415926535897931 1.0111842155456543 59 1 0.876 0.69999999999999996
 15 1 394 1.6000000000000001 1 3 16 2400 0.85840734641020688 0.99306321144104004 53 0 1.046 0.89999999999999991
 16 1 261 0.80000000000000004 2 3 20 2400 -1.1415926535897931 6.2551059722900391 53 0 1.117 0.69999999999999996
 17 1 340 1.2 2 3 16 2000 0.85840734641020688 1.5993249416351318 53 0 1.181 0.79999999999999993
 18 1 547 3 2 3 20 2200 -3.1415926535897931 1.1503052711486816 53 0 1.0469999999999999 0.69999999999999996
 19 1 147 0.40000000000000002 2 3 16 2000 1.8584073464102069 1.0948801040649414 53 0 1.198 0.69999999999999996
 20 1 313 1.2 1 4 16 2000 1.8584073464102069 0.9892427921295166 59 1 1.0549999999999999 0.89999999999999991
 21 1 74 0 2 4 16 2000 -0.14159265358979312 1.1635642051696777 59 1 0.84499999999999997 0.69999999999999996
 22 1 328 1.2 1 4 20 2000 2.8584073464102069 0.99372386932373047 59 1 0.88200000000000001 1
 23 1 230 0.80000000000000004 1 4 20 2000 -0.14159265358979312 0.91711926460266113 59 1 0.94499999999999995 0.69999999999999996
 24 1 91 0 2 4 20 2200 -2.1415926535897931 0.82736325263977051 59 1 1.0840000000000001 0.79999999999999993
 25 1 237 0.80000000000000004 1 4 20 2400 1.8584073464102069 1.0855600833892822 59 1 1.1879999999999999 0.89999999999999991
 26 1 415 1.6000000000000001 1 4 16 2200 -0.14159265358979312 0.98418807983398438 59 1 1.0509999999999999 1
 27 1 67 0 2 3 20 2200 -0.14159265358979312 1.0162343978881836 53 0 0.95999999999999996 1
 28 1 486 3 1 3 16 2200 0.85840734641020688 0.81990694999694824 53 0 0.89900000000000002 0.79999999999999993
 29 1 316 1.2 1 4 16 2000 -2.1415926535897931 1.0592679977416992 59 1 0.99399999999999999 0.69999999999999996
 30 1 52 0 2 3 16 2000 2.8584073464102069 0.90592384338378906 53 0 0.85499999999999998 0.69999999999999996
 31 1 534 3 2 3 16 2200 -0.14159265358979312 4.5288372039794922 53 0 0.93400000000000005 0.69999999999999996
 32 1 571 3 2 4 20 2200 -0.14159265358979312 1.0426559448242188 59 1 1.1160000000000001 1
 33 1 268 0.80000000000000004 2 4 16 2000 -1.1415926535897931 1.0220401287078857 59 1 1.046 0.69999999999999996
 34 1 219 0.80000000000000004 1 4 16 2000 -0.14159265358979312 0.82248020172119141 59 1 1.004 0.89999999999999991
 35 1 399 1.6000000000000001 1 3 20 2000 -2.1415926535897931 0.93570709228515625 53 0 1.0740000000000001 0.69999999999999996
 36 1 506 3 1 4 16 2000 -3.1415926535897931 0.86611223220825195 59 1 0.95199999999999996 1
 37 1 498 3 1 3 20 2200 2.8584073464102069 0.92655253410339355 53 0 1.147 0.79999999999999993
 38 1 431 1.6000000000000001 1 4 20 2400 -0.14159265358979312 0.87654519081115723 59 1 0.88900000000000001 0.79999999999999993
 39 1 455 1.6000000000000001 2 3 20 2400 -0.14159265358979312 0.94708609580993652 53 0 0.85999999999999999 0.89999999999999991
 40 1 449 1.6000000000000001 2 3 20 2200 -0.14159265358979312 0.88796734809875488 53 0 0.81200000000000006 0.79999999999999993
 41 1 286 0.80000000000000004 2 4 20 2400 1.8584073464102069 0.86591744422912598 59 1 0.92800000000000005 0.89999999999999991
 42 1 385 1.6000000000000001 1 3 16 2000 -3.1415926535897931 0.9133908748626709 53 0 1.0780000000000001 1
 43 1 240 0.80000000000000004 1 4 20 2400 2.8584073464102069 0.87083148956298828 59 1 1.034 1
 44 1 475 1.6000000000000001 2 4 20 2200 -2.1415926535897931 1.0775911808013916 59 1 1.02 0.79999999999999993
 45 1 544 3 2 3 20 2000 2.8584073464102069 0.98507237434387207 53 0 0.94599999999999995 0.89999999999999991
 46 1 184 0.40000000000000002 2 4 20 2000 -2.1415926535897931 0.98929572105407715 59 1 0.83699999999999997 0.69999999999999996
 47 1 489 3 1 3 16 2400 -0.14159265358979312 1.1034262180328369 53 0 1.1779999999999999 1
 48 1 14 0 1 3 20 2000 -2.1415926535897931 0.89739131927490234 53 0 0.92600000000000005 0.89999999999999991


# name: resolution
# type: matrix
# rows: 1
# columns: 2
 1366 768


# name: hz
# type: scalar
60


# name: pc
# type: sq_string
# elements: 1
# length: 21
gregor-Latitude-E6320


# name: experiment
# type: sq_string
# elements: 1
# length: 4
RFPb


# name: isOctave
# type: bool
1




