# Created by Octave 5.2.0, Thu Mar 31 11:28:13 2022 CEST <student@gregor-Latitude-E6320>
# name: RFP
# type: scalar struct
# ndims: 2
 1 1
# length: 10
# name: vp
# type: sq_string
# elements: 1
# length: 3
V09


# name: mapping
# type: scalar
2


# name: date
# type: sq_string
# elements: 1
# length: 15
20220331T112625


# name: block
# type: scalar
7


# name: outmat
# type: matrix
# rows: 48
# columns: 14
 1 7 66 0 2 3 20 2200 -0.14159265358979312 3.2415609359741211 59 1 0.85699999999999998 0.69999999999999996
 2 7 117 0.40000000000000002 1 3 20 2400 -2.1415926535897931 1.0361669063568115 59 1 0.91100000000000003 0.79999999999999993
 3 7 176 0.40000000000000002 2 4 16 2200 -0.14159265358979312 0.81757259368896484 59 1 1.0009999999999999 0.79999999999999993
 4 7 142 0.40000000000000002 1 4 20 2400 0.85840734641020688 2.5082573890686035 59 1 1.1579999999999999 0.89999999999999991
 5 7 458 1.6000000000000001 2 4 16 2000 -1.1415926535897931 2.7533318996429443 53 0 0.95799999999999996 1
 6 7 26 0 1 4 16 2000 -3.1415926535897931 2.5469746589660645 59 1 1.0740000000000001 0.69999999999999996
 7 7 419 1.6000000000000001 1 4 16 2400 2.8584073464102069 0.97513866424560547 53 0 1.04 1
 8 7 466 1.6000000000000001 2 4 16 2400 -2.1415926535897931 0.85091400146484375 53 0 1.056 0.69999999999999996
 9 7 76 0 2 4 16 2000 0.85840734641020688 0.99368476867675781 59 1 1.0369999999999999 0.69999999999999996
 10 7 334 1.2 1 4 20 2400 -3.1415926535897931 0.9029693603515625 53 0 0.995 0.79999999999999993
 11 7 114 0.40000000000000002 1 3 20 2200 -1.1415926535897931 2.4910480976104736 53 0 1.0329999999999999 0.79999999999999993
 12 7 332 1.2 1 4 20 2200 -2.1415926535897931 2.9896869659423828 53 0 0.80400000000000005 0.89999999999999991
 13 7 558 3 2 4 16 2200 -0.14159265358979312 0.85373520851135254 53 0 0.997 0.69999999999999996
 14 7 208 0.80000000000000004 1 3 20 2000 -1.1415926535897931 2.3619582653045654 53 0 1.179 1
 15 7 320 1.2 1 4 16 2200 0.85840734641020688 0.90769362449645996 53 0 0.90300000000000002 0.79999999999999993
 16 7 30 0 1 4 16 2200 -0.14159265358979312 0.86344242095947266 59 1 0.96099999999999997 0.79999999999999993
 17 7 573 3 2 4 20 2400 -3.1415926535897931 0.83264470100402832 53 0 1.125 0.79999999999999993
 18 7 256 0.80000000000000004 2 3 20 2000 -0.14159265358979312 0.88951611518859863 53 0 0.997 0.89999999999999991
 19 7 379 1.2 2 4 20 2200 1.8584073464102069 0.82900905609130859 53 0 1.0209999999999999 0.69999999999999996
 20 7 295 1.2 1 3 16 2200 -3.1415926535897931 0.88203787803649902 53 0 0.85899999999999999 0.69999999999999996
 21 7 143 0.40000000000000002 1 4 20 2400 0.85840734641020688 2.2061402797698975 59 1 0.96899999999999997 0.79999999999999993
 22 7 170 0.40000000000000002 2 4 16 2000 1.8584073464102069 0.93750619888305664 59 1 1.0269999999999999 0.69999999999999996
 23 7 424 1.6000000000000001 1 4 20 2000 2.8584073464102069 0.893890380859375 53 0 1.1839999999999999 0.89999999999999991
 24 7 319 1.2 1 4 16 2200 -3.1415926535897931 1.496614933013916 59 1 1.1479999999999999 0.89999999999999991
 25 7 98 0.40000000000000002 1 3 16 2000 2.8584073464102069 1.1722934246063232 59 1 0.81100000000000005 0.79999999999999993
 26 7 139 0.40000000000000002 1 4 20 2200 -3.1415926535897931 0.99182844161987305 59 1 0.98099999999999998 0.89999999999999991
 27 7 329 1.2 1 4 20 2200 2.8584073464102069 1.0388646125793457 53 0 0.95699999999999996 1
 28 7 191 0.40000000000000002 2 4 20 2400 -0.14159265358979312 0.89205479621887207 59 1 0.85199999999999998 0.79999999999999993
 29 7 203 0.80000000000000004 1 3 16 2400 0.85840734641020688 0.89315462112426758 59 1 1.175 0.89999999999999991
 30 7 348 1.2 2 3 16 2400 -1.1415926535897931 1.0819301605224609 53 0 0.93100000000000005 0.79999999999999993
 31 7 102 0.40000000000000002 1 3 16 2200 -1.1415926535897931 0.88466095924377441 59 1 1.1879999999999999 0.79999999999999993
 32 7 39 0 1 4 20 2000 1.8584073464102069 0.82569408416748047 59 1 0.88400000000000001 0.89999999999999991
 33 7 403 1.6000000000000001 1 3 20 2200 0.85840734641020688 0.81879925727844238 53 0 1.111 0.69999999999999996
 34 7 193 0.80000000000000004 1 3 16 2000 1.8584073464102069 1.1106376647949219 59 1 0.94699999999999995 1
 35 7 442 1.6000000000000001 2 3 16 2400 -1.1415926535897931 1.0118074417114258 53 0 0.94499999999999995 0.69999999999999996
 36 7 228 0.80000000000000004 1 4 16 2400 -2.1415926535897931 1.0989270210266113 53 0 0.80600000000000005 0.69999999999999996
 37 7 357 1.2 2 3 20 2400 -3.1415926535897931 0.8593602180480957 59 1 1.133 0.79999999999999993
 38 7 495 3 1 3 20 2000 -1.1415926535897931 0.94579339027404785 53 0 0.81899999999999995 1
 39 7 40 0 1 4 20 2000 1.8584073464102069 0.81981229782104492 59 1 1.0660000000000001 0.79999999999999993
 40 7 416 1.6000000000000001 1 4 16 2200 0.85840734641020688 0.93414878845214844 53 0 0.84599999999999997 0.89999999999999991
 41 7 258 0.80000000000000004 2 3 20 2200 -1.1415926535897931 0.91058182716369629 53 0 1.181 1
 42 7 566 3 2 4 20 2000 -1.1415926535897931 0.94729256629943848 53 0 1.0800000000000001 1
 43 7 565 3 2 4 20 2000 -0.14159265358979312 0.97160649299621582 53 0 1.05 0.69999999999999996
 44 7 159 0.40000000000000002 2 3 20 2000 2.8584073464102069 0.94307041168212891 59 1 1.016 0.69999999999999996
 45 7 171 0.40000000000000002 2 4 16 2000 1.8584073464102069 0.96448040008544922 59 1 0.81599999999999995 0.79999999999999993
 46 7 279 0.80000000000000004 2 4 20 2000 1.8584073464102069 0.89147114753723145 53 0 1.1379999999999999 0.89999999999999991
 47 7 472 1.6000000000000001 2 4 20 2000 1.8584073464102069 0.89582085609436035 53 0 1.1759999999999999 0.79999999999999993
 48 7 92 0 2 4 20 2200 -1.1415926535897931 0.90660214424133301 59 1 0.86199999999999999 0.79999999999999993


# name: resolution
# type: matrix
# rows: 1
# columns: 2
 1366 768


# name: hz
# type: scalar
60


# name: pc
# type: sq_string
# elements: 1
# length: 21
gregor-Latitude-E6320


# name: experiment
# type: sq_string
# elements: 1
# length: 4
RFPb


# name: isOctave
# type: bool
1




