# Created by Octave 5.2.0, Thu Mar 31 11:26:24 2022 CEST <student@gregor-Latitude-E6320>
# name: RFP
# type: scalar struct
# ndims: 2
 1 1
# length: 10
# name: vp
# type: sq_string
# elements: 1
# length: 3
V09


# name: mapping
# type: scalar
2


# name: date
# type: sq_string
# elements: 1
# length: 15
20220331T112442


# name: block
# type: scalar
6


# name: outmat
# type: matrix
# rows: 48
# columns: 14
 1 6 561 3 2 4 16 2400 1.8584073464102069 0.81717801094055176 53 0 1.1180000000000001 0.69999999999999996
 2 6 49 0 2 3 16 2000 -2.1415926535897931 0.87552452087402344 59 1 0.92700000000000005 0.79999999999999993
 3 6 433 1.6000000000000001 2 3 16 2000 2.8584073464102069 2.2806711196899414 53 0 1.117 0.69999999999999996
 4 6 88 0 2 4 20 2000 -2.1415926535897931 0.86418056488037109 59 1 1.0760000000000001 1
 5 6 514 3 1 4 16 2400 -3.1415926535897931 0.85212254524230957 53 0 1.1930000000000001 0.79999999999999993
 6 6 512 3 1 4 16 2200 -0.14159265358979312 0.87419915199279785 53 0 1.1419999999999999 1
 7 6 196 0.80000000000000004 1 3 16 2000 -1.1415926535897931 3.4664738178253174 59 1 0.88300000000000001 0.69999999999999996
 8 6 453 1.6000000000000001 2 3 20 2400 0.85840734641020688 0.94032073020935059 53 0 1.034 0.89999999999999991
 9 6 434 1.6000000000000001 2 3 16 2000 0.85840734641020688 0.94890856742858887 53 0 0.88400000000000001 1
 10 6 19 0 1 3 20 2200 -2.1415926535897931 0.92673683166503906 59 1 1.157 1
 11 6 274 0.80000000000000004 2 4 16 2400 0.85840734641020688 1.0258963108062744 59 1 0.98899999999999999 1
 12 6 317 1.2 1 4 16 2200 -2.1415926535897931 2.0140056610107422 53 0 0.86099999999999999 0.89999999999999991
 13 6 507 3 1 4 16 2000 -1.1415926535897931 0.91304636001586914 53 0 0.81499999999999995 0.89999999999999991
 14 6 116 0.40000000000000002 1 3 20 2200 -2.1415926535897931 0.94066286087036133 53 0 1.1120000000000001 0.69999999999999996
 15 6 187 0.40000000000000002 2 4 20 2200 -1.1415926535897931 1.0832955837249756 53 0 0.84899999999999998 1
 16 6 167 0.40000000000000002 2 3 20 2400 0.85840734641020688 1.0116021633148193 53 0 1.143 0.89999999999999991
 17 6 169 0.40000000000000002 2 4 16 2000 -0.14159265358979312 0.82371807098388672 59 1 0.82599999999999996 0.89999999999999991
 18 6 446 1.6000000000000001 2 3 20 2000 -3.1415926535897931 0.99468708038330078 53 0 0.95699999999999996 0.79999999999999993
 19 6 500 3 1 3 20 2200 -3.1415926535897931 2.250103235244751 53 0 0.96099999999999997 0.69999999999999996
 20 6 292 1.2 1 3 16 2000 -2.1415926535897931 0.93662524223327637 53 0 0.88400000000000001 0.79999999999999993
 21 6 215 0.80000000000000004 1 3 20 2400 -0.14159265358979312 0.82073020935058594 53 0 1.1020000000000001 0.89999999999999991
 22 6 391 1.6000000000000001 1 3 16 2200 -1.1415926535897931 0.93607044219970703 53 0 0.84099999999999997 0.79999999999999993
 23 6 511 3 1 4 16 2200 -1.1415926535897931 0.93380141258239746 53 0 0.93000000000000005 0.69999999999999996
 24 6 549 3 2 3 20 2400 0.85840734641020688 0.83826637268066406 53 0 0.84199999999999997 1
 25 6 155 0.40000000000000002 2 3 16 2400 -2.1415926535897931 1.0264151096343994 53 0 1.165 0.79999999999999993
 26 6 517 3 1 4 20 2000 2.8584073464102069 0.96917128562927246 53 0 1.179 1
 27 6 389 1.6000000000000001 1 3 16 2200 0.85840734641020688 1.0619664192199707 53 0 1.0249999999999999 1
 28 6 366 1.2 2 4 16 2200 -2.1415926535897931 1.2214012145996094 53 0 1.113 1
 29 6 393 1.6000000000000001 1 3 16 2400 -1.1415926535897931 1.2013521194458008 53 0 0.84399999999999997 0.89999999999999991
 30 6 236 0.80000000000000004 1 4 20 2200 0.85840734641020688 1.243635892868042 53 0 1.151 0.79999999999999993
 31 6 515 3 1 4 16 2400 0.85840734641020688 1.0166909694671631 53 0 0.91900000000000004 0.89999999999999991
 32 6 199 0.80000000000000004 1 3 16 2200 -0.14159265358979312 1.0754928588867188 59 1 0.91600000000000004 0.79999999999999993
 33 6 528 3 1 4 20 2400 -0.14159265358979312 0.82669281959533691 53 0 1.0640000000000001 1
 34 6 350 1.2 2 3 20 2000 1.8584073464102069 1.1295416355133057 53 0 0.80700000000000005 1
 35 6 362 1.2 2 4 16 2000 2.8584073464102069 1.0478155612945557 53 0 1.111 0.69999999999999996
 36 6 497 3 1 3 20 2200 -1.1415926535897931 0.91359305381774902 53 0 0.81299999999999994 0.69999999999999996
 37 6 58 0 2 3 16 2400 1.8584073464102069 1.0016558170318604 59 1 0.89700000000000002 0.69999999999999996
 38 6 396 1.6000000000000001 1 3 16 2400 -1.1415926535897931 0.82282638549804688 53 0 0.89400000000000002 1
 39 6 225 0.80000000000000004 1 4 16 2400 -1.1415926535897931 0.82703590393066406 53 0 0.86699999999999999 0.79999999999999993
 40 6 306 1.2 1 3 20 2200 -1.1415926535897931 1.0385680198669434 53 0 1.101 0.89999999999999991
 41 6 107 0.40000000000000002 1 3 16 2400 -3.1415926535897931 0.81744527816772461 59 1 1.03 0.69999999999999996
 42 6 211 0.80000000000000004 1 3 20 2200 0.85840734641020688 0.97930693626403809 59 1 0.86499999999999999 0.89999999999999991
 43 6 477 1.6000000000000001 2 4 20 2400 -3.1415926535897931 1.0207943916320801 53 0 1.0249999999999999 0.79999999999999993
 44 6 148 0.40000000000000002 2 3 16 2000 -2.1415926535897931 0.94293069839477539 59 1 1.0600000000000001 1
 45 6 188 0.40000000000000002 2 4 20 2200 1.8584073464102069 1.075350284576416 59 1 0.83199999999999996 0.89999999999999991
 46 6 555 3 2 4 16 2000 -3.1415926535897931 0.98035120964050293 53 0 1.024 0.79999999999999993
 47 6 375 1.2 2 4 20 2000 2.8584073464102069 0.82230639457702637 53 0 1.1739999999999999 1
 48 6 241 0.80000000000000004 2 3 16 2000 -0.14159265358979312 0.90515327453613281 59 1 1.175 0.89999999999999991


# name: resolution
# type: matrix
# rows: 1
# columns: 2
 1366 768


# name: hz
# type: scalar
60


# name: pc
# type: sq_string
# elements: 1
# length: 21
gregor-Latitude-E6320


# name: experiment
# type: sq_string
# elements: 1
# length: 4
RFPb


# name: isOctave
# type: bool
1




