# Created by Octave 5.2.0, Thu Mar 31 11:33:24 2022 CEST <student@gregor-Latitude-E6320>
# name: RFP
# type: scalar struct
# ndims: 2
 1 1
# length: 10
# name: vp
# type: sq_string
# elements: 1
# length: 3
V09


# name: mapping
# type: scalar
2


# name: date
# type: sq_string
# elements: 1
# length: 15
20220331T113137


# name: block
# type: scalar
10


# name: outmat
# type: matrix
# rows: 48
# columns: 14
 1 10 367 1.2 2 4 16 2200 2.8584073464102069 0.8745427131652832 53 0 0.95399999999999996 0.69999999999999996
 2 10 246 0.80000000000000004 2 3 16 2200 -2.1415926535897931 1.0125410556793213 59 1 0.98899999999999999 0.69999999999999996
 3 10 78 0 2 4 16 2200 1.8584073464102069 3.1480982303619385 59 1 1.0720000000000001 0.89999999999999991
 4 10 303 1.2 1 3 20 2000 -2.1415926535897931 1.3718938827514648 53 0 1.1319999999999999 0.79999999999999993
 5 10 331 1.2 1 4 20 2200 0.85840734641020688 0.97285676002502441 53 0 0.84999999999999998 0.79999999999999993
 6 10 281 0.80000000000000004 2 4 20 2200 -0.14159265358979312 0.86936450004577637 53 0 1.0329999999999999 1
 7 10 435 1.6000000000000001 2 3 16 2000 -3.1415926535897931 0.90098810195922852 53 0 0.80000000000000004 0.79999999999999993
 8 10 15 0 1 3 20 2000 -2.1415926535897931 0.83444643020629883 59 1 0.93500000000000005 1
 9 10 304 1.2 1 3 20 2000 2.8584073464102069 0.83018803596496582 53 0 1.123 1
 10 10 25 0 1 4 16 2000 -2.1415926535897931 0.82156157493591309 59 1 1.085 0.89999999999999991
 11 10 46 0 1 4 20 2400 -1.1415926535897931 0.85286927223205566 59 1 0.86699999999999999 0.79999999999999993
 12 10 450 1.6000000000000001 2 3 20 2200 -1.1415926535897931 0.87853622436523438 53 0 0.83499999999999996 0.89999999999999991
 13 10 210 0.80000000000000004 1 3 20 2200 -2.1415926535897931 3.2174818515777588 53 0 1.1140000000000001 1
 14 10 251 0.80000000000000004 2 3 16 2400 -0.14159265358979312 1.1063547134399414 59 1 0.81000000000000005 0.69999999999999996
 15 10 437 1.6000000000000001 2 3 16 2200 -0.14159265358979312 1.1213729381561279 53 0 1.1120000000000001 0.69999999999999996
 16 10 429 1.6000000000000001 1 4 20 2400 1.8584073464102069 0.8993685245513916 53 0 0.80800000000000005 1
 17 10 13 0 1 3 20 2000 1.8584073464102069 0.88242316246032715 59 1 1.163 0.79999999999999993
 18 10 426 1.6000000000000001 1 4 20 2200 2.8584073464102069 0.91303706169128418 53 0 1.054 1
 19 10 221 0.80000000000000004 1 4 16 2200 -2.1415926535897931 3.1313586235046387 53 0 0.90200000000000002 0.69999999999999996
 20 10 460 1.6000000000000001 2 4 16 2000 1.8584073464102069 2.6800146102905273 53 0 1.1639999999999999 0.79999999999999993
 21 10 163 0.40000000000000002 2 3 20 2200 -1.1415926535897931 0.84341883659362793 59 1 1.1259999999999999 0.89999999999999991
 22 10 1 0 1 3 16 2000 -2.1415926535897931 0.89767956733703613 59 1 1.1359999999999999 0.89999999999999991
 23 10 390 1.6000000000000001 1 3 16 2200 -3.1415926535897931 0.89536309242248535 53 0 0.88300000000000001 0.89999999999999991
 24 10 550 3 2 3 20 2400 2.8584073464102069 0.82493829727172852 53 0 1.077 0.69999999999999996
 25 10 456 1.6000000000000001 2 3 20 2400 -1.1415926535897931 1.3034484386444092 53 0 1.1639999999999999 0.89999999999999991
 26 10 197 0.80000000000000004 1 3 16 2200 -0.14159265358979312 0.8881988525390625 53 0 0.97599999999999998 1
 27 10 487 3 1 3 16 2200 1.8584073464102069 0.83394885063171387 53 0 1.0960000000000001 0.89999999999999991
 28 10 397 1.6000000000000001 1 3 20 2000 1.8584073464102069 0.92179751396179199 53 0 0.84499999999999997 0.79999999999999993
 29 10 311 1.2 1 3 20 2400 -1.1415926535897931 0.9181361198425293 53 0 0.93899999999999995 0.79999999999999993
 30 10 280 0.80000000000000004 2 4 20 2000 1.8584073464102069 0.93357229232788086 53 0 0.98899999999999999 0.69999999999999996
 31 10 408 1.6000000000000001 1 3 20 2400 1.8584073464102069 0.81957721710205078 53 0 1.1299999999999999 0.89999999999999991
 32 10 53 0 2 3 16 2200 -3.1415926535897931 1.0101044178009033 59 1 1.0780000000000001 0.69999999999999996
 33 10 174 0.40000000000000002 2 4 16 2200 -0.14159265358979312 0.84876704216003418 59 1 1.099 0.89999999999999991
 34 10 502 3 1 3 20 2400 2.8584073464102069 0.91980361938476562 53 0 1.1479999999999999 1
 35 10 149 0.40000000000000002 2 3 16 2200 0.85840734641020688 0.87431812286376953 59 1 0.98199999999999998 0.79999999999999993
 36 10 104 0.40000000000000002 1 3 16 2200 -0.14159265358979312 0.92158174514770508 59 1 1.163 0.79999999999999993
 37 10 3 0 1 3 16 2000 2.8584073464102069 1.7381868362426758 59 1 0.92200000000000004 0.89999999999999991
 38 10 481 3 1 3 16 2000 0.85840734641020688 1.2029657363891602 53 0 0.83499999999999996 0.89999999999999991
 39 10 324 1.2 1 4 16 2400 -0.14159265358979312 1.8464539051055908 59 1 1.006 0.69999999999999996
 40 10 162 0.40000000000000002 2 3 20 2200 -1.1415926535897931 1.0980973243713379 59 1 0.95399999999999996 0.79999999999999993
 41 10 432 1.6000000000000001 1 4 20 2400 0.85840734641020688 1.6255753040313721 53 0 1.0720000000000001 0.89999999999999991
 42 10 119 0.40000000000000002 1 3 20 2400 1.8584073464102069 1.1661033630371094 59 1 0.82299999999999995 0.79999999999999993
 43 10 501 3 1 3 20 2400 2.8584073464102069 1.3923921585083008 59 1 1.135 0.69999999999999996
 44 10 121 0.40000000000000002 1 4 16 2000 2.8584073464102069 0.84121131896972656 59 1 0.83699999999999997 0.69999999999999996
 45 10 73 0 2 4 16 2000 1.8584073464102069 0.95030546188354492 59 1 1.0009999999999999 0.89999999999999991
 46 10 4 0 1 3 16 2000 0.85840734641020688 1.0611538887023926 59 1 0.90700000000000003 0.89999999999999991
 47 10 105 0.40000000000000002 1 3 16 2400 -1.1415926535897931 0.85767436027526855 59 1 0.84399999999999997 0.79999999999999993
 48 10 461 1.6000000000000001 2 4 16 2200 -1.1415926535897931 1.248082160949707 53 0 0.96699999999999997 0.69999999999999996


# name: resolution
# type: matrix
# rows: 1
# columns: 2
 1366 768


# name: hz
# type: scalar
60


# name: pc
# type: sq_string
# elements: 1
# length: 21
gregor-Latitude-E6320


# name: experiment
# type: sq_string
# elements: 1
# length: 4
RFPb


# name: isOctave
# type: bool
1




