# Created by Octave 5.2.0, Thu Mar 31 11:21:02 2022 CEST <student@gregor-Latitude-E6320>
# name: RFP
# type: scalar struct
# ndims: 2
 1 1
# length: 10
# name: vp
# type: sq_string
# elements: 1
# length: 3
V09


# name: mapping
# type: scalar
2


# name: date
# type: sq_string
# elements: 1
# length: 15
20220331T111917


# name: block
# type: scalar
3


# name: outmat
# type: matrix
# rows: 48
# columns: 14
 1 3 95 0 2 4 20 2400 2.8584073464102069 0.92251038551330566 59 1 1.0940000000000001 0.89999999999999991
 2 3 283 0.80000000000000004 2 4 20 2200 -3.1415926535897931 1.1985785961151123 59 1 0.97599999999999998 0.89999999999999991
 3 3 29 0 1 4 16 2200 0.85840734641020688 1.323606014251709 59 1 1.087 0.79999999999999993
 4 3 41 0 1 4 20 2200 -0.14159265358979312 1.8142733573913574 59 1 0.82199999999999995 1
 5 3 272 0.80000000000000004 2 4 16 2200 -0.14159265358979312 1.265005350112915 59 1 0.88100000000000001 1
 6 3 364 1.2 2 4 16 2000 -2.1415926535897931 1.0487971305847168 59 1 1.0900000000000001 0.79999999999999993
 7 3 82 0 2 4 16 2400 1.8584073464102069 1.1390340328216553 59 1 1.113 0.89999999999999991
 8 3 349 1.2 2 3 20 2000 2.8584073464102069 1.0929110050201416 53 0 1.1160000000000001 1
 9 3 363 1.2 2 4 16 2000 2.8584073464102069 1.2301120758056641 53 0 0.97999999999999998 0.79999999999999993
 10 3 124 0.40000000000000002 1 4 16 2000 -3.1415926535897931 1.2073466777801514 59 1 0.879 0.89999999999999991
 11 3 233 0.80000000000000004 1 4 20 2200 0.85840734641020688 1.1680533885955811 59 1 1.1160000000000001 1
 12 3 140 0.40000000000000002 1 4 20 2200 -3.1415926535897931 0.86882305145263672 59 1 0.82099999999999995 1
 13 3 494 3 1 3 20 2000 2.8584073464102069 1.0991325378417969 53 0 1.0980000000000001 0.79999999999999993
 14 3 414 1.6000000000000001 1 4 16 2200 -0.14159265358979312 1.1735730171203613 53 0 1.109 1
 15 3 253 0.80000000000000004 2 3 20 2000 2.8584073464102069 1.1046643257141113 53 0 1.0720000000000001 0.79999999999999993
 16 3 423 1.6000000000000001 1 4 20 2000 -3.1415926535897931 1.0458278656005859 53 0 1.1859999999999999 0.89999999999999991
 17 3 271 0.80000000000000004 2 4 16 2200 2.8584073464102069 1.1670019626617432 53 0 0.95999999999999996 1
 18 3 152 0.40000000000000002 2 3 16 2200 1.8584073464102069 0.99817538261413574 53 0 0.84399999999999997 0.89999999999999991
 19 3 249 0.80000000000000004 2 3 16 2400 -0.14159265358979312 1.0824577808380127 53 0 1.1399999999999999 0.79999999999999993
 20 3 132 0.40000000000000002 1 4 16 2400 -0.14159265358979312 1.1005842685699463 53 0 0.81599999999999995 0.69999999999999996
 21 3 24 0 1 3 20 2400 -2.1415926535897931 1.0587072372436523 59 1 0.83399999999999996 0.79999999999999993
 22 3 112 0.40000000000000002 1 3 20 2000 2.8584073464102069 1.1132791042327881 59 1 0.80200000000000005 1
 23 3 267 0.80000000000000004 2 4 16 2000 -0.14159265358979312 1.0712628364562988 53 0 1.153 0.79999999999999993
 24 3 557 3 2 4 16 2200 -1.1415926535897931 1.0430698394775391 53 0 0.83899999999999997 0.89999999999999991
 25 3 411 1.6000000000000001 1 4 16 2000 -0.14159265358979312 1.1047713756561279 53 0 1.105 1
 26 3 56 0 2 3 16 2200 0.85840734641020688 0.92341160774230957 59 1 0.82599999999999996 0.89999999999999991
 27 3 244 0.80000000000000004 2 3 16 2000 0.85840734641020688 1.3380866050720215 59 1 1.127 1
 28 3 562 3 2 4 16 2400 -0.14159265358979312 1.2969729900360107 53 0 1.113 0.89999999999999991
 29 3 576 3 2 4 20 2400 -3.1415926535897931 1.1858773231506348 53 0 1.167 0.69999999999999996
 30 3 262 0.80000000000000004 2 3 20 2400 0.85840734641020688 1.0616049766540527 53 0 1.0549999999999999 0.69999999999999996
 31 3 179 0.40000000000000002 2 4 16 2400 -0.14159265358979312 1.0505249500274658 59 1 1.0029999999999999 0.89999999999999991
 32 3 335 1.2 1 4 20 2400 1.8584073464102069 0.84593582153320312 53 0 1.012 0.69999999999999996
 33 3 392 1.6000000000000001 1 3 16 2200 -3.1415926535897931 1.4348094463348389 53 0 1.117 0.79999999999999993
 34 3 27 0 1 4 16 2000 -1.1415926535897931 1.6709821224212646 53 0 0.90400000000000003 0.69999999999999996
 35 3 338 1.2 2 3 16 2000 0.85840734641020688 1.0041391849517822 53 0 0.81499999999999995 0.79999999999999993
 36 3 79 0 2 4 16 2200 -1.1415926535897931 1.1330807209014893 59 1 0.82199999999999995 0.69999999999999996
 37 3 398 1.6000000000000001 1 3 20 2000 -2.1415926535897931 0.9888300895690918 53 0 1.097 1
 38 3 407 1.6000000000000001 1 3 20 2400 -1.1415926535897931 0.97158980369567871 53 0 0.90000000000000002 0.79999999999999993
 39 3 299 1.2 1 3 16 2400 0.85840734641020688 0.99067902565002441 53 0 0.86599999999999999 1
 40 3 478 1.6000000000000001 2 4 20 2400 -1.1415926535897931 0.90658092498779297 53 0 0.85199999999999998 1
 41 3 178 0.40000000000000002 2 4 16 2400 1.8584073464102069 0.90553164482116699 59 1 1.0089999999999999 0.89999999999999991
 42 3 308 1.2 1 3 20 2200 -2.1415926535897931 0.91477036476135254 53 0 1.149 1
 43 3 503 3 1 3 20 2400 -2.1415926535897931 3.1446442604064941 53 0 1.115 0.79999999999999993
 44 3 61 0 2 3 20 2000 1.8584073464102069 1.037086009979248 59 1 1.1619999999999999 0.79999999999999993
 45 3 386 1.6000000000000001 1 3 16 2000 -0.14159265358979312 0.96373558044433594 53 0 0.81699999999999995 0.89999999999999991
 46 3 51 0 2 3 16 2000 0.85840734641020688 0.83663153648376465 59 1 1.1819999999999999 1
 47 3 309 1.2 1 3 20 2400 -0.14159265358979312 1.006610631942749 53 0 0.99399999999999999 1
 48 3 245 0.80000000000000004 2 3 16 2200 -3.1415926535897931 0.96308064460754395 53 0 1.1759999999999999 1


# name: resolution
# type: matrix
# rows: 1
# columns: 2
 1366 768


# name: hz
# type: scalar
60


# name: pc
# type: sq_string
# elements: 1
# length: 21
gregor-Latitude-E6320


# name: experiment
# type: sq_string
# elements: 1
# length: 4
RFPb


# name: isOctave
# type: bool
1




