# Created by Octave 5.2.0, Thu Mar 31 11:31:36 2022 CEST <student@gregor-Latitude-E6320>
# name: RFP
# type: scalar struct
# ndims: 2
 1 1
# length: 10
# name: vp
# type: sq_string
# elements: 1
# length: 3
V09


# name: mapping
# type: scalar
2


# name: date
# type: sq_string
# elements: 1
# length: 15
20220331T112952


# name: block
# type: scalar
9


# name: outmat
# type: matrix
# rows: 48
# columns: 14
 1 9 510 3 1 4 16 2200 -3.1415926535897931 1.1293654441833496 53 0 0.89800000000000002 0.89999999999999991
 2 9 444 1.6000000000000001 2 3 16 2400 -1.1415926535897931 0.86827445030212402 53 0 0.82299999999999995 0.69999999999999996
 3 9 255 0.80000000000000004 2 3 20 2000 -0.14159265358979312 1.4266312122344971 59 1 0.81000000000000005 1
 4 9 322 1.2 1 4 16 2400 -2.1415926535897931 0.90614533424377441 59 1 1.135 1
 5 9 527 3 1 4 20 2400 -1.1415926535897931 0.93648099899291992 53 0 0.88600000000000001 0.79999999999999993
 6 9 192 0.40000000000000002 2 4 20 2400 -0.14159265358979312 1.8054051399230957 53 0 1.0129999999999999 0.79999999999999993
 7 9 298 1.2 1 3 16 2400 -0.14159265358979312 0.88140487670898438 59 1 1.0900000000000001 0.79999999999999993
 8 9 404 1.6000000000000001 1 3 20 2200 -3.1415926535897931 1.1636536121368408 53 0 1.0249999999999999 0.69999999999999996
 9 9 521 3 1 4 20 2200 1.8584073464102069 0.82250118255615234 53 0 1.056 0.69999999999999996
 10 9 462 1.6000000000000001 2 4 16 2200 -2.1415926535897931 0.83061528205871582 53 0 0.93700000000000006 0.79999999999999993
 11 9 323 1.2 1 4 16 2400 -0.14159265358979312 0.9552004337310791 53 0 1.091 0.89999999999999991
 12 9 80 0 2 4 16 2200 -3.1415926535897931 0.82653546333312988 59 1 1.036 1
 13 9 438 1.6000000000000001 2 3 16 2200 2.8584073464102069 1.6452548503875732 53 0 0.85299999999999998 1
 14 9 552 3 2 3 20 2400 -2.1415926535897931 1.0276234149932861 53 0 0.89700000000000002 0.69999999999999996
 15 9 160 0.40000000000000002 2 3 20 2000 -2.1415926535897931 1.1843395233154297 59 1 1.0049999999999999 1
 16 9 180 0.40000000000000002 2 4 16 2400 2.8584073464102069 0.9225928783416748 59 1 1.117 1
 17 9 459 1.6000000000000001 2 4 16 2000 2.8584073464102069 1.0389044284820557 53 0 1.1080000000000001 0.89999999999999991
 18 9 60 0 2 3 16 2400 2.8584073464102069 1.0983912944793701 59 1 1.1799999999999999 0.69999999999999996
 19 9 84 0 2 4 16 2400 -2.1415926535897931 0.98529672622680664 59 1 0.81200000000000006 0.89999999999999991
 20 9 418 1.6000000000000001 1 4 16 2400 2.8584073464102069 1.0270578861236572 53 0 0.92100000000000004 1
 21 9 447 1.6000000000000001 2 3 20 2000 1.8584073464102069 0.96864914894104004 53 0 1.0449999999999999 0.69999999999999996
 22 9 294 1.2 1 3 16 2200 2.8584073464102069 3.2063508033752441 53 0 1.0720000000000001 0.89999999999999991
 23 9 212 0.80000000000000004 1 3 20 2200 1.8584073464102069 1.2939183712005615 53 0 0.92200000000000004 0.89999999999999991
 24 9 65 0 2 3 20 2200 -3.1415926535897931 1.2670848369598389 59 1 1.179 0.69999999999999996
 25 9 531 3 2 3 16 2000 -0.14159265358979312 0.90795230865478516 53 0 0.82999999999999996 0.89999999999999991
 26 9 509 3 1 4 16 2200 2.8584073464102069 0.86763906478881836 53 0 1.046 0.89999999999999991
 27 9 395 1.6000000000000001 1 3 16 2400 -0.14159265358979312 1.1108143329620361 53 0 1.002 0.89999999999999991
 28 9 542 3 2 3 20 2000 2.8584073464102069 1.0748293399810791 53 0 1.014 0.69999999999999996
 29 9 9 0 1 3 16 2400 -0.14159265358979312 0.83396434783935547 59 1 1.1259999999999999 0.79999999999999993
 30 9 451 1.6000000000000001 2 3 20 2200 -2.1415926535897931 0.9676210880279541 53 0 0.80800000000000005 1
 31 9 198 0.80000000000000004 1 3 16 2200 -1.1415926535897931 2.8626468181610107 53 0 0.80000000000000004 0.89999999999999991
 32 9 57 0 2 3 16 2400 -2.1415926535897931 1.0402007102966309 59 1 0.91800000000000004 0.69999999999999996
 33 9 543 3 2 3 20 2000 0.85840734641020688 1.2036123275756836 53 0 0.89800000000000002 0.89999999999999991
 34 9 508 3 1 4 16 2000 -1.1415926535897931 1.0650827884674072 53 0 0.88300000000000001 0.79999999999999993
 35 9 175 0.40000000000000002 2 4 16 2200 -0.14159265358979312 0.96699070930480957 59 1 0.99199999999999999 1
 36 9 252 0.80000000000000004 2 3 16 2400 2.8584073464102069 1.1998391151428223 59 1 1.1299999999999999 0.79999999999999993
 37 9 130 0.40000000000000002 1 4 16 2400 -2.1415926535897931 0.93753838539123535 59 1 0.84099999999999997 0.79999999999999993
 38 9 387 1.6000000000000001 1 3 16 2000 -3.1415926535897931 1.5425074100494385 59 1 0.86799999999999999 0.69999999999999996
 39 9 337 1.2 2 3 16 2000 -2.1415926535897931 0.99871182441711426 53 0 1.028 0.79999999999999993
 40 9 336 1.2 1 4 20 2400 0.85840734641020688 0.81798219680786133 53 0 0.89400000000000002 0.79999999999999993
 41 9 287 0.80000000000000004 2 4 20 2400 0.85840734641020688 1.0029549598693848 53 0 1.0029999999999999 0.79999999999999993
 42 9 333 1.2 1 4 20 2400 -0.14159265358979312 1.1265895366668701 53 0 0.84699999999999998 0.79999999999999993
 43 9 439 1.6000000000000001 2 3 16 2200 -1.1415926535897931 0.99241113662719727 53 0 0.98299999999999998 1
 44 9 369 1.2 2 4 16 2400 -3.1415926535897931 1.1294174194335938 53 0 0.82099999999999995 1
 45 9 36 0 1 4 16 2400 -1.1415926535897931 1.1508238315582275 59 1 0.81799999999999995 0.69999999999999996
 46 9 64 0 2 3 20 2000 1.8584073464102069 0.98661446571350098 59 1 1.034 0.69999999999999996
 47 9 318 1.2 1 4 16 2200 1.8584073464102069 1.0606281757354736 53 0 0.86599999999999999 0.89999999999999991
 48 9 118 0.40000000000000002 1 3 20 2400 -2.1415926535897931 1.158212423324585 53 0 1.024 0.79999999999999993


# name: resolution
# type: matrix
# rows: 1
# columns: 2
 1366 768


# name: hz
# type: scalar
60


# name: pc
# type: sq_string
# elements: 1
# length: 21
gregor-Latitude-E6320


# name: experiment
# type: sq_string
# elements: 1
# length: 4
RFPb


# name: isOctave
# type: bool
1




