# Created by Octave 5.2.0, Thu Mar 31 11:22:50 2022 CEST <student@gregor-Latitude-E6320>
# name: RFP
# type: scalar struct
# ndims: 2
 1 1
# length: 10
# name: vp
# type: sq_string
# elements: 1
# length: 3
V09


# name: mapping
# type: scalar
2


# name: date
# type: sq_string
# elements: 1
# length: 15
20220331T112103


# name: block
# type: scalar
4


# name: outmat
# type: matrix
# rows: 48
# columns: 14
 1 4 454 1.6000000000000001 2 3 20 2400 -2.1415926535897931 1.0102052688598633 59 1 0.84299999999999997 0.89999999999999991
 2 4 156 0.40000000000000002 2 3 16 2400 -1.1415926535897931 2.9374630451202393 59 1 1.147 0.89999999999999991
 3 4 380 1.2 2 4 20 2200 2.8584073464102069 0.97345900535583496 53 0 1.0009999999999999 0.89999999999999991
 4 4 189 0.40000000000000002 2 4 20 2400 -0.14159265358979312 1.0971057415008545 59 1 1.0429999999999999 0.69999999999999996
 5 4 231 0.80000000000000004 1 4 20 2000 0.85840734641020688 1.2810201644897461 59 1 1.1870000000000001 0.69999999999999996
 6 4 420 1.6000000000000001 1 4 16 2400 -0.14159265358979312 1.4620554447174072 53 0 1.0149999999999999 1
 7 4 106 0.40000000000000002 1 3 16 2400 -0.14159265358979312 0.99632787704467773 59 1 1.0980000000000001 0.89999999999999991
 8 4 496 3 1 3 20 2000 -3.1415926535897931 0.97342824935913086 53 0 1.0700000000000001 1
 9 4 77 0 2 4 16 2200 -3.1415926535897931 1.3108804225921631 59 1 0.93700000000000006 0.79999999999999993
 10 4 81 0 2 4 16 2400 -3.1415926535897931 1.2385928630828857 59 1 1.0569999999999999 0.89999999999999991
 11 4 532 3 2 3 16 2000 2.8584073464102069 1.1062178611755371 53 0 1.194 0.79999999999999993
 12 4 351 1.2 2 3 20 2000 -2.1415926535897931 1.1741502285003662 53 0 1.081 0.69999999999999996
 13 4 448 1.6000000000000001 2 3 20 2000 1.8584073464102069 1.3424770832061768 53 0 0.96199999999999997 0.89999999999999991
 14 4 33 0 1 4 16 2400 2.8584073464102069 1.1905865669250488 59 1 0.85799999999999998 0.69999999999999996
 15 4 146 0.40000000000000002 2 3 16 2000 1.8584073464102069 1.3084807395935059 59 1 1.171 0.89999999999999991
 16 4 492 3 1 3 16 2400 -3.1415926535897931 1.2642002105712891 53 0 0.83299999999999996 0.89999999999999991
 17 4 355 1.2 2 3 20 2200 -3.1415926535897931 1.3226335048675537 53 0 0.88 0.69999999999999996
 18 4 165 0.40000000000000002 2 3 20 2400 -2.1415926535897931 1.541344165802002 53 0 0.94499999999999995 0.79999999999999993
 19 4 315 1.2 1 4 16 2000 0.85840734641020688 1.1668181419372559 53 0 0.91500000000000004 1
 20 4 330 1.2 1 4 20 2200 -2.1415926535897931 0.83115649223327637 53 0 1.0880000000000001 0.89999999999999991
 21 4 222 0.80000000000000004 1 4 16 2200 -1.1415926535897931 0.85248494148254395 53 0 1.194 0.79999999999999993
 22 4 536 3 2 3 16 2200 -0.14159265358979312 1.0511794090270996 53 0 1.1739999999999999 0.89999999999999991
 23 4 157 0.40000000000000002 2 3 20 2000 -2.1415926535897931 3.1494600772857666 53 0 1.177 1
 24 4 327 1.2 1 4 20 2000 0.85840734641020688 1.0276296138763428 53 0 1.0920000000000001 0.69999999999999996
 25 4 445 1.6000000000000001 2 3 20 2000 -0.14159265358979312 1.0198352336883545 53 0 0.81499999999999995 0.89999999999999991
 26 4 55 0 2 3 16 2200 -0.14159265358979312 1.194709300994873 59 1 1.1679999999999999 0.69999999999999996
 27 4 289 1.2 1 3 16 2000 0.85840734641020688 1.207798957824707 53 0 1.0469999999999999 0.79999999999999993
 28 4 372 1.2 2 4 16 2400 0.85840734641020688 1.1069951057434082 53 0 1.052 0.69999999999999996
 29 4 97 0.40000000000000002 1 3 16 2000 -2.1415926535897931 0.89948034286499023 59 1 0.86499999999999999 0.69999999999999996
 30 4 371 1.2 2 4 16 2400 2.8584073464102069 0.98113393783569336 53 0 1.0389999999999999 1
 31 4 18 0 1 3 20 2200 -3.1415926535897931 0.9233701229095459 59 1 0.90900000000000003 0.89999999999999991
 32 4 16 0 1 3 20 2000 1.8584073464102069 0.82846450805664062 59 1 1.0640000000000001 0.89999999999999991
 33 4 499 3 1 3 20 2200 -2.1415926535897931 0.82712697982788086 53 0 1.028 0.79999999999999993
 34 4 443 1.6000000000000001 2 3 16 2400 -1.1415926535897931 0.85592818260192871 53 0 1.0009999999999999 1
 35 4 8 0 1 3 16 2200 -2.1415926535897931 0.87469148635864258 59 1 1.077 0.79999999999999993
 36 4 226 0.80000000000000004 1 4 16 2400 -0.14159265358979312 2.4064319133758545 59 1 0.91100000000000003 1
 37 4 259 0.80000000000000004 2 3 20 2200 1.8584073464102069 1.0406696796417236 53 0 1.1919999999999999 0.89999999999999991
 38 4 168 0.40000000000000002 2 3 20 2400 -3.1415926535897931 0.91728425025939941 53 0 1.0680000000000001 0.89999999999999991
 39 4 195 0.80000000000000004 1 3 16 2000 -2.1415926535897931 1.0134458541870117 53 0 0.875 0.79999999999999993
 40 4 278 0.80000000000000004 2 4 20 2000 1.8584073464102069 1.0393993854522705 53 0 0.98799999999999999 0.79999999999999993
 41 4 164 0.40000000000000002 2 3 20 2200 -0.14159265358979312 0.86549997329711914 53 0 1.1140000000000001 0.69999999999999996
 42 4 513 3 1 4 16 2400 -3.1415926535897931 0.87200713157653809 53 0 0.80400000000000005 0.69999999999999996
 43 4 141 0.40000000000000002 1 4 20 2400 1.8584073464102069 0.91770720481872559 53 0 1.0429999999999999 0.69999999999999996
 44 4 548 3 2 3 20 2200 2.8584073464102069 1.0513184070587158 53 0 0.82199999999999995 0.89999999999999991
 45 4 474 1.6000000000000001 2 4 20 2200 0.85840734641020688 0.94401812553405762 53 0 0.99299999999999999 1
 46 4 412 1.6000000000000001 1 4 16 2000 -1.1415926535897931 1.0204663276672363 53 0 1.107 1
 47 4 374 1.2 2 4 20 2000 2.8584073464102069 0.93738484382629395 53 0 1.1559999999999999 0.69999999999999996
 48 4 101 0.40000000000000002 1 3 16 2200 1.8584073464102069 1.0779621601104736 59 1 1.1799999999999999 0.79999999999999993


# name: resolution
# type: matrix
# rows: 1
# columns: 2
 1366 768


# name: hz
# type: scalar
60


# name: pc
# type: sq_string
# elements: 1
# length: 21
gregor-Latitude-E6320


# name: experiment
# type: sq_string
# elements: 1
# length: 4
RFPb


# name: isOctave
# type: bool
1




