# Created by Octave 5.2.0, Thu Mar 31 11:29:51 2022 CEST <student@gregor-Latitude-E6320>
# name: RFP
# type: scalar struct
# ndims: 2
 1 1
# length: 10
# name: vp
# type: sq_string
# elements: 1
# length: 3
V09


# name: mapping
# type: scalar
2


# name: date
# type: sq_string
# elements: 1
# length: 15
20220331T112815


# name: block
# type: scalar
8


# name: outmat
# type: matrix
# rows: 48
# columns: 14
 1 8 381 1.2 2 4 20 2400 2.8584073464102069 0.94344806671142578 53 0 1.0569999999999999 0.69999999999999996
 2 8 202 0.80000000000000004 1 3 16 2400 -2.1415926535897931 2.6468865871429443 59 1 0.80800000000000005 0.79999999999999993
 3 8 288 0.80000000000000004 2 4 20 2400 -1.1415926535897931 0.86977815628051758 53 0 1.0760000000000001 1
 4 8 516 3 1 4 16 2400 -3.1415926535897931 0.8585822582244873 53 0 0.95399999999999996 0.89999999999999991
 5 8 428 1.6000000000000001 1 4 20 2200 -3.1415926535897931 0.96094202995300293 53 0 0.81000000000000005 1
 6 8 161 0.40000000000000002 2 3 20 2200 -1.1415926535897931 0.9248967170715332 53 0 0.85499999999999998 0.69999999999999996
 7 8 290 1.2 1 3 16 2000 2.8584073464102069 0.96144819259643555 53 0 1.1919999999999999 0.79999999999999993
 8 8 47 0 1 4 20 2400 1.8584073464102069 0.92898321151733398 59 1 0.99399999999999999 0.69999999999999996
 9 8 216 0.80000000000000004 1 3 20 2400 -3.1415926535897931 0.96106195449829102 53 0 1.137 0.89999999999999991
 10 8 90 0 2 4 20 2200 -0.14159265358979312 0.84984397888183594 59 1 0.98299999999999998 1
 11 8 326 1.2 1 4 20 2000 2.8584073464102069 0.8563230037689209 53 0 0.89700000000000002 1
 12 8 533 3 2 3 16 2200 -2.1415926535897931 1.0056121349334717 53 0 0.84399999999999997 0.89999999999999991
 13 8 21 0 1 3 20 2400 1.8584073464102069 0.92615985870361328 53 0 0.81899999999999995 0.69999999999999996
 14 8 575 3 2 4 20 2400 -1.1415926535897931 0.92680668830871582 53 0 0.879 1
 15 8 201 0.80000000000000004 1 3 16 2400 1.8584073464102069 0.91727328300476074 53 0 1.167 0.89999999999999991
 16 8 325 1.2 1 4 20 2000 -3.1415926535897931 0.98191380500793457 53 0 1.1699999999999999 1
 17 8 525 3 1 4 20 2400 -1.1415926535897931 0.95994043350219727 53 0 1.0289999999999999 0.69999999999999996
 18 8 89 0 2 4 20 2200 -1.1415926535897931 0.85653114318847656 59 1 1.1000000000000001 0.79999999999999993
 19 8 11 0 1 3 16 2400 1.8584073464102069 0.86580252647399902 59 1 0.96299999999999997 0.79999999999999993
 20 8 314 1.2 1 4 16 2000 -1.1415926535897931 1.0017979145050049 53 0 0.80500000000000005 0.89999999999999991
 21 8 560 3 2 4 16 2200 0.85840734641020688 0.90339040756225586 53 0 0.90000000000000002 0.79999999999999993
 22 8 352 1.2 2 3 20 2000 0.85840734641020688 0.88429355621337891 53 0 0.96299999999999997 1
 23 8 276 0.80000000000000004 2 4 16 2400 1.8584073464102069 1.2714426517486572 59 1 1.163 0.79999999999999993
 24 8 545 3 2 3 20 2200 1.8584073464102069 0.88752532005310059 53 0 0.86399999999999999 0.79999999999999993
 25 8 209 0.80000000000000004 1 3 20 2200 -1.1415926535897931 1.0176563262939453 53 0 0.96699999999999997 0.79999999999999993
 26 8 361 1.2 2 4 16 2000 -0.14159265358979312 1.5792286396026611 53 0 0.92300000000000004 0.79999999999999993
 27 8 223 0.80000000000000004 1 4 16 2200 -0.14159265358979312 0.98007583618164062 53 0 0.94499999999999995 0.89999999999999991
 28 8 410 1.6000000000000001 1 4 16 2000 -1.1415926535897931 0.81794142723083496 53 0 1.1639999999999999 0.69999999999999996
 29 8 20 0 1 3 20 2200 -3.1415926535897931 0.97290277481079102 53 0 0.80000000000000004 0.79999999999999993
 30 8 5 0 1 3 16 2200 -0.14159265358979312 0.91778135299682617 59 1 0.873 1
 31 8 72 0 2 3 20 2400 2.8584073464102069 0.97368645668029785 59 1 1.0840000000000001 1
 32 8 239 0.80000000000000004 1 4 20 2400 0.85840734641020688 1.5332388877868652 53 0 1.1679999999999999 0.79999999999999993
 33 8 238 0.80000000000000004 1 4 20 2400 0.85840734641020688 0.87363886833190918 53 0 0.85099999999999998 0.69999999999999996
 34 8 574 3 2 4 20 2400 1.8584073464102069 0.96139192581176758 53 0 0.89600000000000002 0.89999999999999991
 35 8 465 1.6000000000000001 2 4 16 2400 1.8584073464102069 1.0449721813201904 53 0 1.1739999999999999 0.79999999999999993
 36 8 368 1.2 2 4 16 2200 -1.1415926535897931 0.82867646217346191 53 0 0.88600000000000001 1
 37 8 530 3 2 3 16 2000 1.8584073464102069 0.8338310718536377 53 0 0.97799999999999998 0.89999999999999991
 38 8 7 0 1 3 16 2200 1.8584073464102069 0.82842803001403809 59 1 1.1870000000000001 0.69999999999999996
 39 8 519 3 1 4 20 2000 1.8584073464102069 0.93083906173706055 53 0 1.0209999999999999 0.69999999999999996
 40 8 401 1.6000000000000001 1 3 20 2200 -1.1415926535897931 1.0010559558868408 53 0 1.0580000000000001 0.89999999999999991
 41 8 207 0.80000000000000004 1 3 20 2000 0.85840734641020688 0.88544940948486328 53 0 1.1699999999999999 1
 42 8 537 3 2 3 16 2400 -2.1415926535897931 0.93509435653686523 53 0 0.81999999999999995 0.69999999999999996
 43 8 144 0.40000000000000002 1 4 20 2400 0.85840734641020688 1.0063338279724121 53 0 1.194 1
 44 8 356 1.2 2 3 20 2200 -2.1415926535897931 0.9157569408416748 53 0 1.105 1
 45 8 467 1.6000000000000001 2 4 16 2400 2.8584073464102069 0.95897030830383301 53 0 0.877 1
 46 8 310 1.2 1 3 20 2400 0.85840734641020688 0.83810329437255859 53 0 0.94799999999999995 0.89999999999999991
 47 8 181 0.40000000000000002 2 4 20 2000 1.8584073464102069 0.99533295631408691 53 0 0.85599999999999998 0.79999999999999993
 48 8 296 1.2 1 3 16 2200 1.8584073464102069 0.99660372734069824 53 0 1.0620000000000001 0.79999999999999993


# name: resolution
# type: matrix
# rows: 1
# columns: 2
 1366 768


# name: hz
# type: scalar
60


# name: pc
# type: sq_string
# elements: 1
# length: 21
gregor-Latitude-E6320


# name: experiment
# type: sq_string
# elements: 1
# length: 4
RFPb


# name: isOctave
# type: bool
1




