# Created by Octave 5.2.0, Thu Mar 31 13:00:38 2022 CEST <student@gregor-Latitude-E6320>
# name: RFP
# type: scalar struct
# ndims: 2
 1 1
# length: 10
# name: vp
# type: sq_string
# elements: 1
# length: 3
V10


# name: mapping
# type: scalar
2


# name: date
# type: sq_string
# elements: 1
# length: 15
20220331T125847


# name: block
# type: scalar
9


# name: outmat
# type: matrix
# rows: 48
# columns: 14
 1 9 526 3 1 4 20 2400 0.85840734641020688 1.2852151393890381 59 1 0.93500000000000005 0.79999999999999993
 2 9 221 0.80000000000000004 1 4 16 2200 1.8584073464102069 1.6458084583282471 59 1 0.96099999999999997 0.79999999999999993
 3 9 543 3 2 3 20 2000 1.8584073464102069 3.4332308769226074 53 0 1.115 0.69999999999999996
 4 9 130 0.40000000000000002 1 4 16 2400 2.8584073464102069 0.91731691360473633 59 1 1.083 0.69999999999999996
 5 9 86 0 2 4 20 2000 0.85840734641020688 1.2769114971160889 59 1 1.03 0.89999999999999991
 6 9 537 3 2 3 16 2400 -2.1415926535897931 0.83211421966552734 53 0 1.0409999999999999 0.69999999999999996
 7 9 350 1.2 2 3 20 2000 -0.14159265358979312 1.1055648326873779 53 0 0.82599999999999996 0.79999999999999993
 8 9 548 3 2 3 20 2200 2.8584073464102069 1.1435961723327637 53 0 0.80900000000000005 1
 9 9 344 1.2 2 3 16 2200 0.85840734641020688 1.0959537029266357 53 0 0.871 1
 10 9 475 1.6000000000000001 2 4 20 2200 -3.1415926535897931 1.1206474304199219 59 1 0.92300000000000004 0.79999999999999993
 11 9 267 0.80000000000000004 2 4 16 2000 -1.1415926535897931 1.2710335254669189 59 1 1.1279999999999999 1
 12 9 353 1.2 2 3 20 2200 0.85840734641020688 1.0919208526611328 53 0 0.89900000000000002 0.89999999999999991
 13 9 424 1.6000000000000001 1 4 20 2000 0.85840734641020688 1.6992142200469971 59 1 1.0509999999999999 1
 14 9 544 3 2 3 20 2000 2.8584073464102069 1.1209273338317871 53 0 1.1639999999999999 0.89999999999999991
 15 9 457 1.6000000000000001 2 4 16 2000 -3.1415926535897931 0.97904014587402344 59 1 1.155 0.79999999999999993
 16 9 236 0.80000000000000004 1 4 20 2200 -3.1415926535897931 1.0764715671539307 59 1 1.1970000000000001 0.79999999999999993
 17 9 486 3 1 3 16 2200 1.8584073464102069 2.3714151382446289 53 0 0.96899999999999997 1
 18 9 392 1.6000000000000001 1 3 16 2200 -2.1415926535897931 1.2934432029724121 53 0 1.0169999999999999 0.69999999999999996
 19 9 478 1.6000000000000001 2 4 20 2400 1.8584073464102069 1.2375626564025879 59 1 1.089 0.79999999999999993
 20 9 206 0.80000000000000004 1 3 20 2000 0.85840734641020688 1.3637452125549316 53 0 1.054 0.69999999999999996
 21 9 337 1.2 2 3 16 2000 -2.1415926535897931 1.0888020992279053 53 0 1.052 0.89999999999999991
 22 9 567 3 2 4 20 2000 -3.1415926535897931 1.0802161693572998 59 1 0.83799999999999997 0.79999999999999993
 23 9 256 0.80000000000000004 2 3 20 2000 -1.1415926535897931 1.2253530025482178 53 0 1.0649999999999999 0.89999999999999991
 24 9 254 0.80000000000000004 2 3 20 2000 0.85840734641020688 1.1631650924682617 53 0 1.1499999999999999 0.69999999999999996
 25 9 310 1.2 1 3 20 2400 0.85840734641020688 1.2666084766387939 53 0 1.1519999999999999 0.79999999999999993
 26 9 348 1.2 2 3 16 2400 0.85840734641020688 1.1710450649261475 53 0 0.91500000000000004 0.69999999999999996
 27 9 557 3 2 4 16 2200 -2.1415926535897931 1.0609140396118164 59 1 1.0760000000000001 0.69999999999999996
 28 9 489 3 1 3 16 2400 2.8584073464102069 0.88098263740539551 53 0 1.034 1
 29 9 146 0.40000000000000002 2 3 16 2000 -2.1415926535897931 1.9211695194244385 53 0 0.93300000000000005 0.69999999999999996
 30 9 420 1.6000000000000001 1 4 16 2400 1.8584073464102069 1.9493198394775391 59 1 1.087 0.89999999999999991
 31 9 191 0.40000000000000002 2 4 20 2400 -1.1415926535897931 1.2677004337310791 59 1 1.026 1
 32 9 368 1.2 2 4 16 2200 -3.1415926535897931 1.0401248931884766 59 1 0.89400000000000002 1
 33 9 323 1.2 1 4 16 2400 1.8584073464102069 1.7256553173065186 59 1 1.0149999999999999 0.69999999999999996
 34 9 352 1.2 2 3 20 2000 1.8584073464102069 1.0783789157867432 53 0 0.96899999999999997 0.89999999999999991
 35 9 436 1.6000000000000001 2 3 16 2000 -3.1415926535897931 1.0211615562438965 53 0 1.056 0.69999999999999996
 36 9 569 3 2 4 20 2200 2.8584073464102069 1.0497567653656006 59 1 0.83399999999999996 0.89999999999999991
 37 9 81 0 2 4 16 2400 -0.14159265358979312 1.1291823387145996 59 1 0.84399999999999997 0.79999999999999993
 38 9 371 1.2 2 4 16 2400 -1.1415926535897931 1.3439795970916748 53 0 1.1100000000000001 0.69999999999999996
 39 9 542 3 2 3 20 2000 -1.1415926535897931 1.1257619857788086 53 0 1.1579999999999999 1
 40 9 190 0.40000000000000002 2 4 20 2400 0.85840734641020688 1.3322687149047852 53 0 0.95599999999999996 0.79999999999999993
 41 9 129 0.40000000000000002 1 4 16 2400 0.85840734641020688 0.83347678184509277 59 1 0.96399999999999997 1
 42 9 288 0.80000000000000004 2 4 20 2400 -2.1415926535897931 1.3540027141571045 59 1 1.093 0.69999999999999996
 43 9 72 0 2 3 20 2400 -3.1415926535897931 1.0365829467773438 53 0 0.82299999999999995 0.89999999999999991
 44 9 564 3 2 4 16 2400 -0.14159265358979312 1.4013102054595947 53 0 0.98399999999999999 1
 45 9 524 3 1 4 20 2200 1.8584073464102069 0.99160027503967285 59 1 1.1779999999999999 1
 46 9 176 0.40000000000000002 2 4 16 2200 -3.1415926535897931 1.2852067947387695 59 1 1.0860000000000001 0.79999999999999993
 47 9 31 0 1 4 16 2200 -3.1415926535897931 0.87220501899719238 59 1 0.81200000000000006 0.79999999999999993
 48 9 390 1.6000000000000001 1 3 16 2200 0.85840734641020688 0.99274158477783203 53 0 1.0469999999999999 1


# name: resolution
# type: matrix
# rows: 1
# columns: 2
 1366 768


# name: hz
# type: scalar
60


# name: pc
# type: sq_string
# elements: 1
# length: 21
gregor-Latitude-E6320


# name: experiment
# type: sq_string
# elements: 1
# length: 4
RFPb


# name: isOctave
# type: bool
1




