# Created by Octave 5.2.0, Thu Mar 31 13:05:00 2022 CEST <student@gregor-Latitude-E6320>
# name: RFP
# type: scalar struct
# ndims: 2
 1 1
# length: 10
# name: vp
# type: sq_string
# elements: 1
# length: 3
V10


# name: mapping
# type: scalar
2


# name: date
# type: sq_string
# elements: 1
# length: 15
20220331T130310


# name: block
# type: scalar
11


# name: outmat
# type: matrix
# rows: 48
# columns: 14
 1 11 116 0.40000000000000002 1 3 20 2200 1.8584073464102069 0.84158420562744141 53 0 0.98599999999999999 0.89999999999999991
 2 11 60 0 2 3 16 2400 0.85840734641020688 0.96056723594665527 59 1 0.84999999999999998 0.69999999999999996
 3 11 459 1.6000000000000001 2 4 16 2000 1.8584073464102069 1.950225830078125 59 1 0.875 0.89999999999999991
 4 11 418 1.6000000000000001 1 4 16 2400 2.8584073464102069 1.4576563835144043 53 0 1.2 0.69999999999999996
 5 11 89 0 2 4 20 2200 2.8584073464102069 1.2408113479614258 53 0 0.97999999999999998 1
 6 11 517 3 1 4 20 2000 -2.1415926535897931 1.1059665679931641 53 0 0.93999999999999995 0.89999999999999991
 7 11 531 3 2 3 16 2000 1.8584073464102069 1.1177313327789307 53 0 0.93200000000000005 0.69999999999999996
 8 11 547 3 2 3 20 2200 -3.1415926535897931 1.1691484451293945 53 0 0.92800000000000005 0.69999999999999996
 9 11 522 3 1 4 20 2200 1.8584073464102069 1.4191520214080811 53 0 0.872 0.69999999999999996
 10 11 62 0 2 3 20 2000 0.85840734641020688 1.2309179306030273 59 1 1.0029999999999999 0.89999999999999991
 11 11 546 3 2 3 20 2200 2.8584073464102069 1.7050824165344238 59 1 0.88400000000000001 1
 12 11 512 3 1 4 16 2200 0.85840734641020688 1.2931010723114014 53 0 1.1259999999999999 1
 13 11 118 0.40000000000000002 1 3 20 2400 1.8584073464102069 0.87882161140441895 53 0 0.83999999999999997 1
 14 11 8 0 1 3 16 2200 -1.1415926535897931 0.83590960502624512 59 1 0.878 0.69999999999999996
 15 11 374 1.2 2 4 20 2000 1.8584073464102069 1.2200491428375244 53 0 0.99199999999999999 0.89999999999999991
 16 11 90 0 2 4 20 2200 -1.1415926535897931 1.1445071697235107 59 1 0.84999999999999998 1
 17 11 435 1.6000000000000001 2 3 16 2000 0.85840734641020688 1.2853896617889404 53 0 0.90800000000000003 0.79999999999999993
 18 11 24 0 1 3 20 2400 -0.14159265358979312 1.2168569564819336 53 0 0.88100000000000001 0.69999999999999996
 19 11 234 0.80000000000000004 1 4 20 2200 1.8584073464102069 1.0198371410369873 59 1 1.1279999999999999 0.89999999999999991
 20 11 148 0.40000000000000002 2 3 16 2000 -0.14159265358979312 1.6168453693389893 53 0 0.81899999999999995 0.89999999999999991
 21 11 383 1.2 2 4 20 2400 -1.1415926535897931 1.2058725357055664 53 0 1.1220000000000001 0.79999999999999993
 22 11 257 0.80000000000000004 2 3 20 2200 -0.14159265358979312 1.3117935657501221 53 0 1.052 0.69999999999999996
 23 11 210 0.80000000000000004 1 3 20 2200 -3.1415926535897931 1.0863666534423828 53 0 0.88700000000000001 0.69999999999999996
 24 11 51 0 2 3 16 2000 -2.1415926535897931 1.310100793838501 53 0 1.151 0.69999999999999996
 25 11 92 0 2 4 20 2200 0.85840734641020688 1.3322234153747559 59 1 1.0669999999999999 0.69999999999999996
 26 11 172 0.40000000000000002 2 4 16 2000 -0.14159265358979312 1.2023656368255615 59 1 1.1519999999999999 0.79999999999999993
 27 11 330 1.2 1 4 20 2200 -0.14159265358979312 1.4205441474914551 59 1 0.98599999999999999 0.79999999999999993
 28 11 202 0.80000000000000004 1 3 16 2400 -2.1415926535897931 1.0822765827178955 53 0 0.871 0.69999999999999996
 29 11 453 1.6000000000000001 2 3 20 2400 -2.1415926535897931 0.99491381645202637 53 0 0.86299999999999999 0.69999999999999996
 30 11 431 1.6000000000000001 1 4 20 2400 2.8584073464102069 1.4377651214599609 59 1 0.82199999999999995 0.89999999999999991
 31 11 306 1.2 1 3 20 2200 -2.1415926535897931 1.0441083908081055 53 0 1.0880000000000001 0.89999999999999991
 32 11 444 1.6000000000000001 2 3 16 2400 1.8584073464102069 1.2701365947723389 53 0 0.89000000000000001 1
 33 11 340 1.2 2 3 16 2000 -2.1415926535897931 1.0459275245666504 53 0 0.91100000000000003 0.89999999999999991
 34 11 121 0.40000000000000002 1 4 16 2000 -1.1415926535897931 1.1769633293151855 59 1 0.91000000000000003 0.89999999999999991
 35 11 301 1.2 1 3 20 2000 -1.1415926535897931 1.0754609107971191 53 0 0.88 1
 36 11 286 0.80000000000000004 2 4 20 2400 -1.1415926535897931 1.2263355255126953 59 1 1.0820000000000001 0.89999999999999991
 37 11 387 1.6000000000000001 1 3 16 2000 1.8584073464102069 1.2492239475250244 53 0 1.1759999999999999 0.69999999999999996
 38 11 477 1.6000000000000001 2 4 20 2400 1.8584073464102069 1.6324818134307861 59 1 0.995 1
 39 11 279 0.80000000000000004 2 4 20 2000 0.85840734641020688 1.8451707363128662 59 1 1.099 1
 40 11 571 3 2 4 20 2200 -2.1415926535897931 1.0168564319610596 53 0 1.139 0.69999999999999996
 41 11 266 0.80000000000000004 2 4 16 2000 -1.1415926535897931 1.6727523803710938 53 0 0.99099999999999999 0.79999999999999993
 42 11 566 3 2 4 20 2000 0.85840734641020688 3.2622480392456055 53 0 1.175 0.89999999999999991
 43 11 102 0.40000000000000002 1 3 16 2200 -3.1415926535897931 1.1809244155883789 53 0 0.999 0.79999999999999993
 44 11 563 3 2 4 16 2400 -2.1415926535897931 1.2276887893676758 53 0 1.1639999999999999 0.79999999999999993
 45 11 484 3 1 3 16 2000 -0.14159265358979312 1.4056663513183594 53 0 1.1080000000000001 1
 46 11 318 1.2 1 4 16 2200 2.8584073464102069 1.1291308403015137 59 1 1.1970000000000001 1
 47 11 247 0.80000000000000004 2 3 16 2200 -0.14159265358979312 0.82730698585510254 53 0 1.1120000000000001 0.69999999999999996
 48 11 180 0.40000000000000002 2 4 16 2400 1.8584073464102069 0.86070656776428223 59 1 1.0629999999999999 1


# name: resolution
# type: matrix
# rows: 1
# columns: 2
 1366 768


# name: hz
# type: scalar
60


# name: pc
# type: sq_string
# elements: 1
# length: 21
gregor-Latitude-E6320


# name: experiment
# type: sq_string
# elements: 1
# length: 4
RFPb


# name: isOctave
# type: bool
1




