# Created by Octave 5.2.0, Thu Mar 31 13:06:53 2022 CEST <student@gregor-Latitude-E6320>
# name: RFP
# type: scalar struct
# ndims: 2
 1 1
# length: 10
# name: vp
# type: sq_string
# elements: 1
# length: 3
V10


# name: mapping
# type: scalar
2


# name: date
# type: sq_string
# elements: 1
# length: 15
20220331T130502


# name: block
# type: scalar
12


# name: outmat
# type: matrix
# rows: 48
# columns: 14
 1 12 417 1.6000000000000001 1 4 16 2400 -1.1415926535897931 0.91612577438354492 53 0 1.0189999999999999 0.79999999999999993
 2 12 345 1.2 2 3 16 2400 0.85840734641020688 1.0932698249816895 53 0 1.0629999999999999 0.89999999999999991
 3 12 463 1.6000000000000001 2 4 16 2200 1.8584073464102069 1.0739493370056152 59 1 1 0.89999999999999991
 4 12 497 3 1 3 20 2200 -1.1415926535897931 2.9748075008392334 53 0 0.91600000000000004 0.79999999999999993
 5 12 197 0.80000000000000004 1 3 16 2200 -0.14159265358979312 1.0586986541748047 53 0 0.90000000000000002 0.79999999999999993
 6 12 21 0 1 3 20 2400 -3.1415926535897931 1.1133606433868408 53 0 0.99199999999999999 0.89999999999999991
 7 12 47 0 1 4 20 2400 2.8584073464102069 0.90557980537414551 59 1 1.014 0.69999999999999996
 8 12 336 1.2 1 4 20 2400 2.8584073464102069 1.4570341110229492 59 1 1.125 1
 9 12 523 3 1 4 20 2200 -0.14159265358979312 1.1243703365325928 59 1 1.1180000000000001 0.79999999999999993
 10 12 84 0 2 4 16 2400 -0.14159265358979312 0.95533275604248047 59 1 1.038 0.79999999999999993
 11 12 9 0 1 3 16 2400 0.85840734641020688 0.96677517890930176 53 0 1.1870000000000001 0.69999999999999996
 12 12 317 1.2 1 4 16 2200 1.8584073464102069 1.3544418811798096 59 1 0.98799999999999999 1
 13 12 440 1.6000000000000001 2 3 16 2200 1.8584073464102069 1.1353931427001953 53 0 1.0209999999999999 1
 14 12 441 1.6000000000000001 2 3 16 2400 -2.1415926535897931 1.1556718349456787 53 0 0.98599999999999999 0.69999999999999996
 15 12 275 0.80000000000000004 2 4 16 2400 2.8584073464102069 1.156064510345459 59 1 0.82599999999999996 0.69999999999999996
 16 12 372 1.2 2 4 16 2400 -3.1415926535897931 1.1641623973846436 59 1 0.91500000000000004 0.69999999999999996
 17 12 451 1.6000000000000001 2 3 20 2200 -0.14159265358979312 1.1020889282226562 53 0 0.96499999999999997 0.89999999999999991
 18 12 528 3 1 4 20 2400 -0.14159265358979312 1.0962536334991455 59 1 0.96499999999999997 0.89999999999999991
 19 12 177 0.40000000000000002 2 4 16 2400 -2.1415926535897931 0.91169857978820801 59 1 1.095 1
 20 12 458 1.6000000000000001 2 4 16 2000 -0.14159265358979312 0.82353377342224121 59 1 1.1559999999999999 1
 21 12 291 1.2 1 3 16 2000 -2.1415926535897931 1.1095919609069824 53 0 1.125 0.79999999999999993
 22 12 157 0.40000000000000002 2 3 20 2000 -2.1415926535897931 1.1856493949890137 53 0 0.86099999999999999 0.89999999999999991
 23 12 527 3 1 4 20 2400 -1.1415926535897931 1.1171789169311523 59 1 1.004 0.69999999999999996
 24 12 75 0 2 4 16 2000 1.8584073464102069 1.1411387920379639 59 1 1.113 0.69999999999999996
 25 12 325 1.2 1 4 20 2000 -0.14159265358979312 0.83313655853271484 59 1 0.95599999999999996 0.79999999999999993
 26 12 559 3 2 4 16 2200 0.85840734641020688 2.8080015182495117 59 1 0.98399999999999999 0.69999999999999996
 27 12 36 0 1 4 16 2400 0.85840734641020688 0.89214634895324707 59 1 0.90500000000000003 1
 28 12 396 1.6000000000000001 1 3 16 2400 2.8584073464102069 0.98386526107788086 53 0 0.80300000000000005 1
 29 12 430 1.6000000000000001 1 4 20 2400 -0.14159265358979312 1.2410063743591309 53 0 1.1919999999999999 0.89999999999999991
 30 12 316 1.2 1 4 16 2000 0.85840734641020688 1.0280153751373291 53 0 0.94799999999999995 0.89999999999999991
 31 12 68 0 2 3 20 2200 -2.1415926535897931 1.3735582828521729 53 0 1.0940000000000001 0.79999999999999993
 32 12 328 1.2 1 4 20 2000 0.85840734641020688 1.7725968360900879 59 1 0.90000000000000002 1
 33 12 203 0.80000000000000004 1 3 16 2400 -1.1415926535897931 1.4550836086273193 53 0 1 1
 34 12 35 0 1 4 16 2400 -3.1415926535897931 3.3396027088165283 53 0 0.96999999999999997 0.79999999999999993
 35 12 298 1.2 1 3 16 2400 2.8584073464102069 1.1662063598632812 53 0 0.97499999999999998 1
 36 12 295 1.2 1 3 16 2200 -2.1415926535897931 1.3054447174072266 53 0 1.194 1
 37 12 69 0 2 3 20 2400 0.85840734641020688 1.3535780906677246 53 0 1.016 0.89999999999999991
 38 12 470 1.6000000000000001 2 4 20 2000 -1.1415926535897931 1.0378959178924561 59 1 0.93899999999999995 0.79999999999999993
 39 12 74 0 2 4 16 2000 -1.1415926535897931 1.1350476741790771 59 1 0.98599999999999999 0.79999999999999993
 40 12 17 0 1 3 20 2200 -3.1415926535897931 1.1089763641357422 53 0 0.97299999999999998 1
 41 12 287 0.80000000000000004 2 4 20 2400 2.8584073464102069 1.9301309585571289 59 1 1.1060000000000001 1
 42 12 91 0 2 4 20 2200 -2.1415926535897931 1.0084586143493652 59 1 1.002 0.79999999999999993
 43 12 574 3 2 4 20 2400 -2.1415926535897931 1.350433349609375 59 1 1.036 0.69999999999999996
 44 12 462 1.6000000000000001 2 4 16 2200 2.8584073464102069 1.097914457321167 59 1 1.1919999999999999 0.79999999999999993
 45 12 28 0 1 4 16 2000 -3.1415926535897931 1.4219579696655273 59 1 0.997 0.69999999999999996
 46 12 126 0.40000000000000002 1 4 16 2200 0.85840734641020688 0.96748256683349609 59 1 0.85199999999999998 1
 47 12 570 3 2 4 20 2200 -3.1415926535897931 1.2016880512237549 59 1 1.0620000000000001 0.79999999999999993
 48 12 380 1.2 2 4 20 2200 -0.14159265358979312 0.95696091651916504 59 1 0.94699999999999995 1


# name: resolution
# type: matrix
# rows: 1
# columns: 2
 1366 768


# name: hz
# type: scalar
60


# name: pc
# type: sq_string
# elements: 1
# length: 21
gregor-Latitude-E6320


# name: experiment
# type: sq_string
# elements: 1
# length: 4
RFPb


# name: isOctave
# type: bool
1




