# Created by Octave 5.2.0, Thu Mar 31 12:43:55 2022 CEST <student@gregor-Latitude-E6320>
# name: RFP
# type: scalar struct
# ndims: 2
 1 1
# length: 10
# name: vp
# type: sq_string
# elements: 1
# length: 3
V10


# name: mapping
# type: scalar
2


# name: date
# type: sq_string
# elements: 1
# length: 15
20220331T124200


# name: block
# type: scalar
1


# name: outmat
# type: matrix
# rows: 48
# columns: 14
 1 1 19 0 1 3 20 2200 -0.14159265358979312 1.874800443649292 53 0 0.95399999999999996 0.89999999999999991
 2 1 346 1.2 2 3 16 2400 -2.1415926535897931 2.0234527587890625 59 1 1.181 0.89999999999999991
 3 1 296 1.2 1 3 16 2200 -0.14159265358979312 1.2202785015106201 53 0 1.0609999999999999 0.69999999999999996
 4 1 124 0.40000000000000002 1 4 16 2000 -2.1415926535897931 1.0959203243255615 59 1 0.99099999999999999 1
 5 1 170 0.40000000000000002 2 4 16 2000 1.8584073464102069 1.0036613941192627 59 1 0.83399999999999996 1
 6 1 415 1.6000000000000001 1 4 16 2200 1.8584073464102069 1.2202198505401611 59 1 0.83499999999999996 0.69999999999999996
 7 1 188 0.40000000000000002 2 4 20 2200 0.85840734641020688 1.4773931503295898 59 1 0.94599999999999995 1
 8 1 434 1.6000000000000001 2 3 16 2000 -3.1415926535897931 1.8025264739990234 53 0 0.98299999999999998 1
 9 1 277 0.80000000000000004 2 4 20 2000 1.8584073464102069 1.1989436149597168 59 1 0.85099999999999998 0.79999999999999993
 10 1 553 3 2 4 16 2000 0.85840734641020688 1.3376619815826416 59 1 0.82999999999999996 0.89999999999999991
 11 1 331 1.2 1 4 20 2200 -3.1415926535897931 1.1623356342315674 53 0 0.94199999999999995 0.89999999999999991
 12 1 245 0.80000000000000004 2 3 16 2200 -3.1415926535897931 0.97458910942077637 53 0 0.81599999999999995 1
 13 1 540 3 2 3 16 2400 -0.14159265358979312 1.0833914279937744 53 0 1.01 0.89999999999999991
 14 1 194 0.80000000000000004 1 3 16 2000 0.85840734641020688 0.92538118362426758 53 0 1.0469999999999999 1
 15 1 63 0 2 3 20 2000 -0.14159265358979312 1.52284836769104 53 0 0.85199999999999998 0.69999999999999996
 16 1 58 0 2 3 16 2400 -0.14159265358979312 1.4474391937255859 53 0 0.94299999999999995 1
 17 1 133 0.40000000000000002 1 4 20 2000 -1.1415926535897931 1.6290233135223389 59 1 0.92400000000000004 1
 18 1 101 0.40000000000000002 1 3 16 2200 -1.1415926535897931 1.3968360424041748 59 1 0.84099999999999997 0.89999999999999991
 19 1 233 0.80000000000000004 1 4 20 2200 -2.1415926535897931 1.0761933326721191 59 1 0.95499999999999996 0.79999999999999993
 20 1 560 3 2 4 16 2200 -1.1415926535897931 1.2123472690582275 59 1 1.04 1
 21 1 490 3 1 3 16 2400 -3.1415926535897931 1.0332338809967041 53 0 1.04 1
 22 1 335 1.2 1 4 20 2400 0.85840734641020688 1.0472071170806885 53 0 1.05 1
 23 1 37 0 1 4 20 2000 -1.1415926535897931 1.057858943939209 53 0 0.92400000000000004 0.79999999999999993
 24 1 427 1.6000000000000001 1 4 20 2200 -1.1415926535897931 1.194439172744751 59 1 1.105 0.69999999999999996
 25 1 297 1.2 1 3 16 2400 1.8584073464102069 5.7481186389923096 59 1 0.86899999999999999 0.89999999999999991
 26 1 367 1.2 2 4 16 2200 -0.14159265358979312 1.0795793533325195 53 0 0.91900000000000004 0.69999999999999996
 27 1 18 0 1 3 20 2200 -2.1415926535897931 1.0909695625305176 53 0 1.1080000000000001 1
 28 1 269 0.80000000000000004 2 4 16 2200 -3.1415926535897931 1.485926628112793 53 0 1.1499999999999999 1
 29 1 104 0.40000000000000002 1 3 16 2200 0.85840734641020688 1.3393447399139404 59 1 0.85199999999999998 1
 30 1 5 0 1 3 16 2200 -3.1415926535897931 1.3293263912200928 53 0 0.94299999999999995 1
 31 1 98 0.40000000000000002 1 3 16 2000 -2.1415926535897931 1.6183536052703857 53 0 1.0940000000000001 0.89999999999999991
 32 1 312 1.2 1 3 20 2400 -1.1415926535897931 1.1517870426177979 53 0 1.177 0.79999999999999993
 33 1 205 0.80000000000000004 1 3 20 2000 -0.14159265358979312 1.1475138664245605 53 0 1.1519999999999999 1
 34 1 338 1.2 2 3 16 2000 1.8584073464102069 1.4528484344482422 53 0 0.90100000000000002 0.79999999999999993
 35 1 456 1.6000000000000001 2 3 20 2400 2.8584073464102069 1.4021649360656738 53 0 1.1719999999999999 0.89999999999999991
 36 1 361 1.2 2 4 16 2000 1.8584073464102069 0.9504706859588623 59 1 0.874 0.89999999999999991
 37 1 149 0.40000000000000002 2 3 16 2200 -2.1415926535897931 0.98108148574829102 53 0 1.0629999999999999 0.79999999999999993
 38 1 108 0.40000000000000002 1 3 16 2400 -0.14159265358979312 1.1115603446960449 53 0 1.0620000000000001 0.79999999999999993
 39 1 329 1.2 1 4 20 2200 1.8584073464102069 1.1255557537078857 59 1 1.194 1
 40 1 421 1.6000000000000001 1 4 20 2000 -1.1415926535897931 1.2665243148803711 59 1 1.034 0.79999999999999993
 41 1 161 0.40000000000000002 2 3 20 2200 0.85840734641020688 0.90974211692810059 53 0 1.1419999999999999 0.89999999999999991
 42 1 521 3 1 4 20 2200 -3.1415926535897931 0.83256745338439941 59 1 0.96199999999999997 0.89999999999999991
 43 1 556 3 2 4 16 2000 -3.1415926535897931 0.8471226692199707 59 1 1.1439999999999999 1
 44 1 107 0.40000000000000002 1 3 16 2400 0.85840734641020688 1.2944903373718262 59 1 0.93200000000000005 0.89999999999999991
 45 1 327 1.2 1 4 20 2000 1.8584073464102069 1.0147538185119629 59 1 1.161 0.69999999999999996
 46 1 324 1.2 1 4 16 2400 1.8584073464102069 3.1385853290557861 59 1 1.1890000000000001 1
 47 1 278 0.80000000000000004 2 4 20 2000 2.8584073464102069 1.107769250869751 53 0 0.88800000000000001 0.89999999999999991
 48 1 280 0.80000000000000004 2 4 20 2000 -0.14159265358979312 0.88355612754821777 59 1 1.008 0.69999999999999996


# name: resolution
# type: matrix
# rows: 1
# columns: 2
 1366 768


# name: hz
# type: scalar
60


# name: pc
# type: sq_string
# elements: 1
# length: 21
gregor-Latitude-E6320


# name: experiment
# type: sq_string
# elements: 1
# length: 4
RFPb


# name: isOctave
# type: bool
1




