# Created by Octave 5.2.0, Thu Mar 31 12:52:04 2022 CEST <student@gregor-Latitude-E6320>
# name: RFP
# type: scalar struct
# ndims: 2
 1 1
# length: 10
# name: vp
# type: sq_string
# elements: 1
# length: 3
V10


# name: mapping
# type: scalar
2


# name: date
# type: sq_string
# elements: 1
# length: 15
20220331T125011


# name: block
# type: scalar
5


# name: outmat
# type: matrix
# rows: 48
# columns: 14
 1 5 181 0.40000000000000002 2 4 20 2000 -3.1415926535897931 1.1741542816162109 59 1 0.89200000000000002 0.89999999999999991
 2 5 56 0 2 3 16 2200 -2.1415926535897931 2.7511970996856689 53 0 1 0.89999999999999991
 3 5 71 0 2 3 20 2400 -2.1415926535897931 1.2691659927368164 53 0 0.86799999999999999 0.69999999999999996
 4 5 125 0.40000000000000002 1 4 16 2200 -1.1415926535897931 1.1933126449584961 59 1 1.1319999999999999 0.69999999999999996
 5 5 363 1.2 2 4 16 2000 2.8584073464102069 1.264925479888916 59 1 1.1319999999999999 0.89999999999999991
 6 5 491 3 1 3 16 2400 0.85840734641020688 1.2203445434570312 53 0 1.117 1
 7 5 271 0.80000000000000004 2 4 16 2200 -2.1415926535897931 1.569657564163208 53 0 0.88900000000000001 0.89999999999999991
 8 5 499 3 1 3 20 2200 0.85840734641020688 1.2307887077331543 53 0 1.02 0.89999999999999991
 9 5 534 3 2 3 16 2200 1.8584073464102069 0.88004231452941895 53 0 0.85799999999999998 0.89999999999999991
 10 5 416 1.6000000000000001 1 4 16 2200 -0.14159265358979312 1.045529842376709 59 1 0.83699999999999997 1
 11 5 222 0.80000000000000004 1 4 16 2200 -2.1415926535897931 1.2594304084777832 53 0 1.194 0.69999999999999996
 12 5 552 3 2 3 20 2400 2.8584073464102069 1.1861832141876221 53 0 0.98299999999999998 0.79999999999999993
 13 5 452 1.6000000000000001 2 3 20 2200 -2.1415926535897931 1.0568962097167969 53 0 1.1850000000000001 1
 14 5 480 1.6000000000000001 2 4 20 2400 1.8584073464102069 1.1625621318817139 59 1 0.81000000000000005 1
 15 5 95 0 2 4 20 2400 -1.1415926535897931 1.6305749416351318 59 1 0.85099999999999998 0.69999999999999996
 16 5 251 0.80000000000000004 2 3 16 2400 2.8584073464102069 1.116633415222168 53 0 0.82799999999999996 0.79999999999999993
 17 5 162 0.40000000000000002 2 3 20 2200 -1.1415926535897931 1.1255152225494385 53 0 1.0820000000000001 1
 18 5 532 3 2 3 16 2000 -2.1415926535897931 1.3541615009307861 53 0 1.194 1
 19 5 354 1.2 2 3 20 2200 -2.1415926535897931 1.2097680568695068 53 0 0.96399999999999997 0.69999999999999996
 20 5 77 0 2 4 16 2200 -3.1415926535897931 1.6173877716064453 59 1 0.91100000000000003 1
 21 5 530 3 2 3 16 2000 -2.1415926535897931 1.1331772804260254 53 0 1.113 0.79999999999999993
 22 5 238 0.80000000000000004 1 4 20 2400 1.8584073464102069 1.1106617450714111 53 0 0.93500000000000005 0.89999999999999991
 23 5 255 0.80000000000000004 2 3 20 2000 -0.14159265358979312 1.1290507316589355 53 0 0.86899999999999999 0.89999999999999991
 24 5 393 1.6000000000000001 1 3 16 2400 -3.1415926535897931 0.90006041526794434 53 0 0.86399999999999999 1
 25 5 208 0.80000000000000004 1 3 20 2000 2.8584073464102069 1.0233004093170166 53 0 1.1359999999999999 0.69999999999999996
 26 5 46 0 1 4 20 2400 -2.1415926535897931 1.8282580375671387 59 1 1.1950000000000001 0.89999999999999991
 27 5 357 1.2 2 3 20 2400 -0.14159265358979312 1.1524500846862793 53 0 0.95199999999999996 0.89999999999999991
 28 5 76 0 2 4 16 2000 0.85840734641020688 0.86333894729614258 59 1 0.84999999999999998 0.69999999999999996
 29 5 479 1.6000000000000001 2 4 20 2400 -3.1415926535897931 0.95710086822509766 53 0 0.89100000000000001 0.89999999999999991
 30 5 258 0.80000000000000004 2 3 20 2200 0.85840734641020688 1.4434130191802979 53 0 1.1279999999999999 1
 31 5 568 3 2 4 20 2000 0.85840734641020688 1.1050291061401367 59 1 1.042 0.69999999999999996
 32 5 449 1.6000000000000001 2 3 20 2200 -3.1415926535897931 1.4503262042999268 53 0 1.1419999999999999 0.89999999999999991
 33 5 274 0.80000000000000004 2 4 16 2400 1.8584073464102069 1.6042144298553467 53 0 0.90500000000000003 1
 34 5 366 1.2 2 4 16 2200 -1.1415926535897931 1.2066912651062012 53 0 1.0009999999999999 0.79999999999999993
 35 5 400 1.6000000000000001 1 3 20 2000 1.8584073464102069 0.9367520809173584 53 0 0.82099999999999995 0.89999999999999991
 36 5 29 0 1 4 16 2200 -2.1415926535897931 0.95772027969360352 59 1 1.1299999999999999 1
 37 5 377 1.2 2 4 20 2200 -2.1415926535897931 1.9852170944213867 53 0 1.1779999999999999 0.89999999999999991
 38 5 376 1.2 2 4 20 2000 -3.1415926535897931 1.9304065704345703 53 0 0.89100000000000001 0.89999999999999991
 39 5 307 1.2 1 3 20 2200 -2.1415926535897931 1.4217512607574463 53 0 1.012 0.79999999999999993
 40 5 109 0.40000000000000002 1 3 20 2000 1.8584073464102069 1.137394905090332 53 0 0.95099999999999996 0.79999999999999993
 41 5 426 1.6000000000000001 1 4 20 2200 0.85840734641020688 0.83553171157836914 59 1 1.0660000000000001 0.79999999999999993
 42 5 153 0.40000000000000002 2 3 16 2400 0.85840734641020688 1.2424993515014648 53 0 1.1890000000000001 0.89999999999999991
 43 5 492 3 1 3 16 2400 -3.1415926535897931 1.5929217338562012 53 0 1.113 1
 44 5 164 0.40000000000000002 2 3 20 2200 0.85840734641020688 1.4588894844055176 53 0 1.1080000000000001 0.69999999999999996
 45 5 127 0.40000000000000002 1 4 16 2200 -3.1415926535897931 1.1407525539398193 59 1 0.80800000000000005 0.79999999999999993
 46 5 321 1.2 1 4 16 2400 0.85840734641020688 1.240229606628418 53 0 0.88900000000000001 0.69999999999999996
 47 5 351 1.2 2 3 20 2000 -2.1415926535897931 1.0272953510284424 53 0 1.006 0.89999999999999991
 48 5 347 1.2 2 3 16 2400 1.8584073464102069 3.3748934268951416 53 0 1.0249999999999999 1


# name: resolution
# type: matrix
# rows: 1
# columns: 2
 1366 768


# name: hz
# type: scalar
60


# name: pc
# type: sq_string
# elements: 1
# length: 21
gregor-Latitude-E6320


# name: experiment
# type: sq_string
# elements: 1
# length: 4
RFPb


# name: isOctave
# type: bool
1




