# Created by Octave 5.2.0, Thu Mar 31 12:54:40 2022 CEST <student@gregor-Latitude-E6320>
# name: RFP
# type: scalar struct
# ndims: 2
 1 1
# length: 10
# name: vp
# type: sq_string
# elements: 1
# length: 3
V10


# name: mapping
# type: scalar
2


# name: date
# type: sq_string
# elements: 1
# length: 15
20220331T125237


# name: block
# type: scalar
6


# name: outmat
# type: matrix
# rows: 48
# columns: 14
 1 6 50 0 2 3 16 2000 -1.1415926535897931 1.225501537322998 59 1 0.93400000000000005 0.89999999999999991
 2 6 359 1.2 2 3 20 2400 -3.1415926535897931 1.0684988498687744 53 0 1.04 0.69999999999999996
 3 6 333 1.2 1 4 20 2400 1.8584073464102069 1.0608124732971191 59 1 0.95299999999999996 0.89999999999999991
 4 6 488 3 1 3 16 2200 -0.14159265358979312 1.0935673713684082 53 0 0.85199999999999998 0.69999999999999996
 5 6 397 1.6000000000000001 1 3 20 2000 -0.14159265358979312 0.83533883094787598 53 0 0.80800000000000005 0.89999999999999991
 6 6 26 0 1 4 16 2000 2.8584073464102069 1.4820294380187988 59 1 1.075 0.89999999999999991
 7 6 78 0 2 4 16 2200 1.8584073464102069 1.3420403003692627 59 1 0.84699999999999998 0.79999999999999993
 8 6 237 0.80000000000000004 1 4 20 2400 2.8584073464102069 1.1284956932067871 59 1 1.02 0.79999999999999993
 9 6 516 3 1 4 16 2400 -3.1415926535897931 1.3053271770477295 53 0 0.91300000000000003 1
 10 6 111 0.40000000000000002 1 3 20 2000 2.8584073464102069 1.068413257598877 53 0 1.1779999999999999 1
 11 6 506 3 1 4 16 2000 -0.14159265358979312 1.3140194416046143 59 1 1.163 0.69999999999999996
 12 6 334 1.2 1 4 20 2400 2.8584073464102069 0.8503725528717041 59 1 0.83799999999999997 0.69999999999999996
 13 6 65 0 2 3 20 2200 -2.1415926535897931 1.2751967906951904 53 0 1.048 1
 14 6 505 3 1 4 16 2000 -3.1415926535897931 1.3049924373626709 53 0 0.97499999999999998 0.69999999999999996
 15 6 82 0 2 4 16 2400 -2.1415926535897931 1.090543270111084 59 1 1.1259999999999999 0.69999999999999996
 16 6 243 0.80000000000000004 2 3 16 2000 -0.14159265358979312 0.93284440040588379 53 0 1.054 0.69999999999999996
 17 6 389 1.6000000000000001 1 3 16 2200 1.8584073464102069 1.3550572395324707 53 0 1.1479999999999999 1
 18 6 239 0.80000000000000004 1 4 20 2400 2.8584073464102069 2.5010101795196533 59 1 0.97099999999999997 0.69999999999999996
 19 6 293 1.2 1 3 16 2200 -1.1415926535897931 2.7800652980804443 53 0 1.149 1
 20 6 261 0.80000000000000004 2 3 20 2400 1.8584073464102069 0.89760971069335938 53 0 0.88200000000000001 1
 21 6 445 1.6000000000000001 2 3 20 2000 -1.1415926535897931 1.0930843353271484 53 0 0.82999999999999996 0.69999999999999996
 22 6 501 3 1 3 20 2400 -2.1415926535897931 3.2581381797790527 53 0 0.998 0.79999999999999993
 23 6 114 0.40000000000000002 1 3 20 2200 -0.14159265358979312 2.7189896106719971 53 0 1.127 0.69999999999999996
 24 6 494 3 1 3 20 2000 -2.1415926535897931 2.3578965663909912 53 0 1.1240000000000001 0.79999999999999993
 25 6 73 0 2 4 16 2000 -2.1415926535897931 0.87534523010253906 59 1 1.0409999999999999 0.79999999999999993
 26 6 167 0.40000000000000002 2 3 20 2400 2.8584073464102069 1.4930942058563232 53 0 1.0720000000000001 0.69999999999999996
 27 6 6 0 1 3 16 2200 -2.1415926535897931 1.0351278781890869 53 0 0.80600000000000005 0.69999999999999996
 28 6 195 0.80000000000000004 1 3 16 2000 1.8584073464102069 2.3709266185760498 53 0 1.089 0.89999999999999991
 29 6 496 3 1 3 20 2000 -0.14159265358979312 0.9347693920135498 59 1 0.92100000000000004 1
 30 6 137 0.40000000000000002 1 4 20 2200 -3.1415926535897931 1.212451696395874 59 1 0.92300000000000004 0.89999999999999991
 31 6 290 1.2 1 3 16 2000 -2.1415926535897931 1.3460726737976074 53 0 1.167 0.89999999999999991
 32 6 446 1.6000000000000001 2 3 20 2000 -0.14159265358979312 1.0372695922851562 53 0 0.91300000000000003 0.79999999999999993
 33 6 152 0.40000000000000002 2 3 16 2200 -0.14159265358979312 1.036921501159668 53 0 1.046 1
 34 6 41 0 1 4 20 2200 -3.1415926535897931 1.041834831237793 59 1 0.98199999999999998 0.79999999999999993
 35 6 550 3 2 3 20 2400 -3.1415926535897931 1.0638794898986816 53 0 1.1659999999999999 1
 36 6 80 0 2 4 16 2200 -2.1415926535897931 1.6528193950653076 59 1 1.103 0.69999999999999996
 37 6 14 0 1 3 20 2000 1.8584073464102069 1.1109836101531982 53 0 0.94099999999999995 0.69999999999999996
 38 6 411 1.6000000000000001 1 4 16 2000 -2.1415926535897931 1.6650192737579346 59 1 1.1379999999999999 1
 39 6 369 1.2 2 4 16 2400 -2.1415926535897931 1.6483736038208008 53 0 0.84899999999999998 0.79999999999999993
 40 6 305 1.2 1 3 20 2200 0.85840734641020688 3.2403054237365723 53 0 0.94699999999999995 0.89999999999999991
 41 6 481 3 1 3 16 2000 -3.1415926535897931 1.8419806957244873 53 0 1.155 0.79999999999999993
 42 6 113 0.40000000000000002 1 3 20 2200 -1.1415926535897931 1.6057479381561279 53 0 1.056 0.79999999999999993
 43 6 178 0.40000000000000002 2 4 16 2400 -0.14159265358979312 3.1803464889526367 59 1 1.05 0.69999999999999996
 44 6 259 0.80000000000000004 2 3 20 2200 -0.14159265358979312 2.4559028148651123 53 0 1.1970000000000001 0.69999999999999996
 45 6 300 1.2 1 3 16 2400 2.8584073464102069 1.054656982421875 53 0 1.042 0.79999999999999993
 46 6 472 1.6000000000000001 2 4 20 2000 -1.1415926535897931 2.6990399360656738 59 1 0.88600000000000001 0.69999999999999996
 47 6 112 0.40000000000000002 1 3 20 2000 -2.1415926535897931 1.1564393043518066 53 0 1.006 0.69999999999999996
 48 6 358 1.2 2 3 20 2400 0.85840734641020688 1.0385854244232178 53 0 1.0569999999999999 1


# name: resolution
# type: matrix
# rows: 1
# columns: 2
 1366 768


# name: hz
# type: scalar
60


# name: pc
# type: sq_string
# elements: 1
# length: 21
gregor-Latitude-E6320


# name: experiment
# type: sq_string
# elements: 1
# length: 4
RFPb


# name: isOctave
# type: bool
1




