# Created by Octave 5.2.0, Thu Mar 31 12:58:45 2022 CEST <student@gregor-Latitude-E6320>
# name: RFP
# type: scalar struct
# ndims: 2
 1 1
# length: 10
# name: vp
# type: sq_string
# elements: 1
# length: 3
V10


# name: mapping
# type: scalar
2


# name: date
# type: sq_string
# elements: 1
# length: 15
20220331T125650


# name: block
# type: scalar
8


# name: outmat
# type: matrix
# rows: 48
# columns: 14
 1 8 94 0 2 4 20 2400 0.85840734641020688 1.2259430885314941 53 0 1.026 0.69999999999999996
 2 8 198 0.80000000000000004 1 3 16 2200 2.8584073464102069 1.3911564350128174 53 0 1.1850000000000001 0.89999999999999991
 3 8 136 0.40000000000000002 1 4 20 2000 -1.1415926535897931 1.5110669136047363 59 1 1.113 0.89999999999999991
 4 8 262 0.80000000000000004 2 3 20 2400 -2.1415926535897931 1.2437138557434082 53 0 0.999 0.89999999999999991
 5 8 11 0 1 3 16 2400 -2.1415926535897931 0.89353132247924805 59 1 1.054 0.69999999999999996
 6 8 22 0 1 3 20 2400 1.8584073464102069 1.061126708984375 53 0 0.94299999999999995 0.69999999999999996
 7 8 115 0.40000000000000002 1 3 20 2200 0.85840734641020688 1.3376314640045166 53 0 1.198 0.89999999999999991
 8 8 263 0.80000000000000004 2 3 20 2400 2.8584073464102069 1.032008171081543 53 0 0.84999999999999998 0.89999999999999991
 9 8 281 0.80000000000000004 2 4 20 2200 2.8584073464102069 1.1275925636291504 59 1 1.044 1
 10 8 160 0.40000000000000002 2 3 20 2000 0.85840734641020688 1.584721565246582 53 0 0.96099999999999997 0.79999999999999993
 11 8 33 0 1 4 16 2400 1.8584073464102069 1.14351487159729 59 1 0.98399999999999999 0.69999999999999996
 12 8 32 0 1 4 16 2200 2.8584073464102069 1.2870194911956787 53 0 1.03 1
 13 8 2 0 1 3 16 2000 -1.1415926535897931 1.128669261932373 53 0 0.88200000000000001 1
 14 8 508 3 1 4 16 2000 -2.1415926535897931 1.2896823883056641 53 0 0.82799999999999996 0.79999999999999993
 15 8 573 3 2 4 20 2400 2.8584073464102069 1.2517216205596924 53 0 1.1479999999999999 1
 16 8 394 1.6000000000000001 1 3 16 2400 0.85840734641020688 1.3674564361572266 53 0 0.80100000000000005 0.79999999999999993
 17 8 142 0.40000000000000002 1 4 20 2400 -2.1415926535897931 1.3592352867126465 59 1 1.1459999999999999 0.79999999999999993
 18 8 128 0.40000000000000002 1 4 16 2200 -1.1415926535897931 1.2462258338928223 59 1 1.173 1
 19 8 561 3 2 4 16 2400 -2.1415926535897931 1.1470961570739746 59 1 1.1870000000000001 0.69999999999999996
 20 8 541 3 2 3 20 2000 0.85840734641020688 1.0121293067932129 53 0 0.90500000000000003 0.79999999999999993
 21 8 322 1.2 1 4 16 2400 2.8584073464102069 1.3827311992645264 53 0 1.0640000000000001 0.89999999999999991
 22 8 219 0.80000000000000004 1 4 16 2000 0.85840734641020688 2.3514506816864014 53 0 0.82199999999999995 0.79999999999999993
 23 8 99 0.40000000000000002 1 3 16 2000 1.8584073464102069 3.0938012599945068 53 0 1.1679999999999999 0.69999999999999996
 24 8 214 0.80000000000000004 1 3 20 2400 1.8584073464102069 1.1870367527008057 53 0 1.149 0.89999999999999991
 25 8 500 3 1 3 20 2200 -2.1415926535897931 1.8460345268249512 53 0 0.83899999999999997 0.89999999999999991
 26 8 513 3 1 4 16 2400 1.8584073464102069 2.8699722290039062 59 1 0.80600000000000005 0.79999999999999993
 27 8 487 3 1 3 16 2200 -2.1415926535897931 1.4466357231140137 53 0 0.85799999999999998 0.69999999999999996
 28 8 248 0.80000000000000004 2 3 16 2200 -3.1415926535897931 0.94867253303527832 53 0 1.1000000000000001 0.79999999999999993
 29 8 433 1.6000000000000001 2 3 16 2000 1.8584073464102069 0.99820446968078613 53 0 1.1719999999999999 0.79999999999999993
 30 8 450 1.6000000000000001 2 3 20 2200 2.8584073464102069 0.97088861465454102 53 0 1.0960000000000001 1
 31 8 391 1.6000000000000001 1 3 16 2200 1.8584073464102069 0.96408772468566895 53 0 0.85099999999999998 0.69999999999999996
 32 8 154 0.40000000000000002 2 3 16 2400 2.8584073464102069 1.6335608959197998 53 0 1.004 1
 33 8 175 0.40000000000000002 2 4 16 2200 1.8584073464102069 1.0806524753570557 59 1 1.018 1
 34 8 448 1.6000000000000001 2 3 20 2000 -2.1415926535897931 0.99088454246520996 53 0 1.169 1
 35 8 119 0.40000000000000002 1 3 20 2400 0.85840734641020688 1.658172607421875 53 0 1.02 1
 36 8 562 3 2 4 16 2400 -3.1415926535897931 0.88659429550170898 59 1 0.92800000000000005 0.69999999999999996
 37 8 134 0.40000000000000002 1 4 20 2000 -2.1415926535897931 1.2287812232971191 59 1 0.81299999999999994 1
 38 8 40 0 1 4 20 2000 -1.1415926535897931 1.2884478569030762 59 1 1.1379999999999999 0.79999999999999993
 39 8 575 3 2 4 20 2400 -1.1415926535897931 1.5709459781646729 59 1 1.052 0.79999999999999993
 40 8 381 1.2 2 4 20 2400 -0.14159265358979312 1.6234779357910156 59 1 0.94099999999999995 0.69999999999999996
 41 8 378 1.2 2 4 20 2200 0.85840734641020688 1.3557620048522949 59 1 1.0740000000000001 0.69999999999999996
 42 8 88 0 2 4 20 2000 -1.1415926535897931 1.3603639602661133 53 0 1.0169999999999999 0.89999999999999991
 43 8 539 3 2 3 16 2400 2.8584073464102069 1.1370999813079834 53 0 1.0309999999999999 0.69999999999999996
 44 8 404 1.6000000000000001 1 3 20 2200 -0.14159265358979312 1.0609211921691895 53 0 1.0760000000000001 0.69999999999999996
 45 8 220 0.80000000000000004 1 4 16 2000 -0.14159265358979312 0.9140629768371582 59 1 1.0860000000000001 0.89999999999999991
 46 8 117 0.40000000000000002 1 3 20 2400 -3.1415926535897931 1.0885121822357178 53 0 1.097 0.79999999999999993
 47 8 185 0.40000000000000002 2 4 20 2200 -1.1415926535897931 1.1346001625061035 59 1 1.095 0.89999999999999991
 48 8 428 1.6000000000000001 1 4 20 2200 1.8584073464102069 1.1209864616394043 59 1 1.0589999999999999 1


# name: resolution
# type: matrix
# rows: 1
# columns: 2
 1366 768


# name: hz
# type: scalar
60


# name: pc
# type: sq_string
# elements: 1
# length: 21
gregor-Latitude-E6320


# name: experiment
# type: sq_string
# elements: 1
# length: 4
RFPb


# name: isOctave
# type: bool
1




