# Created by Octave 5.2.0, Thu Mar 31 12:45:56 2022 CEST <student@gregor-Latitude-E6320>
# name: RFP
# type: scalar struct
# ndims: 2
 1 1
# length: 10
# name: vp
# type: sq_string
# elements: 1
# length: 3
V10


# name: mapping
# type: scalar
2


# name: date
# type: sq_string
# elements: 1
# length: 15
20220331T124401


# name: block
# type: scalar
2


# name: outmat
# type: matrix
# rows: 48
# columns: 14
 1 2 159 0.40000000000000002 2 3 20 2000 -2.1415926535897931 1.149742603302002 53 0 1.0629999999999999 0.69999999999999996
 2 2 362 1.2 2 4 16 2000 -2.1415926535897931 1.3222332000732422 53 0 1.1060000000000001 1
 3 2 66 0 2 3 20 2200 -2.1415926535897931 1.4959838390350342 59 1 1.1870000000000001 0.89999999999999991
 4 2 485 3 1 3 16 2200 -3.1415926535897931 1.6872034072875977 59 1 0.95099999999999996 0.89999999999999991
 5 2 565 3 2 4 20 2000 -3.1415926535897931 1.2262277603149414 59 1 1.1359999999999999 1
 6 2 246 0.80000000000000004 2 3 16 2200 1.8584073464102069 1.1404993534088135 53 0 1.101 1
 7 2 244 0.80000000000000004 2 3 16 2000 1.8584073464102069 1.092233419418335 53 0 0.95599999999999996 0.89999999999999991
 8 2 529 3 2 3 16 2000 2.8584073464102069 1.2140474319458008 53 0 0.83899999999999997 0.69999999999999996
 9 2 302 1.2 1 3 20 2000 -2.1415926535897931 1.4646148681640625 53 0 0.999 0.79999999999999993
 10 2 510 3 1 4 16 2200 0.85840734641020688 1.2791872024536133 59 1 1.0049999999999999 0.79999999999999993
 11 2 250 0.80000000000000004 2 3 16 2400 -1.1415926535897931 1.0148453712463379 53 0 0.95799999999999996 1
 12 2 225 0.80000000000000004 1 4 16 2400 1.8584073464102069 1.3334674835205078 59 1 0.88 0.79999999999999993
 13 2 100 0.40000000000000002 1 3 16 2000 -2.1415926535897931 1.3582091331481934 59 1 1.0289999999999999 0.79999999999999993
 14 2 402 1.6000000000000001 1 3 20 2200 0.85840734641020688 1.117429256439209 59 1 0.83499999999999996 0.79999999999999993
 15 2 168 0.40000000000000002 2 3 20 2400 1.8584073464102069 1.0621869564056396 53 0 0.86299999999999999 0.89999999999999991
 16 2 123 0.40000000000000002 1 4 16 2000 -1.1415926535897931 2.3791167736053467 53 0 1.1819999999999999 0.89999999999999991
 17 2 64 0 2 3 20 2000 -2.1415926535897931 1.312915563583374 59 1 0.95399999999999996 0.89999999999999991
 18 2 423 1.6000000000000001 1 4 20 2000 0.85840734641020688 1.2085378170013428 59 1 0.89000000000000001 0.69999999999999996
 19 2 260 0.80000000000000004 2 3 20 2200 2.8584073464102069 1.1319127082824707 53 0 1.123 0.89999999999999991
 20 2 265 0.80000000000000004 2 4 16 2000 -0.14159265358979312 1.0839052200317383 53 0 0.86399999999999999 0.89999999999999991
 21 2 309 1.2 1 3 20 2400 0.85840734641020688 1.2065591812133789 53 0 0.85399999999999998 0.79999999999999993
 22 2 461 1.6000000000000001 2 4 16 2200 0.85840734641020688 1.1437301635742188 53 0 1.1519999999999999 1
 23 2 223 0.80000000000000004 1 4 16 2200 1.8584073464102069 1.0655019283294678 59 1 1.1910000000000001 0.69999999999999996
 24 2 465 1.6000000000000001 2 4 16 2400 -3.1415926535897931 2.1749310493469238 59 1 1.0580000000000001 0.89999999999999991
 25 2 311 1.2 1 3 20 2400 -1.1415926535897931 1.3525009155273438 59 1 0.95099999999999996 0.79999999999999993
 26 2 315 1.2 1 4 16 2000 -0.14159265358979312 1.0865440368652344 53 0 0.85599999999999998 0.89999999999999991
 27 2 224 0.80000000000000004 1 4 16 2200 -3.1415926535897931 1.0712933540344238 53 0 0.98199999999999998 0.89999999999999991
 28 2 299 1.2 1 3 16 2400 -1.1415926535897931 1.1145398616790771 59 1 1.024 0.79999999999999993
 29 2 120 0.40000000000000002 1 3 20 2400 0.85840734641020688 1.1238183975219727 53 0 1.1619999999999999 1
 30 2 55 0 2 3 16 2200 -2.1415926535897931 1.3101217746734619 53 0 0.82099999999999995 0.69999999999999996
 31 2 140 0.40000000000000002 1 4 20 2200 -0.14159265358979312 1.0427079200744629 59 1 1.018 0.79999999999999993
 32 2 473 1.6000000000000001 2 4 20 2200 2.8584073464102069 1.3562202453613281 59 1 0.92000000000000004 0.89999999999999991
 33 2 43 0 1 4 20 2200 -0.14159265358979312 1.1865017414093018 59 1 1.111 0.89999999999999991
 34 2 536 3 2 3 16 2200 1.8584073464102069 1.3162415027618408 53 0 0.84699999999999998 0.69999999999999996
 35 2 156 0.40000000000000002 2 3 16 2400 1.8584073464102069 1.2925765514373779 53 0 1.151 0.89999999999999991
 36 2 313 1.2 1 4 16 2000 1.8584073464102069 1.2927045822143555 53 0 0.99399999999999999 0.79999999999999993
 37 2 276 0.80000000000000004 2 4 16 2400 -2.1415926535897931 1.2615163326263428 59 1 0.84399999999999997 1
 38 2 469 1.6000000000000001 2 4 20 2000 -1.1415926535897931 2.3139255046844482 53 0 0.95399999999999996 0.89999999999999991
 39 2 53 0 2 3 16 2200 1.8584073464102069 1.3401045799255371 53 0 0.93400000000000005 0.89999999999999991
 40 2 515 3 1 4 16 2400 -1.1415926535897931 1.6453714370727539 59 1 0.83499999999999996 0.79999999999999993
 41 2 207 0.80000000000000004 1 3 20 2000 -2.1415926535897931 1.3749773502349854 53 0 0.99299999999999999 0.69999999999999996
 42 2 282 0.80000000000000004 2 4 20 2200 -0.14159265358979312 1.4585216045379639 53 0 0.81399999999999995 0.89999999999999991
 43 2 264 0.80000000000000004 2 3 20 2400 -0.14159265358979312 1.1967000961303711 59 1 0.88400000000000001 1
 44 2 474 1.6000000000000001 2 4 20 2200 -1.1415926535897931 1.4445698261260986 53 0 1.0620000000000001 0.79999999999999993
 45 2 429 1.6000000000000001 1 4 20 2400 -0.14159265358979312 1.2665882110595703 53 0 0.80200000000000005 0.79999999999999993
 46 2 48 0 1 4 20 2400 2.8584073464102069 1.7883543968200684 53 0 1.052 0.69999999999999996
 47 2 498 3 1 3 20 2200 -3.1415926535897931 2.884129524230957 59 1 1.1850000000000001 1
 48 2 289 1.2 1 3 16 2000 -2.1415926535897931 1.6265139579772949 53 0 0.91700000000000004 0.69999999999999996


# name: resolution
# type: matrix
# rows: 1
# columns: 2
 1366 768


# name: hz
# type: scalar
60


# name: pc
# type: sq_string
# elements: 1
# length: 21
gregor-Latitude-E6320


# name: experiment
# type: sq_string
# elements: 1
# length: 4
RFPb


# name: isOctave
# type: bool
1




