# Created by Octave 5.2.0, Thu Mar 31 12:48:03 2022 CEST <student@gregor-Latitude-E6320>
# name: RFP
# type: scalar struct
# ndims: 2
 1 1
# length: 10
# name: vp
# type: sq_string
# elements: 1
# length: 3
V10


# name: mapping
# type: scalar
2


# name: date
# type: sq_string
# elements: 1
# length: 15
20220331T124600


# name: block
# type: scalar
3


# name: outmat
# type: matrix
# rows: 48
# columns: 14
 1 3 401 1.6000000000000001 1 3 20 2200 -0.14159265358979312 2.9411544799804688 53 0 0.98399999999999999 1
 2 3 213 0.80000000000000004 1 3 20 2400 -2.1415926535897931 0.86667966842651367 53 0 1.014 0.69999999999999996
 3 3 493 3 1 3 20 2000 -0.14159265358979312 1.1273739337921143 53 0 0.89400000000000002 0.69999999999999996
 4 3 59 0 2 3 16 2400 -3.1415926535897931 2.0360500812530518 53 0 0.93899999999999995 0.79999999999999993
 5 3 13 0 1 3 20 2000 -1.1415926535897931 0.91067194938659668 53 0 1.02 0.89999999999999991
 6 3 144 0.40000000000000002 1 4 20 2400 -2.1415926535897931 3.190091609954834 59 1 1.075 0.79999999999999993
 7 3 45 0 1 4 20 2400 0.85840734641020688 1.5848462581634521 59 1 0.88200000000000001 1
 8 3 15 0 1 3 20 2000 -3.1415926535897931 1.2230300903320312 53 0 1.056 0.89999999999999991
 9 3 538 3 2 3 16 2400 -0.14159265358979312 2.3511464595794678 53 0 0.81399999999999995 1
 10 3 204 0.80000000000000004 1 3 16 2400 2.8584073464102069 1.0724108219146729 53 0 0.94299999999999995 0.69999999999999996
 11 3 349 1.2 2 3 20 2000 -1.1415926535897931 1.2196524143218994 53 0 1.075 0.79999999999999993
 12 3 7 0 1 3 16 2200 -1.1415926535897931 1.1828703880310059 53 0 0.84899999999999998 1
 13 3 135 0.40000000000000002 1 4 20 2000 -3.1415926535897931 0.81853055953979492 59 1 1.024 1
 14 3 365 1.2 2 4 16 2200 -1.1415926535897931 3.7858803272247314 53 0 0.87 0.69999999999999996
 15 3 455 1.6000000000000001 2 3 20 2400 1.8584073464102069 2.1676864624023438 53 0 1.002 0.69999999999999996
 16 3 419 1.6000000000000001 1 4 16 2400 -0.14159265358979312 1.5230505466461182 59 1 1.0900000000000001 0.89999999999999991
 17 3 38 0 1 4 20 2000 -0.14159265358979312 0.91283965110778809 59 1 0.92700000000000005 1
 18 3 242 0.80000000000000004 2 3 16 2000 -1.1415926535897931 1.2237792015075684 53 0 1.0640000000000001 1
 19 3 235 0.80000000000000004 1 4 20 2200 -2.1415926535897931 1.1941187381744385 59 1 1.0169999999999999 1
 20 3 272 0.80000000000000004 2 4 16 2200 -1.1415926535897931 1.676332950592041 53 0 0.81200000000000006 0.79999999999999993
 21 3 443 1.6000000000000001 2 3 16 2400 -0.14159265358979312 1.1399455070495605 53 0 1.0700000000000001 0.89999999999999991
 22 3 407 1.6000000000000001 1 3 20 2400 -3.1415926535897931 1.0084602832794189 53 0 1.0389999999999999 0.79999999999999993
 23 3 545 3 2 3 20 2200 -3.1415926535897931 0.95437526702880859 53 0 0.83499999999999996 1
 24 3 93 0 2 4 20 2400 -1.1415926535897931 0.86963129043579102 59 1 0.91900000000000004 0.69999999999999996
 25 3 356 1.2 2 3 20 2200 -3.1415926535897931 1.4587337970733643 53 0 1.0589999999999999 0.69999999999999996
 26 3 294 1.2 1 3 16 2200 1.8584073464102069 0.87897253036499023 53 0 1.194 0.69999999999999996
 27 3 193 0.80000000000000004 1 3 16 2000 1.8584073464102069 0.82792830467224121 53 0 1.016 1
 28 3 554 3 2 4 16 2000 -3.1415926535897931 2.0726330280303955 53 0 0.91900000000000004 1
 29 3 138 0.40000000000000002 1 4 20 2200 2.8584073464102069 1.3667585849761963 53 0 0.873 0.69999999999999996
 30 3 503 3 1 3 20 2400 -3.1415926535897931 1.149268627166748 53 0 0.88700000000000001 0.89999999999999991
 31 3 186 0.40000000000000002 2 4 20 2200 1.8584073464102069 2.1022729873657227 59 1 1.046 1
 32 3 106 0.40000000000000002 1 3 16 2400 1.8584073464102069 1.1971151828765869 53 0 0.89100000000000001 0.69999999999999996
 33 3 61 0 2 3 20 2000 1.8584073464102069 1.5058856010437012 53 0 1 1
 34 3 375 1.2 2 4 20 2000 -0.14159265358979312 1.7945857048034668 59 1 1.0149999999999999 1
 35 3 409 1.6000000000000001 1 4 16 2000 -1.1415926535897931 1.5787959098815918 53 0 0.83599999999999997 0.69999999999999996
 36 3 576 3 2 4 20 2400 2.8584073464102069 1.5842375755310059 59 1 1.077 0.69999999999999996
 37 3 360 1.2 2 3 20 2400 0.85840734641020688 6.3652853965759277 53 0 1.196 0.69999999999999996
 38 3 438 1.6000000000000001 2 3 16 2200 0.85840734641020688 0.82608652114868164 53 0 0.995 0.79999999999999993
 39 3 96 0 2 4 20 2400 -3.1415926535897931 0.95534563064575195 59 1 0.92800000000000005 0.69999999999999996
 40 3 49 0 2 3 16 2000 -0.14159265358979312 1.3551087379455566 53 0 1.0069999999999999 1
 41 3 20 0 1 3 20 2200 1.8584073464102069 1.0638487339019775 53 0 0.875 0.89999999999999991
 42 3 83 0 2 4 16 2400 -0.14159265358979312 1.6116228103637695 59 1 1.147 0.79999999999999993
 43 3 502 3 1 3 20 2400 -0.14159265358979312 1.2280161380767822 53 0 1.0900000000000001 0.79999999999999993
 44 3 150 0.40000000000000002 2 3 16 2200 -3.1415926535897931 1.0857253074645996 53 0 0.97299999999999998 1
 45 3 520 3 1 4 20 2000 0.85840734641020688 0.89609074592590332 59 1 1.1060000000000001 0.89999999999999991
 46 3 182 0.40000000000000002 2 4 20 2000 1.8584073464102069 1.1591472625732422 59 1 0.81399999999999995 0.89999999999999991
 47 3 439 1.6000000000000001 2 3 16 2200 -1.1415926535897931 1.2476646900177002 53 0 1.165 0.89999999999999991
 48 3 79 0 2 4 16 2200 1.8584073464102069 2.0551156997680664 59 1 0.82999999999999996 0.79999999999999993


# name: resolution
# type: matrix
# rows: 1
# columns: 2
 1366 768


# name: hz
# type: scalar
60


# name: pc
# type: sq_string
# elements: 1
# length: 21
gregor-Latitude-E6320


# name: experiment
# type: sq_string
# elements: 1
# length: 4
RFPb


# name: isOctave
# type: bool
1




