# Created by Octave 5.2.0, Thu Mar 31 12:50:05 2022 CEST <student@gregor-Latitude-E6320>
# name: RFP
# type: scalar struct
# ndims: 2
 1 1
# length: 10
# name: vp
# type: sq_string
# elements: 1
# length: 3
V10


# name: mapping
# type: scalar
2


# name: date
# type: sq_string
# elements: 1
# length: 15
20220331T124810


# name: block
# type: scalar
4


# name: outmat
# type: matrix
# rows: 48
# columns: 14
 1 4 174 0.40000000000000002 2 4 16 2200 -0.14159265358979312 2.095597505569458 59 1 1.0700000000000001 0.89999999999999991
 2 4 533 3 2 3 16 2200 0.85840734641020688 0.92587614059448242 53 0 0.93899999999999995 0.69999999999999996
 3 4 386 1.6000000000000001 1 3 16 2000 -3.1415926535897931 0.82713007926940918 53 0 1.087 1
 4 4 218 0.80000000000000004 1 4 16 2000 1.8584073464102069 1.5599179267883301 59 1 1.1499999999999999 0.79999999999999993
 5 4 10 0 1 3 16 2400 1.8584073464102069 1.2064814567565918 53 0 0.98599999999999999 0.79999999999999993
 6 4 464 1.6000000000000001 2 4 16 2200 1.8584073464102069 1.5477285385131836 59 1 1.1240000000000001 0.89999999999999991
 7 4 303 1.2 1 3 20 2000 1.8584073464102069 1.2344017028808594 53 0 1.0720000000000001 0.69999999999999996
 8 4 211 0.80000000000000004 1 3 20 2200 0.85840734641020688 1.1092181205749512 53 0 0.89000000000000001 1
 9 4 189 0.40000000000000002 2 4 20 2400 -2.1415926535897931 0.97675037384033203 59 1 0.96399999999999997 1
 10 4 183 0.40000000000000002 2 4 20 2000 0.85840734641020688 1.2405591011047363 59 1 0.96499999999999997 0.79999999999999993
 11 4 1 0 1 3 16 2000 1.8584073464102069 1.3044161796569824 53 0 0.81499999999999995 0.79999999999999993
 12 4 34 0 1 4 16 2400 1.8584073464102069 1.5404412746429443 59 1 1.0529999999999999 1
 13 4 249 0.80000000000000004 2 3 16 2400 0.85840734641020688 1.0661699771881104 53 0 0.80100000000000005 1
 14 4 467 1.6000000000000001 2 4 16 2400 2.8584073464102069 1.304309606552124 59 1 1.1799999999999999 0.79999999999999993
 15 4 52 0 2 3 16 2000 -3.1415926535897931 0.98599815368652344 53 0 1.012 1
 16 4 364 1.2 2 4 16 2000 -3.1415926535897931 1.6263091564178467 59 1 1.097 0.69999999999999996
 17 4 143 0.40000000000000002 1 4 20 2400 0.85840734641020688 1.6788392066955566 59 1 1.052 1
 18 4 252 0.80000000000000004 2 3 16 2400 1.8584073464102069 1.1605186462402344 53 0 0.84799999999999998 0.79999999999999993
 19 4 57 0 2 3 16 2400 0.85840734641020688 0.97186756134033203 53 0 0.92700000000000005 0.79999999999999993
 20 4 405 1.6000000000000001 1 3 20 2400 -2.1415926535897931 1.2070591449737549 53 0 1.0860000000000001 0.89999999999999991
 21 4 200 0.80000000000000004 1 3 16 2200 0.85840734641020688 1.0725080966949463 53 0 0.93000000000000005 0.79999999999999993
 22 4 70 0 2 3 20 2400 2.8584073464102069 1.207711935043335 53 0 1.0980000000000001 0.79999999999999993
 23 4 495 3 1 3 20 2000 0.85840734641020688 1.5285530090332031 53 0 1.163 0.69999999999999996
 24 4 460 1.6000000000000001 2 4 16 2000 1.8584073464102069 1.1727674007415771 59 1 1.153 0.79999999999999993
 25 4 27 0 1 4 16 2000 -0.14159265358979312 1.4704546928405762 59 1 1.1319999999999999 1
 26 4 187 0.40000000000000002 2 4 20 2200 1.8584073464102069 2.1062676906585693 53 0 0.93000000000000005 0.79999999999999993
 27 4 403 1.6000000000000001 1 3 20 2200 2.8584073464102069 1.5070075988769531 53 0 0.80600000000000005 1
 28 4 192 0.40000000000000002 2 4 20 2400 -1.1415926535897931 0.93001222610473633 59 1 0.90200000000000002 0.89999999999999991
 29 4 535 3 2 3 16 2200 0.85840734641020688 1.3608102798461914 53 0 0.92500000000000004 0.89999999999999991
 30 4 382 1.2 2 4 20 2400 0.85840734641020688 2.867689847946167 59 1 0.96799999999999997 0.89999999999999991
 31 4 231 0.80000000000000004 1 4 20 2000 1.8584073464102069 4.0554728507995605 59 1 0.86399999999999999 0.69999999999999996
 32 4 209 0.80000000000000004 1 3 20 2200 0.85840734641020688 1.3673157691955566 53 0 0.97299999999999998 0.89999999999999991
 33 4 284 0.80000000000000004 2 4 20 2200 1.8584073464102069 1.081118106842041 53 0 1.1200000000000001 0.79999999999999993
 34 4 169 0.40000000000000002 2 4 16 2000 0.85840734641020688 1.2650864124298096 59 1 1.1020000000000001 0.69999999999999996
 35 4 241 0.80000000000000004 2 3 16 2000 1.8584073464102069 1.3915619850158691 53 0 0.95499999999999996 0.79999999999999993
 36 4 54 0 2 3 16 2200 2.8584073464102069 1.1285092830657959 53 0 1.123 0.69999999999999996
 37 4 151 0.40000000000000002 2 3 16 2200 -2.1415926535897931 1.2726719379425049 53 0 0.88300000000000001 0.69999999999999996
 38 4 67 0 2 3 20 2200 -2.1415926535897931 1.6951115131378174 53 0 1.0189999999999999 0.69999999999999996
 39 4 285 0.80000000000000004 2 4 20 2400 2.8584073464102069 1.0758335590362549 59 1 1.008 0.79999999999999993
 40 4 388 1.6000000000000001 1 3 16 2000 -0.14159265358979312 1.2972793579101562 53 0 1.0680000000000001 0.69999999999999996
 41 4 437 1.6000000000000001 2 3 16 2200 2.8584073464102069 1.3349215984344482 53 0 0.81399999999999995 1
 42 4 454 1.6000000000000001 2 3 20 2400 -2.1415926535897931 1.1328928470611572 53 0 0.85299999999999998 1
 43 4 145 0.40000000000000002 2 3 16 2000 1.8584073464102069 1.1668212413787842 53 0 0.95099999999999996 0.69999999999999996
 44 4 384 1.2 2 4 20 2400 -1.1415926535897931 1.057689905166626 59 1 0.97599999999999998 0.69999999999999996
 45 4 165 0.40000000000000002 2 3 20 2400 0.85840734641020688 1.220181941986084 53 0 0.81299999999999994 0.69999999999999996
 46 4 196 0.80000000000000004 1 3 16 2000 0.85840734641020688 1.1103806495666504 53 0 1.0920000000000001 0.79999999999999993
 47 4 476 1.6000000000000001 2 4 20 2200 1.8584073464102069 1.2601194381713867 59 1 0.83199999999999996 0.69999999999999996
 48 4 414 1.6000000000000001 1 4 16 2200 0.85840734641020688 1.2571167945861816 59 1 0.80200000000000005 0.79999999999999993


# name: resolution
# type: matrix
# rows: 1
# columns: 2
 1366 768


# name: hz
# type: scalar
60


# name: pc
# type: sq_string
# elements: 1
# length: 21
gregor-Latitude-E6320


# name: experiment
# type: sq_string
# elements: 1
# length: 4
RFPb


# name: isOctave
# type: bool
1




