# Created by Octave 5.2.0, Thu Mar 31 13:02:37 2022 CEST <student@gregor-Latitude-E6320>
# name: RFP
# type: scalar struct
# ndims: 2
 1 1
# length: 10
# name: vp
# type: sq_string
# elements: 1
# length: 3
V10


# name: mapping
# type: scalar
2


# name: date
# type: sq_string
# elements: 1
# length: 15
20220331T130041


# name: block
# type: scalar
10


# name: outmat
# type: matrix
# rows: 48
# columns: 14
 1 10 399 1.6000000000000001 1 3 20 2000 0.85840734641020688 0.91337418556213379 53 0 1.091 0.89999999999999991
 2 10 355 1.2 2 3 20 2200 -2.1415926535897931 3.1318466663360596 53 0 0.92300000000000004 0.89999999999999991
 3 10 425 1.6000000000000001 1 4 20 2200 1.8584073464102069 0.93804311752319336 59 1 0.99199999999999999 0.89999999999999991
 4 10 395 1.6000000000000001 1 3 16 2400 2.8584073464102069 1.0767555236816406 53 0 1.034 0.79999999999999993
 5 10 341 1.2 2 3 16 2200 -1.1415926535897931 0.88310670852661133 53 0 0.95199999999999996 1
 6 10 514 3 1 4 16 2400 -0.14159265358979312 1.1216447353363037 59 1 1.149 1
 7 10 379 1.2 2 4 20 2200 -2.1415926535897931 1.1958329677581787 53 0 1.1359999999999999 0.69999999999999996
 8 10 549 3 2 3 20 2400 1.8584073464102069 1.7500243186950684 59 1 1 0.89999999999999991
 9 10 155 0.40000000000000002 2 3 16 2400 2.8584073464102069 0.93393850326538086 53 0 1.123 1
 10 10 217 0.80000000000000004 1 4 16 2000 0.85840734641020688 1.9690935611724854 59 1 0.98499999999999999 1
 11 10 507 3 1 4 16 2000 -3.1415926535897931 1.300849437713623 53 0 0.86099999999999999 0.89999999999999991
 12 10 44 0 1 4 20 2200 -0.14159265358979312 1.1865530014038086 59 1 1.111 1
 13 10 131 0.40000000000000002 1 4 16 2400 -3.1415926535897931 1.1177866458892822 59 1 1.04 0.89999999999999991
 14 10 229 0.80000000000000004 1 4 20 2000 2.8584073464102069 1.1922402381896973 59 1 0.89200000000000002 1
 15 10 422 1.6000000000000001 1 4 20 2000 -3.1415926535897931 1.6674084663391113 53 0 1.0649999999999999 0.79999999999999993
 16 10 184 0.40000000000000002 2 4 20 2000 -3.1415926535897931 1.3844387531280518 53 0 1.157 1
 17 10 201 0.80000000000000004 1 3 16 2400 2.8584073464102069 1.3640942573547363 53 0 1.131 1
 18 10 30 0 1 4 16 2200 -2.1415926535897931 1.5028934478759766 59 1 0.83599999999999997 0.69999999999999996
 19 10 504 3 1 3 20 2400 -3.1415926535897931 1.1030712127685547 53 0 0.94699999999999995 0.69999999999999996
 20 10 105 0.40000000000000002 1 3 16 2400 -2.1415926535897931 2.4359986782073975 59 1 0.85299999999999998 0.79999999999999993
 21 10 373 1.2 2 4 20 2000 -1.1415926535897931 1.1993811130523682 59 1 1.0900000000000001 1
 22 10 240 0.80000000000000004 1 4 20 2400 1.8584073464102069 1.1669354438781738 53 0 1.097 0.89999999999999991
 23 10 253 0.80000000000000004 2 3 20 2000 -1.1415926535897931 1.1313705444335938 53 0 1.056 0.79999999999999993
 24 10 525 3 1 4 20 2400 -1.1415926535897931 1.1292858123779297 53 0 1.1180000000000001 0.89999999999999991
 25 10 97 0.40000000000000002 1 3 16 2000 -1.1415926535897931 3.5042176246643066 59 1 0.85299999999999998 0.89999999999999991
 26 10 122 0.40000000000000002 1 4 16 2000 0.85840734641020688 1.1327152252197266 59 1 1.042 0.69999999999999996
 27 10 343 1.2 2 3 16 2200 1.8584073464102069 1.1008918285369873 53 0 1 0.89999999999999991
 28 10 163 0.40000000000000002 2 3 20 2200 -3.1415926535897931 1.9867181777954102 53 0 0.92900000000000005 0.79999999999999993
 29 10 85 0 2 4 20 2000 2.8584073464102069 1.0237219333648682 59 1 1.1970000000000001 1
 30 10 442 1.6000000000000001 2 3 16 2400 -1.1415926535897931 1.1273834705352783 53 0 1.117 0.79999999999999993
 31 10 199 0.80000000000000004 1 3 16 2200 0.85840734641020688 1.0389394760131836 53 0 0.95699999999999996 0.79999999999999993
 32 10 228 0.80000000000000004 1 4 16 2400 -3.1415926535897931 1.150493860244751 59 1 1.161 0.79999999999999993
 33 10 171 0.40000000000000002 2 4 16 2000 0.85840734641020688 1.3130872249603271 59 1 1.022 0.79999999999999993
 34 10 555 3 2 4 16 2000 0.85840734641020688 1.6874983310699463 59 1 1.123 1
 35 10 432 1.6000000000000001 1 4 20 2400 -1.1415926535897931 1.2416272163391113 53 0 0.92500000000000004 0.89999999999999991
 36 10 468 1.6000000000000001 2 4 16 2400 -2.1415926535897931 1.2462985515594482 53 0 1.103 0.79999999999999993
 37 10 406 1.6000000000000001 1 3 20 2400 1.8584073464102069 0.96829080581665039 53 0 0.82399999999999995 0.69999999999999996
 38 10 273 0.80000000000000004 2 4 16 2400 2.8584073464102069 0.88227128982543945 59 1 1.125 0.79999999999999993
 39 10 412 1.6000000000000001 1 4 16 2000 -2.1415926535897931 1.4401977062225342 59 1 0.83899999999999997 0.69999999999999996
 40 10 320 1.2 1 4 16 2200 2.8584073464102069 1.0996692180633545 59 1 1.155 0.69999999999999996
 41 10 179 0.40000000000000002 2 4 16 2400 -1.1415926535897931 1.4478082656860352 53 0 1.0960000000000001 0.89999999999999991
 42 10 87 0 2 4 20 2000 2.8584073464102069 1.0096967220306396 53 0 1.101 0.89999999999999991
 43 10 572 3 2 4 20 2200 -2.1415926535897931 1.242739200592041 53 0 1.0900000000000001 0.69999999999999996
 44 10 16 0 1 3 20 2000 -1.1415926535897931 2.0538129806518555 59 1 1.0289999999999999 0.69999999999999996
 45 10 103 0.40000000000000002 1 3 16 2200 -3.1415926535897931 1.1923565864562988 59 1 0.95999999999999996 0.79999999999999993
 46 10 509 3 1 4 16 2200 -1.1415926535897931 1.2430789470672607 53 0 0.81999999999999995 0.69999999999999996
 47 10 283 0.80000000000000004 2 4 20 2200 1.8584073464102069 1.774641752243042 53 0 0.80300000000000005 0.89999999999999991
 48 10 158 0.40000000000000002 2 3 20 2000 -0.14159265358979312 1.0250072479248047 53 0 0.88600000000000001 0.89999999999999991


# name: resolution
# type: matrix
# rows: 1
# columns: 2
 1366 768


# name: hz
# type: scalar
60


# name: pc
# type: sq_string
# elements: 1
# length: 21
gregor-Latitude-E6320


# name: experiment
# type: sq_string
# elements: 1
# length: 4
RFPb


# name: isOctave
# type: bool
1




