# Created by Octave 5.2.0, Thu Mar 31 12:56:42 2022 CEST <student@gregor-Latitude-E6320>
# name: RFP
# type: scalar struct
# ndims: 2
 1 1
# length: 10
# name: vp
# type: sq_string
# elements: 1
# length: 3
V10


# name: mapping
# type: scalar
2


# name: date
# type: sq_string
# elements: 1
# length: 15
20220331T125449


# name: block
# type: scalar
7


# name: outmat
# type: matrix
# rows: 48
# columns: 14
 1 7 141 0.40000000000000002 1 4 20 2400 -1.1415926535897931 1.0467474460601807 59 1 0.97499999999999998 0.79999999999999993
 2 7 558 3 2 4 16 2200 -3.1415926535897931 0.99910974502563477 59 1 1.1200000000000001 0.89999999999999991
 3 7 483 3 1 3 16 2000 -2.1415926535897931 0.96044039726257324 53 0 1.1060000000000001 0.89999999999999991
 4 7 230 0.80000000000000004 1 4 20 2000 -2.1415926535897931 1.2791974544525146 59 1 1.107 1
 5 7 511 3 1 4 16 2200 1.8584073464102069 1.5594284534454346 53 0 1.101 0.69999999999999996
 6 7 518 3 1 4 20 2000 -3.1415926535897931 1.1700003147125244 59 1 0.82099999999999995 0.69999999999999996
 7 7 39 0 1 4 20 2000 2.8584073464102069 0.93748068809509277 59 1 0.80500000000000005 0.89999999999999991
 8 7 166 0.40000000000000002 2 3 20 2400 1.8584073464102069 1.1659379005432129 53 0 1.099 1
 9 7 471 1.6000000000000001 2 4 20 2000 -2.1415926535897931 1.047041654586792 59 1 1.081 0.69999999999999996
 10 7 215 0.80000000000000004 1 3 20 2400 -1.1415926535897931 2.7669522762298584 53 0 1.0760000000000001 1
 11 7 232 0.80000000000000004 1 4 20 2000 -1.1415926535897931 1.1461331844329834 59 1 0.95899999999999996 0.89999999999999991
 12 7 519 3 1 4 20 2000 1.8584073464102069 1.6400115489959717 59 1 0.91900000000000004 0.69999999999999996
 13 7 332 1.2 1 4 20 2200 0.85840734641020688 1.5483119487762451 59 1 0.91100000000000003 1
 14 7 319 1.2 1 4 16 2200 -3.1415926535897931 1.0906844139099121 53 0 0.98899999999999999 1
 15 7 308 1.2 1 3 20 2200 -1.1415926535897931 1.3531510829925537 53 0 0.84699999999999998 0.69999999999999996
 16 7 447 1.6000000000000001 2 3 20 2000 -2.1415926535897931 1.3702123165130615 53 0 0.90700000000000003 1
 17 7 304 1.2 1 3 20 2000 -3.1415926535897931 1.1950712203979492 53 0 0.91000000000000003 0.79999999999999993
 18 7 370 1.2 2 4 16 2400 -3.1415926535897931 0.88563871383666992 59 1 0.89500000000000002 1
 19 7 385 1.6000000000000001 1 3 16 2000 -1.1415926535897931 0.96207690238952637 53 0 1.0309999999999999 1
 20 7 42 0 1 4 20 2200 2.8584073464102069 2.1507530212402344 53 0 0.83699999999999997 0.69999999999999996
 21 7 342 1.2 2 3 16 2200 -1.1415926535897931 1.4844443798065186 53 0 0.99199999999999999 1
 22 7 132 0.40000000000000002 1 4 16 2400 -1.1415926535897931 1.0991582870483398 59 1 0.90900000000000003 0.89999999999999991
 23 7 226 0.80000000000000004 1 4 16 2400 2.8584073464102069 0.8726811408996582 59 1 1.0449999999999999 1
 24 7 147 0.40000000000000002 2 3 16 2000 1.8584073464102069 1.1527671813964844 53 0 0.95899999999999996 0.89999999999999991
 25 7 398 1.6000000000000001 1 3 20 2000 -3.1415926535897931 1.2580094337463379 53 0 1.149 0.89999999999999991
 26 7 268 0.80000000000000004 2 4 16 2000 -0.14159265358979312 1.1626040935516357 59 1 0.997 0.69999999999999996
 27 7 292 1.2 1 3 16 2000 -1.1415926535897931 1.0934233665466309 53 0 0.98899999999999999 0.79999999999999993
 28 7 326 1.2 1 4 20 2000 -2.1415926535897931 3.348588228225708 59 1 0.98299999999999998 0.89999999999999991
 29 7 410 1.6000000000000001 1 4 16 2000 1.8584073464102069 1.264528751373291 59 1 1.1930000000000001 0.79999999999999993
 30 7 466 1.6000000000000001 2 4 16 2400 -3.1415926535897931 1.5007407665252686 53 0 0.997 0.89999999999999991
 31 7 482 3 1 3 16 2000 -1.1415926535897931 0.8314213752746582 53 0 1.155 0.69999999999999996
 32 7 270 0.80000000000000004 2 4 16 2200 -2.1415926535897931 1.1238534450531006 59 1 1.123 1
 33 7 408 1.6000000000000001 1 3 20 2400 -1.1415926535897931 0.92204952239990234 53 0 0.86599999999999999 0.79999999999999993
 34 7 12 0 1 3 16 2400 -0.14159265358979312 1.4244585037231445 59 1 1.0489999999999999 0.89999999999999991
 35 7 413 1.6000000000000001 1 4 16 2200 0.85840734641020688 1.2047784328460693 59 1 0.93400000000000005 0.79999999999999993
 36 7 212 0.80000000000000004 1 3 20 2200 2.8584073464102069 1.0797929763793945 53 0 1.1060000000000001 1
 37 7 339 1.2 2 3 16 2000 -3.1415926535897931 1.0934591293334961 53 0 0.90200000000000002 0.69999999999999996
 38 7 314 1.2 1 4 16 2000 -3.1415926535897931 1.0323596000671387 59 1 1.073 0.69999999999999996
 39 7 227 0.80000000000000004 1 4 16 2400 -2.1415926535897931 1.5753481388092041 53 0 0.86899999999999999 0.79999999999999993
 40 7 139 0.40000000000000002 1 4 20 2200 -3.1415926535897931 1.3324673175811768 53 0 1.194 1
 41 7 551 3 2 3 20 2400 -1.1415926535897931 1.3535346984863281 53 0 0.80900000000000005 1
 42 7 173 0.40000000000000002 2 4 16 2200 -0.14159265358979312 2.5138587951660156 53 0 1.1120000000000001 1
 43 7 25 0 1 4 16 2000 0.85840734641020688 1.1288518905639648 59 1 1.024 0.89999999999999991
 44 7 216 0.80000000000000004 1 3 20 2400 -2.1415926535897931 0.83851146697998047 53 0 0.92100000000000004 0.79999999999999993
 45 7 23 0 1 3 20 2400 1.8584073464102069 1.1394174098968506 53 0 1.1559999999999999 0.89999999999999991
 46 7 3 0 1 3 16 2000 -0.14159265358979312 1.2944185733795166 59 1 1.0009999999999999 1
 47 7 4 0 1 3 16 2000 -3.1415926535897931 1.1024909019470215 59 1 0.80300000000000005 0.89999999999999991
 48 7 110 0.40000000000000002 1 3 20 2000 -1.1415926535897931 1.220761775970459 59 1 0.89200000000000002 0.79999999999999993


# name: resolution
# type: matrix
# rows: 1
# columns: 2
 1366 768


# name: hz
# type: scalar
60


# name: pc
# type: sq_string
# elements: 1
# length: 21
gregor-Latitude-E6320


# name: experiment
# type: sq_string
# elements: 1
# length: 4
RFPb


# name: isOctave
# type: bool
1




