# Created by Octave 5.2.0, Thu Mar 31 14:41:17 2022 CEST <student@gregor-Latitude-E6320>
# name: RFP
# type: scalar struct
# ndims: 2
 1 1
# length: 10
# name: vp
# type: sq_string
# elements: 1
# length: 3
V11


# name: mapping
# type: scalar
1


# name: date
# type: sq_string
# elements: 1
# length: 15
20220331T143908


# name: block
# type: scalar
1


# name: outmat
# type: matrix
# rows: 48
# columns: 14
 1 1 201 0.80000000000000004 1 3 16 2400 1.8584073464102069 2.6687099933624268 59 0 1.0369999999999999 0.89999999999999991
 2 1 217 0.80000000000000004 1 4 16 2000 -1.1415926535897931 1.4816999435424805 59 0 0.98299999999999998 1
 3 1 455 1.6000000000000001 2 3 20 2400 1.8584073464102069 1.0928149223327637 59 0 1.071 0.89999999999999991
 4 1 241 0.80000000000000004 2 3 16 2000 1.8584073464102069 11.793457508087158 59 0 1.1160000000000001 0.89999999999999991
 5 1 314 1.2 1 4 16 2000 2.8584073464102069 1.828256368637085 53 1 0.96499999999999997 0.89999999999999991
 6 1 463 1.6000000000000001 2 4 16 2200 2.8584073464102069 2.4879577159881592 53 1 0.95299999999999996 0.89999999999999991
 7 1 435 1.6000000000000001 2 3 16 2000 -3.1415926535897931 1.2973508834838867 59 0 1.159 1
 8 1 480 1.6000000000000001 2 4 20 2400 -2.1415926535897931 2.206578254699707 59 0 1.075 0.79999999999999993
 9 1 568 3 2 4 20 2000 -0.14159265358979312 1.3126649856567383 53 1 1.153 0.89999999999999991
 10 1 449 1.6000000000000001 2 3 20 2200 1.8584073464102069 5.9294965267181396 59 0 0.92600000000000005 0.79999999999999993
 11 1 64 0 2 3 20 2000 -3.1415926535897931 1.7471396923065186 59 0 1.1259999999999999 0.79999999999999993
 12 1 451 1.6000000000000001 2 3 20 2200 0.85840734641020688 1.2128870487213135 59 0 1.181 1
 13 1 462 1.6000000000000001 2 4 16 2200 2.8584073464102069 1.1413424015045166 53 1 1.175 0.79999999999999993
 14 1 27 0 1 4 16 2000 2.8584073464102069 3.9960188865661621 53 1 1.179 0.79999999999999993
 15 1 134 0.40000000000000002 1 4 20 2000 -0.14159265358979312 1.2560875415802002 53 1 0.97499999999999998 0.79999999999999993
 16 1 247 0.80000000000000004 2 3 16 2200 1.8584073464102069 1.3703598976135254 59 0 0.89100000000000001 0.89999999999999991
 17 1 18 0 1 3 20 2200 2.8584073464102069 1.4122574329376221 59 0 0.84199999999999997 0.89999999999999991
 18 1 468 1.6000000000000001 2 4 16 2400 -1.1415926535897931 1.071213960647583 53 1 0.92900000000000005 0.79999999999999993
 19 1 52 0 2 3 16 2000 -2.1415926535897931 1.0879945755004883 59 0 0.91000000000000003 1
 20 1 183 0.40000000000000002 2 4 20 2000 2.8584073464102069 1.09602952003479 53 1 0.92500000000000004 1
 21 1 473 1.6000000000000001 2 4 20 2200 2.8584073464102069 0.96727156639099121 53 1 1.1699999999999999 1
 22 1 192 0.40000000000000002 2 4 20 2400 -1.1415926535897931 0.89230251312255859 53 1 1.1639999999999999 1
 23 1 373 1.2 2 4 20 2000 -0.14159265358979312 0.82049751281738281 53 1 1.1140000000000001 1
 24 1 444 1.6000000000000001 2 3 16 2400 1.8584073464102069 3.0173139572143555 59 0 0.92400000000000004 0.89999999999999991
 25 1 116 0.40000000000000002 1 3 20 2200 -1.1415926535897931 1.257861852645874 59 0 0.82499999999999996 0.79999999999999993
 26 1 367 1.2 2 4 16 2200 -0.14159265358979312 1.1024043560028076 53 1 0.97599999999999998 1
 27 1 185 0.40000000000000002 2 4 20 2200 2.8584073464102069 1.1183106899261475 53 1 1.101 0.69999999999999996
 28 1 423 1.6000000000000001 1 4 20 2000 -2.1415926535897931 0.87879252433776855 53 1 0.90800000000000003 0.79999999999999993
 29 1 547 3 2 3 20 2200 2.8584073464102069 1.1333703994750977 59 0 1.0880000000000001 0.89999999999999991
 30 1 362 1.2 2 4 16 2000 0.85840734641020688 0.95498895645141602 53 1 1.034 0.69999999999999996
 31 1 488 3 1 3 16 2200 -1.1415926535897931 1.0298762321472168 59 0 0.80000000000000004 0.89999999999999991
 32 1 239 0.80000000000000004 1 4 20 2400 -3.1415926535897931 0.91428208351135254 53 1 0.97199999999999998 0.89999999999999991
 33 1 245 0.80000000000000004 2 3 16 2200 -2.1415926535897931 0.99901866912841797 59 0 1.0529999999999999 0.89999999999999991
 34 1 443 1.6000000000000001 2 3 16 2400 -1.1415926535897931 1.1688027381896973 59 0 1.028 0.79999999999999993
 35 1 356 1.2 2 3 20 2200 0.85840734641020688 1.0573649406433105 59 0 0.81899999999999995 0.69999999999999996
 36 1 419 1.6000000000000001 1 4 16 2400 0.85840734641020688 1.0706572532653809 53 1 0.92200000000000004 0.69999999999999996
 37 1 361 1.2 2 4 16 2000 0.85840734641020688 1.1089890003204346 53 1 1.1970000000000001 0.89999999999999991
 38 1 535 3 2 3 16 2200 -1.1415926535897931 0.99809050559997559 59 0 0.90200000000000002 0.79999999999999993
 39 1 284 0.80000000000000004 2 4 20 2200 -0.14159265358979312 0.99617481231689453 53 1 0.91900000000000004 0.89999999999999991
 40 1 399 1.6000000000000001 1 3 20 2000 -3.1415926535897931 0.94748258590698242 59 0 0.89000000000000001 1
 41 1 205 0.80000000000000004 1 3 20 2000 2.8584073464102069 1.0021207332611084 59 0 0.86899999999999999 0.69999999999999996
 42 1 418 1.6000000000000001 1 4 16 2400 -0.14159265358979312 0.8332977294921875 53 1 1.075 0.79999999999999993
 43 1 13 0 1 3 20 2000 0.85840734641020688 1.0150277614593506 59 0 0.95199999999999996 0.69999999999999996
 44 1 76 0 2 4 16 2000 1.8584073464102069 0.97659969329833984 53 1 1.0680000000000001 0.79999999999999993
 45 1 524 3 1 4 20 2200 -1.1415926535897931 1.6560897827148438 59 0 0.93500000000000005 0.79999999999999993
 46 1 117 0.40000000000000002 1 3 20 2400 -3.1415926535897931 1.3555455207824707 59 0 1.0109999999999999 0.79999999999999993
 47 1 566 3 2 4 20 2000 2.8584073464102069 1.3082418441772461 53 1 1.131 0.69999999999999996
 48 1 46 0 1 4 20 2400 -1.1415926535897931 1.1443634033203125 53 1 0.97999999999999998 0.89999999999999991


# name: resolution
# type: matrix
# rows: 1
# columns: 2
 1366 768


# name: hz
# type: scalar
60


# name: pc
# type: sq_string
# elements: 1
# length: 21
gregor-Latitude-E6320


# name: experiment
# type: sq_string
# elements: 1
# length: 4
RFPb


# name: isOctave
# type: bool
1




