# Created by Octave 5.2.0, Thu Mar 31 14:48:46 2022 CEST <student@gregor-Latitude-E6320>
# name: RFP
# type: scalar struct
# ndims: 2
 1 1
# length: 10
# name: vp
# type: sq_string
# elements: 1
# length: 3
V11


# name: mapping
# type: scalar
1


# name: date
# type: sq_string
# elements: 1
# length: 15
20220331T144659


# name: block
# type: scalar
5


# name: outmat
# type: matrix
# rows: 48
# columns: 14
 1 5 4 0 1 3 16 2000 -2.1415926535897931 1.2258801460266113 53 1 1.069 0.79999999999999993
 2 5 430 1.6000000000000001 1 4 20 2400 2.8584073464102069 1.0595536231994629 59 0 0.92800000000000005 0.89999999999999991
 3 5 483 3 1 3 16 2000 1.8584073464102069 1.0991265773773193 59 0 0.85599999999999998 0.89999999999999991
 4 5 479 1.6000000000000001 2 4 20 2400 0.85840734641020688 1.2121026515960693 59 0 1.143 1
 5 5 135 0.40000000000000002 1 4 20 2000 0.85840734641020688 1.1263234615325928 53 1 1.0589999999999999 0.69999999999999996
 6 5 299 1.2 1 3 16 2400 -2.1415926535897931 1.096552848815918 59 0 0.85599999999999998 0.89999999999999991
 7 5 25 0 1 4 16 2000 -2.1415926535897931 1.0793447494506836 53 1 1.1240000000000001 0.79999999999999993
 8 5 99 0.40000000000000002 1 3 16 2000 -2.1415926535897931 1.0934004783630371 53 1 1.1679999999999999 0.79999999999999993
 9 5 452 1.6000000000000001 2 3 20 2200 0.85840734641020688 1.1727077960968018 59 0 1.0780000000000001 1
 10 5 513 3 1 4 16 2400 2.8584073464102069 1.2362635135650635 59 0 1.1080000000000001 0.79999999999999993
 11 5 559 3 2 4 16 2200 -1.1415926535897931 1.0002560615539551 59 0 0.96799999999999997 0.69999999999999996
 12 5 467 1.6000000000000001 2 4 16 2400 -0.14159265358979312 1.1473281383514404 59 0 0.98599999999999999 0.69999999999999996
 13 5 271 0.80000000000000004 2 4 16 2200 0.85840734641020688 1.3387274742126465 59 0 1.2 1
 14 5 249 0.80000000000000004 2 3 16 2400 -1.1415926535897931 1.1206390857696533 59 0 0.83499999999999996 0.79999999999999993
 15 5 202 0.80000000000000004 1 3 16 2400 -0.14159265358979312 1.0736227035522461 59 0 1.012 0.89999999999999991
 16 5 80 0 2 4 16 2200 2.8584073464102069 1.0942730903625488 53 1 1.1100000000000001 0.69999999999999996
 17 5 558 3 2 4 16 2200 2.8584073464102069 1.0486500263214111 59 0 0.86399999999999999 1
 18 5 402 1.6000000000000001 1 3 20 2200 -2.1415926535897931 1.1556916236877441 59 0 1.111 0.69999999999999996
 19 5 485 3 1 3 16 2200 -0.14159265358979312 1.0033531188964844 59 0 1.0660000000000001 0.69999999999999996
 20 5 264 0.80000000000000004 2 3 20 2400 -0.14159265358979312 1.0707671642303467 59 0 1.0009999999999999 0.89999999999999991
 21 5 415 1.6000000000000001 1 4 16 2200 0.85840734641020688 1.048100471496582 59 0 0.94199999999999995 1
 22 5 48 0 1 4 20 2400 2.8584073464102069 1.0182299613952637 53 1 1.1639999999999999 0.69999999999999996
 23 5 472 1.6000000000000001 2 4 20 2000 -0.14159265358979312 1.0499241352081299 59 0 0.91200000000000003 0.69999999999999996
 24 5 11 0 1 3 16 2400 0.85840734641020688 1.1509833335876465 53 1 1.0189999999999999 0.69999999999999996
 25 5 255 0.80000000000000004 2 3 20 2000 1.8584073464102069 1.1107006072998047 59 0 1.125 0.79999999999999993
 26 5 300 1.2 1 3 16 2400 -0.14159265358979312 1.4891085624694824 59 0 1.194 0.89999999999999991
 27 5 348 1.2 2 3 16 2400 1.8584073464102069 1.0020594596862793 59 0 1.1599999999999999 1
 28 5 260 0.80000000000000004 2 3 20 2200 0.85840734641020688 1.4177498817443848 59 0 0.89300000000000002 0.79999999999999993
 29 5 38 0 1 4 20 2000 1.8584073464102069 1.1186296939849854 53 1 1.048 0.89999999999999991
 30 5 12 0 1 3 16 2400 2.8584073464102069 1.1983873844146729 53 1 1.147 0.69999999999999996
 31 5 169 0.40000000000000002 2 4 16 2000 2.8584073464102069 1.0830609798431396 53 1 0.83199999999999996 0.69999999999999996
 32 5 525 3 1 4 20 2400 1.8584073464102069 1.0845348834991455 59 0 1.0509999999999999 0.69999999999999996
 33 5 176 0.40000000000000002 2 4 16 2200 1.8584073464102069 1.74159836769104 53 1 1.1559999999999999 0.79999999999999993
 34 5 22 0 1 3 20 2400 -3.1415926535897931 1.0980463027954102 53 1 0.82399999999999995 1
 35 5 269 0.80000000000000004 2 4 16 2200 -0.14159265358979312 1.0304231643676758 53 1 1.077 1
 36 5 542 3 2 3 20 2000 1.8584073464102069 1.0619089603424072 59 0 1.016 0.79999999999999993
 37 5 434 1.6000000000000001 2 3 16 2000 1.8584073464102069 1.0744242668151855 59 0 0.83999999999999997 0.89999999999999991
 38 5 62 0 2 3 20 2000 -2.1415926535897931 1.1159842014312744 53 1 0.97999999999999998 0.79999999999999993
 39 5 261 0.80000000000000004 2 3 20 2400 2.8584073464102069 0.95452380180358887 59 0 0.871 1
 40 5 555 3 2 4 16 2000 2.8584073464102069 1.0297496318817139 59 0 0.93300000000000005 1
 41 5 251 0.80000000000000004 2 3 16 2400 -2.1415926535897931 1.3089821338653564 53 1 0.95599999999999996 0.89999999999999991
 42 5 189 0.40000000000000002 2 4 20 2400 -3.1415926535897931 1.1014547348022461 59 0 1.179 0.79999999999999993
 43 5 270 0.80000000000000004 2 4 16 2200 2.8584073464102069 1.3608036041259766 59 0 0.91400000000000003 0.89999999999999991
 44 5 501 3 1 3 20 2400 -3.1415926535897931 1.3140976428985596 59 0 1.004 1
 45 5 16 0 1 3 20 2000 -3.1415926535897931 1.0655074119567871 53 1 1.016 0.89999999999999991
 46 5 267 0.80000000000000004 2 4 16 2000 1.8584073464102069 1.7633638381958008 59 0 1.0269999999999999 1
 47 5 208 0.80000000000000004 1 3 20 2000 2.8584073464102069 1.3194267749786377 59 0 1.046 1
 48 5 160 0.40000000000000002 2 3 20 2000 2.8584073464102069 1.3678550720214844 53 1 1.1850000000000001 0.89999999999999991


# name: resolution
# type: matrix
# rows: 1
# columns: 2
 1366 768


# name: hz
# type: scalar
60


# name: pc
# type: sq_string
# elements: 1
# length: 21
gregor-Latitude-E6320


# name: experiment
# type: sq_string
# elements: 1
# length: 4
RFPb


# name: isOctave
# type: bool
1




