# Created by Octave 5.2.0, Thu Mar 31 14:52:10 2022 CEST <student@gregor-Latitude-E6320>
# name: RFP
# type: scalar struct
# ndims: 2
 1 1
# length: 10
# name: vp
# type: sq_string
# elements: 1
# length: 3
V11


# name: mapping
# type: scalar
1


# name: date
# type: sq_string
# elements: 1
# length: 15
20220331T145031


# name: block
# type: scalar
7


# name: outmat
# type: matrix
# rows: 48
# columns: 14
 1 7 505 3 1 4 16 2000 0.85840734641020688 1.0716993808746338 59 0 0.88400000000000001 0.79999999999999993
 2 7 316 1.2 1 4 16 2000 0.85840734641020688 1.0327479839324951 59 0 1.03 1
 3 7 393 1.6000000000000001 1 3 16 2400 2.8584073464102069 0.99650144577026367 59 0 1.085 1
 4 7 560 3 2 4 16 2200 -1.1415926535897931 1.0232293605804443 59 0 1.0880000000000001 0.69999999999999996
 5 7 478 1.6000000000000001 2 4 20 2400 -1.1415926535897931 1.0464963912963867 59 0 0.95299999999999996 0.79999999999999993
 6 7 139 0.40000000000000002 1 4 20 2200 1.8584073464102069 1.0374686717987061 53 1 1.1910000000000001 0.89999999999999991
 7 7 403 1.6000000000000001 1 3 20 2200 -3.1415926535897931 1.0234038829803467 59 0 1.089 0.89999999999999991
 8 7 103 0.40000000000000002 1 3 16 2200 -3.1415926535897931 1.0069496631622314 53 1 0.96499999999999997 1
 9 7 433 1.6000000000000001 2 3 16 2000 -3.1415926535897931 0.98160099983215332 59 0 1.0600000000000001 0.89999999999999991
 10 7 383 1.2 2 4 20 2400 -3.1415926535897931 1.0616817474365234 59 0 1.099 0.79999999999999993
 11 7 93 0 2 4 20 2400 -1.1415926535897931 1.0548391342163086 53 1 0.871 0.69999999999999996
 12 7 489 3 1 3 16 2400 -0.14159265358979312 1.01287841796875 59 0 0.80400000000000005 0.89999999999999991
 13 7 458 1.6000000000000001 2 4 16 2000 1.8584073464102069 1.1075332164764404 59 0 0.89400000000000002 0.79999999999999993
 14 7 152 0.40000000000000002 2 3 16 2200 1.8584073464102069 1.0089831352233887 53 1 1.175 0.69999999999999996
 15 7 110 0.40000000000000002 1 3 20 2000 -0.14159265358979312 1.0452065467834473 53 1 0.91200000000000003 1
 16 7 380 1.2 2 4 20 2200 0.85840734641020688 0.97026491165161133 59 0 0.89100000000000001 0.69999999999999996
 17 7 420 1.6000000000000001 1 4 16 2400 -1.1415926535897931 0.99533176422119141 59 0 0.91300000000000003 0.79999999999999993
 18 7 414 1.6000000000000001 1 4 16 2200 -0.14159265358979312 0.99019336700439453 59 0 0.86499999999999999 0.69999999999999996
 19 7 138 0.40000000000000002 1 4 20 2200 -0.14159265358979312 0.99206185340881348 53 1 1.1220000000000001 0.79999999999999993
 20 7 150 0.40000000000000002 2 3 16 2200 0.85840734641020688 1.0849249362945557 53 1 0.85399999999999998 0.69999999999999996
 21 7 89 0 2 4 20 2200 -2.1415926535897931 1.0036482810974121 53 1 0.80000000000000004 0.89999999999999991
 22 7 521 3 1 4 20 2200 -0.14159265358979312 0.88797640800476074 59 0 0.90900000000000003 1
 23 7 476 1.6000000000000001 2 4 20 2200 0.85840734641020688 1.0083475112915039 59 0 1.01 0.69999999999999996
 24 7 347 1.2 2 3 16 2400 -1.1415926535897931 0.99304366111755371 59 0 1.129 0.79999999999999993
 25 7 294 1.2 1 3 16 2200 0.85840734641020688 1.0071456432342529 59 0 1.1910000000000001 0.69999999999999996
 26 7 154 0.40000000000000002 2 3 16 2400 1.8584073464102069 1.0073726177215576 53 1 0.84299999999999997 0.79999999999999993
 27 7 536 3 2 3 16 2200 0.85840734641020688 1.0095479488372803 59 0 1.161 0.69999999999999996
 28 7 405 1.6000000000000001 1 3 20 2400 -0.14159265358979312 0.91419243812561035 59 0 0.94399999999999995 1
 29 7 78 0 2 4 16 2200 -1.1415926535897931 0.91984844207763672 53 1 1.131 0.79999999999999993
 30 7 250 0.80000000000000004 2 3 16 2400 -0.14159265358979312 1.0602319240570068 59 0 1.0349999999999999 0.69999999999999996
 31 7 212 0.80000000000000004 1 3 20 2200 -2.1415926535897931 0.94205594062805176 59 0 0.86499999999999999 0.79999999999999993
 32 7 36 0 1 4 16 2400 -3.1415926535897931 1.0352094173431396 53 1 0.93999999999999995 0.79999999999999993
 33 7 326 1.2 1 4 20 2000 -1.1415926535897931 0.9927067756652832 59 0 0.97999999999999998 1
 34 7 320 1.2 1 4 16 2200 -0.14159265358979312 0.91811704635620117 59 0 0.96199999999999997 0.89999999999999991
 35 7 180 0.40000000000000002 2 4 16 2400 -2.1415926535897931 0.92705512046813965 53 1 1.1240000000000001 0.79999999999999993
 36 7 382 1.2 2 4 20 2400 2.8584073464102069 0.99800705909729004 59 0 0.86199999999999999 0.79999999999999993
 37 7 190 0.40000000000000002 2 4 20 2400 -3.1415926535897931 0.98418164253234863 59 0 1.044 0.79999999999999993
 38 7 56 0 2 3 16 2200 -0.14159265358979312 1.0518803596496582 53 1 1.1000000000000001 0.89999999999999991
 39 7 572 3 2 4 20 2200 0.85840734641020688 1.0726156234741211 59 0 0.91500000000000004 0.79999999999999993
 40 7 54 0 2 3 16 2200 -2.1415926535897931 0.98166704177856445 53 1 1.155 0.89999999999999991
 41 7 142 0.40000000000000002 1 4 20 2400 -0.14159265358979312 1.068943977355957 53 1 1.02 0.89999999999999991
 42 7 170 0.40000000000000002 2 4 16 2000 1.8584073464102069 0.95784282684326172 53 1 0.96699999999999997 1
 43 7 98 0.40000000000000002 1 3 16 2000 2.8584073464102069 2.5556409358978271 53 1 0.84599999999999997 0.89999999999999991
 44 7 159 0.40000000000000002 2 3 20 2000 -2.1415926535897931 1.1592137813568115 59 0 0.80000000000000004 0.69999999999999996
 45 7 425 1.6000000000000001 1 4 20 2200 -0.14159265358979312 1.0454249382019043 59 0 1.1930000000000001 0.89999999999999991
 46 7 544 3 2 3 20 2000 -3.1415926535897931 1.2514569759368896 59 0 0.88300000000000001 0.79999999999999993
 47 7 417 1.6000000000000001 1 4 16 2400 -1.1415926535897931 1.0706758499145508 59 0 0.84399999999999997 0.79999999999999993
 48 7 108 0.40000000000000002 1 3 16 2400 -0.14159265358979312 1.0465860366821289 53 1 0.88500000000000001 0.89999999999999991


# name: resolution
# type: matrix
# rows: 1
# columns: 2
 1366 768


# name: hz
# type: scalar
60


# name: pc
# type: sq_string
# elements: 1
# length: 21
gregor-Latitude-E6320


# name: experiment
# type: sq_string
# elements: 1
# length: 4
RFPb


# name: isOctave
# type: bool
1




