# Created by Octave 5.2.0, Thu Mar 31 14:53:58 2022 CEST <student@gregor-Latitude-E6320>
# name: RFP
# type: scalar struct
# ndims: 2
 1 1
# length: 10
# name: vp
# type: sq_string
# elements: 1
# length: 3
V11


# name: mapping
# type: scalar
1


# name: date
# type: sq_string
# elements: 1
# length: 15
20220331T145212


# name: block
# type: scalar
8


# name: outmat
# type: matrix
# rows: 48
# columns: 14
 1 8 97 0.40000000000000002 1 3 16 2000 -1.1415926535897931 1.0603125095367432 53 1 1.0600000000000001 1
 2 8 374 1.2 2 4 20 2000 0.85840734641020688 1.0551445484161377 59 0 1.1200000000000001 0.69999999999999996
 3 8 540 3 2 3 16 2400 0.85840734641020688 1.0739636421203613 59 0 0.80700000000000005 0.89999999999999991
 4 8 519 3 1 4 20 2000 -3.1415926535897931 1.0029506683349609 59 0 0.98299999999999998 1
 5 8 496 3 1 3 20 2000 -1.1415926535897931 1.0615630149841309 59 0 1.1659999999999999 1
 6 8 90 0 2 4 20 2200 -0.14159265358979312 0.93005013465881348 53 1 1.1379999999999999 0.79999999999999993
 7 8 84 0 2 4 16 2400 -3.1415926535897931 1.014657735824585 53 1 0.90600000000000003 0.69999999999999996
 8 8 43 0 1 4 20 2200 -0.14159265358979312 1.0007166862487793 53 1 0.81399999999999995 0.89999999999999991
 9 8 273 0.80000000000000004 2 4 16 2400 -0.14159265358979312 1.0084109306335449 59 0 0.90000000000000002 0.79999999999999993
 10 8 321 1.2 1 4 16 2400 1.8584073464102069 1.0531396865844727 59 0 1.1699999999999999 0.89999999999999991
 11 8 409 1.6000000000000001 1 4 16 2000 -3.1415926535897931 1.1994426250457764 59 0 0.93999999999999995 0.69999999999999996
 12 8 570 3 2 4 20 2200 0.85840734641020688 1.2148571014404297 59 0 1.117 0.79999999999999993
 13 8 475 1.6000000000000001 2 4 20 2200 0.85840734641020688 1.0730431079864502 59 0 1.1579999999999999 0.89999999999999991
 14 8 353 1.2 2 3 20 2200 -2.1415926535897931 1.2896435260772705 59 0 1.0760000000000001 0.79999999999999993
 15 8 88 0 2 4 20 2000 0.85840734641020688 1.1943233013153076 53 1 0.90200000000000002 1
 16 8 520 3 1 4 20 2000 -3.1415926535897931 1.0087578296661377 59 0 1.03 1
 17 8 127 0.40000000000000002 1 4 16 2200 -0.14159265358979312 1.0266728401184082 53 1 1.121 0.89999999999999991
 18 8 187 0.40000000000000002 2 4 20 2200 2.8584073464102069 0.99891519546508789 53 1 1.0649999999999999 0.69999999999999996
 19 8 101 0.40000000000000002 1 3 16 2200 2.8584073464102069 1.839524507522583 53 1 1.155 1
 20 8 130 0.40000000000000002 1 4 16 2400 -2.1415926535897931 1.1317505836486816 53 1 0.95999999999999996 0.69999999999999996
 21 8 295 1.2 1 3 16 2200 -0.14159265358979312 1.0049047470092773 53 1 1.1080000000000001 1
 22 8 81 0 2 4 16 2400 1.8584073464102069 1.0503253936767578 53 1 1.143 0.69999999999999996
 23 8 68 0 2 3 20 2200 -0.14159265358979312 1.0026237964630127 53 1 1.0149999999999999 0.89999999999999991
 24 8 532 3 2 3 16 2000 -3.1415926535897931 0.90073990821838379 59 0 1.1739999999999999 0.69999999999999996
 25 8 280 0.80000000000000004 2 4 20 2000 1.8584073464102069 2.8863508701324463 59 0 0.86599999999999999 0.89999999999999991
 26 8 407 1.6000000000000001 1 3 20 2400 1.8584073464102069 1.9463992118835449 59 0 1.135 1
 27 8 266 0.80000000000000004 2 4 16 2000 -2.1415926535897931 1.3442316055297852 59 0 0.88800000000000001 0.69999999999999996
 28 8 341 1.2 2 3 16 2200 0.85840734641020688 1.2435088157653809 59 0 0.86099999999999999 0.79999999999999993
 29 8 429 1.6000000000000001 1 4 20 2400 -0.14159265358979312 1.2162036895751953 59 0 1.107 0.69999999999999996
 30 8 224 0.80000000000000004 1 4 16 2200 1.8584073464102069 1.1614189147949219 59 0 0.90300000000000002 0.69999999999999996
 31 8 1 0 1 3 16 2000 -3.1415926535897931 1.0593125820159912 53 1 1.1499999999999999 0.69999999999999996
 32 8 200 0.80000000000000004 1 3 16 2200 1.8584073464102069 1.063654899597168 59 0 1.1699999999999999 1
 33 8 206 0.80000000000000004 1 3 20 2000 -0.14159265358979312 1.0921602249145508 59 0 0.82599999999999996 0.69999999999999996
 34 8 39 0 1 4 20 2000 2.8584073464102069 1.0392551422119141 53 1 1.0129999999999999 0.69999999999999996
 35 8 486 3 1 3 16 2200 -0.14159265358979312 1.0917596817016602 59 0 0.94599999999999995 0.69999999999999996
 36 8 338 1.2 2 3 16 2000 -1.1415926535897931 1.1309328079223633 59 0 0.94499999999999995 0.89999999999999991
 37 8 360 1.2 2 3 20 2400 2.8584073464102069 1.0208120346069336 59 0 1 0.79999999999999993
 38 8 221 0.80000000000000004 1 4 16 2200 -3.1415926535897931 1.0669233798980713 53 1 1.1299999999999999 0.79999999999999993
 39 8 67 0 2 3 20 2200 1.8584073464102069 1.0392024517059326 53 1 1.028 1
 40 8 515 3 1 4 16 2400 2.8584073464102069 0.84638190269470215 59 0 0.94099999999999995 0.79999999999999993
 41 8 352 1.2 2 3 20 2000 -3.1415926535897931 1.1351563930511475 59 0 1.0669999999999999 0.89999999999999991
 42 8 41 0 1 4 20 2200 -0.14159265358979312 1.1469955444335938 53 1 1.103 0.69999999999999996
 43 8 529 3 2 3 16 2000 -0.14159265358979312 1.0295062065124512 59 0 0.94399999999999995 0.79999999999999993
 44 8 188 0.40000000000000002 2 4 20 2200 -0.14159265358979312 1.1351494789123535 53 1 1.081 0.69999999999999996
 45 8 441 1.6000000000000001 2 3 16 2400 -2.1415926535897931 0.8718111515045166 59 0 1.0720000000000001 0.69999999999999996
 46 8 437 1.6000000000000001 2 3 16 2200 0.85840734641020688 1.0534172058105469 59 0 1.1459999999999999 1
 47 8 10 0 1 3 16 2400 -2.1415926535897931 1.0151212215423584 53 1 1.0329999999999999 0.79999999999999993
 48 8 15 0 1 3 20 2000 -0.14159265358979312 0.92799043655395508 53 1 1.163 0.89999999999999991


# name: resolution
# type: matrix
# rows: 1
# columns: 2
 1366 768


# name: hz
# type: scalar
60


# name: pc
# type: sq_string
# elements: 1
# length: 21
gregor-Latitude-E6320


# name: experiment
# type: sq_string
# elements: 1
# length: 4
RFPb


# name: isOctave
# type: bool
1




