# Created by Octave 5.2.0, Thu Mar 31 15:00:45 2022 CEST <student@gregor-Latitude-E6320>
# name: RFP
# type: scalar struct
# ndims: 2
 1 1
# length: 10
# name: vp
# type: sq_string
# elements: 1
# length: 3
V11


# name: mapping
# type: scalar
1


# name: date
# type: sq_string
# elements: 1
# length: 15
20220331T145904


# name: block
# type: scalar
12


# name: outmat
# type: matrix
# rows: 48
# columns: 14
 1 12 283 0.80000000000000004 2 4 20 2200 -3.1415926535897931 0.9973151683807373 59 0 1.131 0.89999999999999991
 2 12 5 0 1 3 16 2200 0.85840734641020688 0.9865264892578125 53 1 1.0529999999999999 1
 3 12 53 0 2 3 16 2200 -1.1415926535897931 0.97644567489624023 53 1 0.81000000000000005 0.69999999999999996
 4 12 554 3 2 4 16 2000 2.8584073464102069 1.0173039436340332 59 0 1.0349999999999999 0.79999999999999993
 5 12 539 3 2 3 16 2400 -2.1415926535897931 0.99072790145874023 59 0 0.999 1
 6 12 66 0 2 3 20 2200 -0.14159265358979312 1.0408248901367188 53 1 1.1659999999999999 1
 7 12 503 3 1 3 20 2400 2.8584073464102069 1.073251485824585 59 0 1.0669999999999999 1
 8 12 177 0.40000000000000002 2 4 16 2400 -3.1415926535897931 1.0244166851043701 53 1 1.091 0.89999999999999991
 9 12 213 0.80000000000000004 1 3 20 2400 2.8584073464102069 0.9901268482208252 59 0 0.92700000000000005 1
 10 12 432 1.6000000000000001 1 4 20 2400 -0.14159265358979312 1.01737380027771 59 0 1.145 1
 11 12 339 1.2 2 3 16 2000 1.8584073464102069 1.0446174144744873 59 0 1.1859999999999999 1
 12 12 113 0.40000000000000002 1 3 20 2200 2.8584073464102069 0.82403230667114258 53 1 0.81999999999999995 0.89999999999999991
 13 12 440 1.6000000000000001 2 3 16 2200 2.8584073464102069 0.98845863342285156 59 0 1.0189999999999999 1
 14 12 552 3 2 3 20 2400 0.85840734641020688 0.95590710639953613 59 0 1.1739999999999999 1
 15 12 528 3 1 4 20 2400 2.8584073464102069 1.0650327205657959 59 0 1.123 0.89999999999999991
 16 12 162 0.40000000000000002 2 3 20 2200 -2.1415926535897931 0.99625253677368164 53 1 1.01 0.79999999999999993
 17 12 421 1.6000000000000001 1 4 20 2000 -0.14159265358979312 0.93956732749938965 59 0 0.80100000000000005 0.79999999999999993
 18 12 33 0 1 4 16 2400 -2.1415926535897931 0.94137072563171387 53 1 0.996 0.69999999999999996
 19 12 349 1.2 2 3 20 2000 -0.14159265358979312 1.0218431949615479 59 0 1.0880000000000001 0.69999999999999996
 20 12 553 3 2 4 16 2000 -3.1415926535897931 0.94895744323730469 59 0 1.0289999999999999 0.79999999999999993
 21 12 7 0 1 3 16 2200 -1.1415926535897931 0.8603827953338623 53 1 0.85899999999999999 0.89999999999999991
 22 12 179 0.40000000000000002 2 4 16 2400 -0.14159265358979312 0.9884495735168457 53 1 1.095 0.89999999999999991
 23 12 285 0.80000000000000004 2 4 20 2400 1.8584073464102069 0.91928935050964355 53 1 0.95499999999999996 1
 24 12 571 3 2 4 20 2200 -1.1415926535897931 1.0002365112304688 59 0 1.1679999999999999 0.79999999999999993
 25 12 196 0.80000000000000004 1 3 16 2000 1.8584073464102069 0.83781242370605469 59 0 1.1220000000000001 0.79999999999999993
 26 12 376 1.2 2 4 20 2000 -3.1415926535897931 1.0042629241943359 59 0 0.89300000000000002 1
 27 12 34 0 1 4 16 2400 -3.1415926535897931 1.048454761505127 53 1 1.095 1
 28 12 45 0 1 4 20 2400 -1.1415926535897931 1.0318479537963867 53 1 0.98199999999999998 0.79999999999999993
 29 12 482 3 1 3 16 2000 -1.1415926535897931 1.0293354988098145 59 0 1.087 1
 30 12 85 0 2 4 20 2000 -1.1415926535897931 1.1668224334716797 53 1 1.1779999999999999 0.79999999999999993
 31 12 492 3 1 3 16 2400 0.85840734641020688 1.0389723777770996 59 0 1.171 0.69999999999999996
 32 12 194 0.80000000000000004 1 3 16 2000 2.8584073464102069 0.85673713684082031 59 0 0.81799999999999995 0.89999999999999991
 33 12 49 0 2 3 16 2000 -1.1415926535897931 0.9189152717590332 53 1 0.86299999999999999 1
 34 12 499 3 1 3 20 2200 0.85840734641020688 2.4237170219421387 59 0 0.82199999999999995 1
 35 12 155 0.40000000000000002 2 3 16 2400 1.8584073464102069 1.0690028667449951 53 1 1.093 0.89999999999999991
 36 12 543 3 2 3 20 2000 0.85840734641020688 1.0758144855499268 59 0 0.97099999999999997 0.79999999999999993
 37 12 548 3 2 3 20 2200 -3.1415926535897931 1.0898110866546631 59 0 0.90800000000000003 0.79999999999999993
 38 12 148 0.40000000000000002 2 3 16 2000 -3.1415926535897931 1.0345427989959717 53 1 1.1479999999999999 0.79999999999999993
 39 12 381 1.2 2 4 20 2400 1.8584073464102069 1.0458111763000488 59 0 0.83899999999999997 1
 40 12 240 0.80000000000000004 1 4 20 2400 1.8584073464102069 1.1954350471496582 59 0 1.0369999999999999 0.89999999999999991
 41 12 86 0 2 4 20 2000 -1.1415926535897931 1.0663900375366211 53 1 1.196 1
 42 12 371 1.2 2 4 16 2400 0.85840734641020688 1.0336120128631592 59 0 1.0169999999999999 0.89999999999999991
 43 12 291 1.2 1 3 16 2000 -0.14159265358979312 1.0379772186279297 59 0 0.89700000000000002 1
 44 12 512 3 1 4 16 2200 -1.1415926535897931 0.99976849555969238 59 0 0.86799999999999999 1
 45 12 222 0.80000000000000004 1 4 16 2200 -2.1415926535897931 1.0381207466125488 59 0 1.1990000000000001 1
 46 12 564 3 2 4 16 2400 2.8584073464102069 1.0185492038726807 59 0 0.93300000000000005 0.89999999999999991
 47 12 363 1.2 2 4 16 2000 -1.1415926535897931 1.2324128150939941 59 0 1.071 0.89999999999999991
 48 12 507 3 1 4 16 2000 -1.1415926535897931 1.1562204360961914 59 0 1.1970000000000001 0.89999999999999991


# name: resolution
# type: matrix
# rows: 1
# columns: 2
 1366 768


# name: hz
# type: scalar
60


# name: pc
# type: sq_string
# elements: 1
# length: 21
gregor-Latitude-E6320


# name: experiment
# type: sq_string
# elements: 1
# length: 4
RFPb


# name: isOctave
# type: bool
1




