# Created by Octave 5.2.0, Thu Mar 31 14:59:01 2022 CEST <student@gregor-Latitude-E6320>
# name: RFP
# type: scalar struct
# ndims: 2
 1 1
# length: 10
# name: vp
# type: sq_string
# elements: 1
# length: 3
V11


# name: mapping
# type: scalar
1


# name: date
# type: sq_string
# elements: 1
# length: 15
20220331T145721


# name: block
# type: scalar
11


# name: outmat
# type: matrix
# rows: 48
# columns: 14
 1 11 422 1.6000000000000001 1 4 20 2000 1.8584073464102069 0.99434900283813477 59 0 1.042 0.79999999999999993
 2 11 126 0.40000000000000002 1 4 16 2200 -1.1415926535897931 1.0822353363037109 53 1 0.82499999999999996 0.69999999999999996
 3 11 92 0 2 4 20 2200 -2.1415926535897931 1.0052978992462158 53 1 1.036 0.69999999999999996
 4 11 370 1.2 2 4 16 2400 2.8584073464102069 1.016711950302124 53 1 0.85799999999999998 0.89999999999999991
 5 11 319 1.2 1 4 16 2200 -1.1415926535897931 1.1251645088195801 53 1 1.1799999999999999 0.79999999999999993
 6 11 340 1.2 2 3 16 2000 0.85840734641020688 1.0759050846099854 59 0 1.1970000000000001 1
 7 11 545 3 2 3 20 2200 0.85840734641020688 1.0211765766143799 59 0 0.95999999999999996 1
 8 11 32 0 1 4 16 2200 2.8584073464102069 0.99902820587158203 53 1 1.1639999999999999 1
 9 11 343 1.2 2 3 16 2200 2.8584073464102069 1.0232689380645752 59 0 1.1200000000000001 0.79999999999999993
 10 11 40 0 1 4 20 2000 0.85840734641020688 0.95501184463500977 53 1 1.1160000000000001 0.79999999999999993
 11 11 30 0 1 4 16 2200 2.8584073464102069 1.0198049545288086 53 1 0.86499999999999999 0.89999999999999991
 12 11 158 0.40000000000000002 2 3 20 2000 -0.14159265358979312 1.069197416305542 53 1 1.109 1
 13 11 350 1.2 2 3 20 2000 2.8584073464102069 0.90842723846435547 59 0 1.171 0.89999999999999991
 14 11 408 1.6000000000000001 1 3 20 2400 -0.14159265358979312 0.93667793273925781 59 0 1.1399999999999999 1
 15 11 498 3 1 3 20 2200 2.8584073464102069 1.0243208408355713 59 0 0.84299999999999997 0.89999999999999991
 16 11 2 0 1 3 16 2000 2.8584073464102069 1.0305447578430176 53 1 1.0980000000000001 0.89999999999999991
 17 11 502 3 1 3 20 2400 2.8584073464102069 0.94031310081481934 59 0 1.0349999999999999 0.79999999999999993
 18 11 9 0 1 3 16 2400 1.8584073464102069 1.3456757068634033 53 1 1.1919999999999999 0.89999999999999991
 19 11 390 1.6000000000000001 1 3 16 2200 -3.1415926535897931 1.0141525268554688 59 0 1.137 0.69999999999999996
 20 11 165 0.40000000000000002 2 3 20 2400 0.85840734641020688 0.96606564521789551 59 0 1.0860000000000001 0.89999999999999991
 21 11 121 0.40000000000000002 1 4 16 2000 2.8584073464102069 1.0377476215362549 53 1 1.1479999999999999 0.89999999999999991
 22 11 275 0.80000000000000004 2 4 16 2400 -3.1415926535897931 0.92659473419189453 59 0 0.83399999999999996 0.69999999999999996
 23 11 508 3 1 4 16 2000 -2.1415926535897931 1.0429408550262451 59 0 0.85899999999999999 0.89999999999999991
 24 11 522 3 1 4 20 2200 -1.1415926535897931 0.88698577880859375 59 0 1.1459999999999999 1
 25 11 257 0.80000000000000004 2 3 20 2200 2.8584073464102069 0.95564699172973633 59 0 0.81399999999999995 1
 26 11 214 0.80000000000000004 1 3 20 2400 -2.1415926535897931 0.99262237548828125 59 0 1.1619999999999999 0.69999999999999996
 27 11 287 0.80000000000000004 2 4 20 2400 -2.1415926535897931 0.94637346267700195 59 0 0.81799999999999995 0.89999999999999991
 28 11 124 0.40000000000000002 1 4 16 2000 -1.1415926535897931 1.2993497848510742 53 1 0.94299999999999995 0.69999999999999996
 29 11 490 3 1 3 16 2400 0.85840734641020688 1.0550563335418701 59 0 0.98299999999999998 0.69999999999999996
 30 11 332 1.2 1 4 20 2200 -1.1415926535897931 1.012901782989502 59 0 1.1779999999999999 0.69999999999999996
 31 11 396 1.6000000000000001 1 3 16 2400 -2.1415926535897931 1.0533671379089355 59 0 0.88700000000000001 1
 32 11 82 0 2 4 16 2400 -1.1415926535897931 1.0037848949432373 53 1 1.006 1
 33 11 375 1.2 2 4 20 2000 -2.1415926535897931 1.5367405414581299 59 0 0.80500000000000005 0.89999999999999991
 34 11 317 1.2 1 4 16 2200 1.8584073464102069 0.9515843391418457 59 0 0.86299999999999999 0.79999999999999993
 35 11 51 0 2 3 16 2000 -3.1415926535897931 0.9389183521270752 53 1 0.84499999999999997 1
 36 11 131 0.40000000000000002 1 4 16 2400 2.8584073464102069 0.98944926261901855 53 1 1.1299999999999999 0.89999999999999991
 37 11 29 0 1 4 16 2200 -2.1415926535897931 0.98529624938964844 53 1 1.091 0.89999999999999991
 38 11 569 3 2 4 20 2200 -3.1415926535897931 0.8652646541595459 59 0 1.1910000000000001 0.79999999999999993
 39 11 119 0.40000000000000002 1 3 20 2400 -1.1415926535897931 1.0180580615997314 53 1 0.93400000000000005 0.89999999999999991
 40 11 404 1.6000000000000001 1 3 20 2200 0.85840734641020688 0.98038935661315918 59 0 1.0129999999999999 1
 41 11 311 1.2 1 3 20 2400 -2.1415926535897931 0.95350408554077148 59 0 0.81000000000000005 1
 42 11 534 3 2 3 16 2200 1.8584073464102069 1.080540657043457 59 0 0.82699999999999996 1
 43 11 197 0.80000000000000004 1 3 16 2200 0.85840734641020688 1.0245847702026367 53 1 0.92400000000000004 0.69999999999999996
 44 11 107 0.40000000000000002 1 3 16 2400 -2.1415926535897931 1.0678417682647705 53 1 1.0649999999999999 0.69999999999999996
 45 11 506 3 1 4 16 2000 2.8584073464102069 1.0074055194854736 59 0 1.0880000000000001 1
 46 11 573 3 2 4 20 2400 0.85840734641020688 1.1192018985748291 59 0 1.109 1
 47 11 243 0.80000000000000004 2 3 16 2000 -0.14159265358979312 1.0382480621337891 53 1 1.0129999999999999 1
 48 11 469 1.6000000000000001 2 4 20 2000 -3.1415926535897931 1.0411677360534668 59 0 0.878 1


# name: resolution
# type: matrix
# rows: 1
# columns: 2
 1366 768


# name: hz
# type: scalar
60


# name: pc
# type: sq_string
# elements: 1
# length: 21
gregor-Latitude-E6320


# name: experiment
# type: sq_string
# elements: 1
# length: 4
RFPb


# name: isOctave
# type: bool
1




