# Created by Octave 5.2.0, Thu Mar 31 14:50:29 2022 CEST <student@gregor-Latitude-E6320>
# name: RFP
# type: scalar struct
# ndims: 2
 1 1
# length: 10
# name: vp
# type: sq_string
# elements: 1
# length: 3
V11


# name: mapping
# type: scalar
1


# name: date
# type: sq_string
# elements: 1
# length: 15
20220331T144848


# name: block
# type: scalar
6


# name: outmat
# type: matrix
# rows: 48
# columns: 14
 1 6 151 0.40000000000000002 2 3 16 2200 0.85840734641020688 1.4325361251831055 53 1 1.0409999999999999 1
 2 6 118 0.40000000000000002 1 3 20 2400 2.8584073464102069 1.1733524799346924 53 1 0.92500000000000004 1
 3 6 563 3 2 4 16 2400 0.85840734641020688 1.0028083324432373 59 0 1.0900000000000001 0.69999999999999996
 4 6 79 0 2 4 16 2200 -0.14159265358979312 1.0304548740386963 53 1 1.0880000000000001 0.89999999999999991
 5 6 144 0.40000000000000002 1 4 20 2400 -3.1415926535897931 1.0613937377929688 53 1 1.1020000000000001 0.69999999999999996
 6 6 531 3 2 3 16 2000 -0.14159265358979312 1.1020853519439697 59 0 0.98699999999999999 1
 7 6 456 1.6000000000000001 2 3 20 2400 -1.1415926535897931 1.0473723411560059 59 0 1.1220000000000001 0.79999999999999993
 8 6 329 1.2 1 4 20 2200 0.85840734641020688 1.00852370262146 59 0 1.0289999999999999 0.89999999999999991
 9 6 406 1.6000000000000001 1 3 20 2400 2.8584073464102069 1.0036954879760742 59 0 1.0289999999999999 0.79999999999999993
 10 6 474 1.6000000000000001 2 4 20 2200 -0.14159265358979312 1.029810905456543 59 0 1.1040000000000001 0.69999999999999996
 11 6 302 1.2 1 3 20 2000 2.8584073464102069 1.0333342552185059 59 0 0.86299999999999999 1
 12 6 445 1.6000000000000001 2 3 20 2000 -3.1415926535897931 1.1025819778442383 59 0 1.0489999999999999 0.79999999999999993
 13 6 21 0 1 3 20 2400 0.85840734641020688 0.9619438648223877 53 1 0.996 0.79999999999999993
 14 6 232 0.80000000000000004 1 4 20 2000 2.8584073464102069 1.0936508178710938 53 1 1.014 0.69999999999999996
 15 6 198 0.80000000000000004 1 3 16 2200 -3.1415926535897931 1.2705981731414795 59 0 0.94099999999999995 0.69999999999999996
 16 6 442 1.6000000000000001 2 3 16 2400 -3.1415926535897931 1.1327395439147949 59 0 0.91600000000000004 0.89999999999999991
 17 6 484 3 1 3 16 2000 2.8584073464102069 1.0225338935852051 59 0 0.84499999999999997 0.69999999999999996
 18 6 342 1.2 2 3 16 2200 2.8584073464102069 1.0360434055328369 59 0 1.1699999999999999 1
 19 6 389 1.6000000000000001 1 3 16 2200 0.85840734641020688 0.96579742431640625 59 0 1.107 0.89999999999999991
 20 6 439 1.6000000000000001 2 3 16 2200 0.85840734641020688 1.0858924388885498 59 0 1.0700000000000001 0.69999999999999996
 21 6 307 1.2 1 3 20 2200 -1.1415926535897931 1.1238453388214111 59 0 1.0640000000000001 0.89999999999999991
 22 6 120 0.40000000000000002 1 3 20 2400 -1.1415926535897931 1.1285943984985352 53 1 1.0620000000000001 0.79999999999999993
 23 6 310 1.2 1 3 20 2400 1.8584073464102069 1.0739772319793701 59 0 0.90500000000000003 0.89999999999999991
 24 6 209 0.80000000000000004 1 3 20 2200 -2.1415926535897931 1.0901949405670166 59 0 1.0669999999999999 0.79999999999999993
 25 6 401 1.6000000000000001 1 3 20 2200 1.8584073464102069 0.9895637035369873 59 0 1.012 0.89999999999999991
 26 6 215 0.80000000000000004 1 3 20 2400 1.8584073464102069 0.96930265426635742 59 0 0.92800000000000005 0.89999999999999991
 27 6 227 0.80000000000000004 1 4 16 2400 -3.1415926535897931 0.92974734306335449 59 0 0.872 0.79999999999999993
 28 6 228 0.80000000000000004 1 4 16 2400 -2.1415926535897931 1.0099401473999023 59 0 1.1279999999999999 0.69999999999999996
 29 6 182 0.40000000000000002 2 4 20 2000 2.8584073464102069 1.1243770122528076 53 1 0.96799999999999997 1
 30 6 288 0.80000000000000004 2 4 20 2400 -1.1415926535897931 1.3116886615753174 59 0 0.90900000000000003 0.89999999999999991
 31 6 466 1.6000000000000001 2 4 16 2400 -0.14159265358979312 1.0553426742553711 59 0 0.84099999999999997 1
 32 6 256 0.80000000000000004 2 3 20 2000 -3.1415926535897931 1.1156604290008545 59 0 0.88600000000000001 0.89999999999999991
 33 6 454 1.6000000000000001 2 3 20 2400 2.8584073464102069 0.99647951126098633 59 0 0.82299999999999995 1
 34 6 328 1.2 1 4 20 2000 -1.1415926535897931 1.0606319904327393 59 0 0.84199999999999997 0.69999999999999996
 35 6 471 1.6000000000000001 2 4 20 2000 -1.1415926535897931 1.0812804698944092 59 0 0.82199999999999995 0.69999999999999996
 36 6 193 0.80000000000000004 1 3 16 2000 -3.1415926535897931 1.1217589378356934 59 0 1.153 0.69999999999999996
 37 6 282 0.80000000000000004 2 4 20 2200 -3.1415926535897931 1.0772795677185059 59 0 0.91100000000000003 0.79999999999999993
 38 6 171 0.40000000000000002 2 4 16 2000 -3.1415926535897931 1.0941917896270752 53 1 1.1659999999999999 0.89999999999999991
 39 6 129 0.40000000000000002 1 4 16 2400 2.8584073464102069 1.1058328151702881 53 1 0.89400000000000002 0.79999999999999993
 40 6 91 0 2 4 20 2200 2.8584073464102069 1.0859105587005615 53 1 1.0960000000000001 1
 41 6 100 0.40000000000000002 1 3 16 2000 1.8584073464102069 1.1214141845703125 53 1 0.995 1
 42 6 491 3 1 3 16 2400 -0.14159265358979312 1.0349757671356201 59 0 1.073 0.89999999999999991
 43 6 72 0 2 3 20 2400 0.85840734641020688 1.0578081607818604 53 1 0.871 1
 44 6 385 1.6000000000000001 1 3 16 2000 1.8584073464102069 0.91642904281616211 59 0 0.89700000000000002 0.69999999999999996
 45 6 336 1.2 1 4 20 2400 1.8584073464102069 0.96105480194091797 59 0 1.0760000000000001 0.89999999999999991
 46 6 323 1.2 1 4 16 2400 -2.1415926535897931 0.92951798439025879 59 0 1.167 0.69999999999999996
 47 6 526 3 1 4 20 2400 -3.1415926535897931 0.98774170875549316 59 0 0.92500000000000004 0.69999999999999996
 48 6 252 0.80000000000000004 2 3 16 2400 -3.1415926535897931 1.0415377616882324 59 0 1.127 0.79999999999999993


# name: resolution
# type: matrix
# rows: 1
# columns: 2
 1366 768


# name: hz
# type: scalar
60


# name: pc
# type: sq_string
# elements: 1
# length: 21
gregor-Latitude-E6320


# name: experiment
# type: sq_string
# elements: 1
# length: 4
RFPb


# name: isOctave
# type: bool
1




