# Created by Octave 5.2.0, Thu Mar 31 14:43:11 2022 CEST <student@gregor-Latitude-E6320>
# name: RFP
# type: scalar struct
# ndims: 2
 1 1
# length: 10
# name: vp
# type: sq_string
# elements: 1
# length: 3
V11


# name: mapping
# type: scalar
1


# name: date
# type: sq_string
# elements: 1
# length: 15
20220331T144121


# name: block
# type: scalar
2


# name: outmat
# type: matrix
# rows: 48
# columns: 14
 1 2 128 0.40000000000000002 1 4 16 2200 1.8584073464102069 1.1421988010406494 53 1 1.0609999999999999 0.69999999999999996
 2 2 392 1.6000000000000001 1 3 16 2200 1.8584073464102069 0.97121143341064453 59 0 1.0249999999999999 0.69999999999999996
 3 2 143 0.40000000000000002 1 4 20 2400 1.8584073464102069 0.92986869812011719 53 1 1.105 0.79999999999999993
 4 2 140 0.40000000000000002 1 4 20 2200 2.8584073464102069 1.0267534255981445 53 1 0.93999999999999995 0.69999999999999996
 5 2 123 0.40000000000000002 1 4 16 2000 0.85840734641020688 1.1678941249847412 53 1 0.92500000000000004 1
 6 2 234 0.80000000000000004 1 4 20 2200 -3.1415926535897931 1.0567595958709717 53 1 0.92900000000000005 1
 7 2 567 3 2 4 20 2000 1.8584073464102069 1.0321736335754395 53 1 1.117 0.79999999999999993
 8 2 156 0.40000000000000002 2 3 16 2400 1.8584073464102069 1.051400899887085 59 0 0.85799999999999998 0.79999999999999993
 9 2 125 0.40000000000000002 1 4 16 2200 -3.1415926535897931 1.2636866569519043 53 1 1.131 1
 10 2 244 0.80000000000000004 2 3 16 2000 -2.1415926535897931 0.97322797775268555 59 0 0.91500000000000004 0.89999999999999991
 11 2 394 1.6000000000000001 1 3 16 2400 0.85840734641020688 1.0786387920379639 59 0 1.014 0.79999999999999993
 12 2 106 0.40000000000000002 1 3 16 2400 1.8584073464102069 1.0175507068634033 59 0 0.84499999999999997 0.69999999999999996
 13 2 346 1.2 2 3 16 2400 -0.14159265358979312 1.0496139526367188 59 0 1.1910000000000001 1
 14 2 493 3 1 3 20 2000 -1.1415926535897931 1.0361289978027344 59 0 0.81200000000000006 1
 15 2 514 3 1 4 16 2400 2.8584073464102069 1.0947754383087158 53 1 0.89700000000000002 0.79999999999999993
 16 2 410 1.6000000000000001 1 4 16 2000 -3.1415926535897931 1.073967456817627 53 1 0.999 0.79999999999999993
 17 2 457 1.6000000000000001 2 4 16 2000 -0.14159265358979312 1.3369653224945068 53 1 0.81699999999999995 0.69999999999999996
 18 2 147 0.40000000000000002 2 3 16 2000 1.8584073464102069 3.9309852123260498 59 0 1.083 0.69999999999999996
 19 2 497 3 1 3 20 2200 -1.1415926535897931 1.1677401065826416 59 0 0.90200000000000002 0.79999999999999993
 20 2 322 1.2 1 4 16 2400 -3.1415926535897931 1.8217315673828125 53 1 0.93999999999999995 0.79999999999999993
 21 2 504 3 1 3 20 2400 -1.1415926535897931 1.2056648731231689 59 0 1.085 0.69999999999999996
 22 2 47 0 1 4 20 2400 -0.14159265358979312 1.1126518249511719 53 1 0.97199999999999998 0.69999999999999996
 23 2 549 3 2 3 20 2400 -0.14159265358979312 1.1794517040252686 59 0 1.01 0.69999999999999996
 24 2 378 1.2 2 4 20 2200 0.85840734641020688 1.3367593288421631 53 1 0.997 0.89999999999999991
 25 2 265 0.80000000000000004 2 4 16 2000 -3.1415926535897931 1.3943002223968506 53 1 1.1220000000000001 0.89999999999999991
 26 2 344 1.2 2 3 16 2200 0.85840734641020688 1.1485247611999512 59 0 1.079 0.69999999999999996
 27 2 377 1.2 2 4 20 2200 -3.1415926535897931 1.0255258083343506 59 0 1.056 0.79999999999999993
 28 2 55 0 2 3 16 2200 1.8584073464102069 1.2726418972015381 53 1 0.97799999999999998 0.89999999999999991
 29 2 181 0.40000000000000002 2 4 20 2000 -0.14159265358979312 1.0225589275360107 53 1 1.05 0.69999999999999996
 30 2 168 0.40000000000000002 2 3 20 2400 -2.1415926535897931 1.1960678100585938 53 1 1.03 0.89999999999999991
 31 2 87 0 2 4 20 2000 -2.1415926535897931 1.1832678318023682 53 1 0.88200000000000001 0.89999999999999991
 32 2 230 0.80000000000000004 1 4 20 2000 0.85840734641020688 1.4274885654449463 59 0 1.081 0.89999999999999991
 33 2 191 0.40000000000000002 2 4 20 2400 -2.1415926535897931 1.3222169876098633 53 1 1.0820000000000001 0.89999999999999991
 34 2 28 0 1 4 16 2000 2.8584073464102069 0.99295830726623535 53 1 0.92200000000000004 1
 35 2 397 1.6000000000000001 1 3 20 2000 -3.1415926535897931 1.1762340068817139 59 0 0.93300000000000005 0.89999999999999991
 36 2 184 0.40000000000000002 2 4 20 2000 2.8584073464102069 1.4504647254943848 59 0 1.0129999999999999 0.79999999999999993
 37 2 459 1.6000000000000001 2 4 16 2000 -2.1415926535897931 1.0846097469329834 59 0 0.94099999999999995 1
 38 2 167 0.40000000000000002 2 3 20 2400 -2.1415926535897931 1.1216249465942383 59 0 1.153 1
 39 2 465 1.6000000000000001 2 4 16 2400 1.8584073464102069 1.1006674766540527 59 0 1.1559999999999999 0.69999999999999996
 40 2 199 0.80000000000000004 1 3 16 2200 0.85840734641020688 1.4113550186157227 59 0 1.0249999999999999 0.69999999999999996
 41 2 557 3 2 4 16 2200 -3.1415926535897931 1.2694458961486816 59 0 0.83299999999999996 0.69999999999999996
 42 2 575 3 2 4 20 2400 -0.14159265358979312 1.0595335960388184 59 0 0.91600000000000004 0.89999999999999991
 43 2 416 1.6000000000000001 1 4 16 2200 -0.14159265358979312 1.2369785308837891 53 1 1.0980000000000001 1
 44 2 44 0 1 4 20 2200 -1.1415926535897931 1.1250443458557129 53 1 0.97999999999999998 1
 45 2 398 1.6000000000000001 1 3 20 2000 -3.1415926535897931 2.9098379611968994 59 0 1.1339999999999999 0.79999999999999993
 46 2 387 1.6000000000000001 1 3 16 2000 1.8584073464102069 1.4841876029968262 59 0 1.0700000000000001 1
 47 2 42 0 1 4 20 2200 2.8584073464102069 1.1159543991088867 53 1 1.016 0.89999999999999991
 48 2 75 0 2 4 16 2000 0.85840734641020688 1.2640550136566162 53 1 0.89000000000000001 0.89999999999999991


# name: resolution
# type: matrix
# rows: 1
# columns: 2
 1366 768


# name: hz
# type: scalar
60


# name: pc
# type: sq_string
# elements: 1
# length: 21
gregor-Latitude-E6320


# name: experiment
# type: sq_string
# elements: 1
# length: 4
RFPb


# name: isOctave
# type: bool
1




