# Created by Octave 5.2.0, Thu Mar 31 14:46:57 2022 CEST <student@gregor-Latitude-E6320>
# name: RFP
# type: scalar struct
# ndims: 2
 1 1
# length: 10
# name: vp
# type: sq_string
# elements: 1
# length: 3
V11


# name: mapping
# type: scalar
1


# name: date
# type: sq_string
# elements: 1
# length: 15
20220331T144504


# name: block
# type: scalar
4


# name: outmat
# type: matrix
# rows: 48
# columns: 14
 1 4 112 0.40000000000000002 1 3 20 2000 0.85840734641020688 1.48968505859375 53 1 1.1399999999999999 0.89999999999999991
 2 4 258 0.80000000000000004 2 3 20 2200 -1.1415926535897931 5.1844806671142578 59 0 0.91400000000000003 0.89999999999999991
 3 4 487 3 1 3 16 2200 1.8584073464102069 1.3428275585174561 59 0 0.997 1
 4 4 23 0 1 3 20 2400 -1.1415926535897931 0.9522242546081543 53 1 0.87 0.69999999999999996
 5 4 357 1.2 2 3 20 2400 0.85840734641020688 1.1078534126281738 59 0 0.90700000000000003 0.79999999999999993
 6 4 24 0 1 3 20 2400 0.85840734641020688 1.5049746036529541 53 1 0.82799999999999996 0.69999999999999996
 7 4 60 0 2 3 16 2400 2.8584073464102069 1.4253551959991455 53 1 1.004 0.69999999999999996
 8 4 137 0.40000000000000002 1 4 20 2200 0.85840734641020688 1.1755995750427246 53 1 1.0109999999999999 0.79999999999999993
 9 4 146 0.40000000000000002 2 3 16 2000 1.8584073464102069 1.1854758262634277 53 1 0.89000000000000001 0.69999999999999996
 10 4 325 1.2 1 4 20 2000 1.8584073464102069 1.2603969573974609 59 0 1.1779999999999999 1
 11 4 61 0 2 3 20 2000 -1.1415926535897931 1.0956840515136719 59 0 1.163 0.79999999999999993
 12 4 576 3 2 4 20 2400 -0.14159265358979312 2.3772344589233398 59 0 0.84999999999999998 0.69999999999999996
 13 4 141 0.40000000000000002 1 4 20 2400 1.8584073464102069 1.3686912059783936 53 1 0.94299999999999995 0.79999999999999993
 14 4 400 1.6000000000000001 1 3 20 2000 -2.1415926535897931 1.1653642654418945 59 0 1.1000000000000001 0.69999999999999996
 15 4 57 0 2 3 16 2400 -3.1415926535897931 1.1424376964569092 53 1 1.004 1
 16 4 516 3 1 4 16 2400 -3.1415926535897931 1.0050814151763916 59 0 1.1839999999999999 0.69999999999999996
 17 4 233 0.80000000000000004 1 4 20 2200 -3.1415926535897931 1.0352654457092285 59 0 0.93400000000000005 0.69999999999999996
 18 4 333 1.2 1 4 20 2400 1.8584073464102069 1.2714769840240479 59 0 1.004 0.69999999999999996
 19 4 574 3 2 4 20 2400 -3.1415926535897931 1.1915292739868164 59 0 0.81100000000000005 0.69999999999999996
 20 4 111 0.40000000000000002 1 3 20 2000 2.8584073464102069 1.1937487125396729 53 1 1.0189999999999999 1
 21 4 153 0.40000000000000002 2 3 16 2400 -3.1415926535897931 1.1399440765380859 53 1 1.149 0.89999999999999991
 22 4 207 0.80000000000000004 1 3 20 2000 2.8584073464102069 1.1100146770477295 59 0 1.1739999999999999 0.89999999999999991
 23 4 37 0 1 4 20 2000 -2.1415926535897931 1.1302871704101562 53 1 0.88 0.79999999999999993
 24 4 272 0.80000000000000004 2 4 16 2200 2.8584073464102069 1.1362390518188477 53 1 0.82299999999999995 0.89999999999999991
 25 4 518 3 1 4 20 2000 2.8584073464102069 1.2220602035522461 59 0 1.123 0.89999999999999991
 26 4 175 0.40000000000000002 2 4 16 2200 -2.1415926535897931 0.98548746109008789 53 1 0.88700000000000001 0.89999999999999991
 27 4 73 0 2 4 16 2000 2.8584073464102069 1.4322776794433594 53 1 0.90600000000000003 0.89999999999999991
 28 4 331 1.2 1 4 20 2200 -3.1415926535897931 1.1518619060516357 59 0 0.94199999999999995 0.79999999999999993
 29 4 309 1.2 1 3 20 2400 1.8584073464102069 1.0142805576324463 59 0 1.1919999999999999 0.79999999999999993
 30 4 427 1.6000000000000001 1 4 20 2200 -0.14159265358979312 1.1581928730010986 59 0 0.90800000000000003 0.89999999999999991
 31 4 365 1.2 2 4 16 2200 -1.1415926535897931 1.2646832466125488 59 0 0.89900000000000002 0.79999999999999993
 32 4 63 0 2 3 20 2000 -1.1415926535897931 1.2824969291687012 59 0 0.86899999999999999 0.69999999999999996
 33 4 211 0.80000000000000004 1 3 20 2200 0.85840734641020688 1.0247676372528076 59 0 0.89600000000000002 0.69999999999999996
 34 4 223 0.80000000000000004 1 4 16 2200 1.8584073464102069 1.1094620227813721 53 1 0.97499999999999998 0.79999999999999993
 35 4 59 0 2 3 16 2400 0.85840734641020688 1.159247875213623 53 1 0.90300000000000002 0.69999999999999996
 36 4 225 0.80000000000000004 1 4 16 2400 0.85840734641020688 1.175403356552124 59 0 0.98699999999999999 0.89999999999999991
 37 4 289 1.2 1 3 16 2000 -2.1415926535897931 1.1630814075469971 59 0 1.1439999999999999 0.69999999999999996
 38 4 305 1.2 1 3 20 2200 -1.1415926535897931 1.0855560302734375 59 0 1.141 0.69999999999999996
 39 4 8 0 1 3 16 2200 -0.14159265358979312 1.0758764743804932 53 1 1.0369999999999999 1
 40 4 364 1.2 2 4 16 2000 -0.14159265358979312 0.8716576099395752 59 0 1.0069999999999999 1
 41 4 262 0.80000000000000004 2 3 20 2400 -0.14159265358979312 1.1022989749908447 59 0 0.96899999999999997 0.79999999999999993
 42 4 105 0.40000000000000002 1 3 16 2400 -0.14159265358979312 1.0171027183532715 53 1 0.90600000000000003 0.69999999999999996
 43 4 248 0.80000000000000004 2 3 16 2200 -0.14159265358979312 0.92232203483581543 59 0 0.88600000000000001 1
 44 4 69 0 2 3 20 2400 -3.1415926535897931 2.9042956829071045 59 0 0.86599999999999999 0.89999999999999991
 45 4 17 0 1 3 20 2200 -0.14159265358979312 1.5148673057556152 53 1 1.143 1
 46 4 351 1.2 2 3 20 2000 0.85840734641020688 1.1616153717041016 59 0 1.1160000000000001 0.79999999999999993
 47 4 327 1.2 1 4 20 2000 0.85840734641020688 1.0720281600952148 59 0 1.1299999999999999 0.89999999999999991
 48 4 96 0 2 4 20 2400 -2.1415926535897931 1.2264852523803711 53 1 1.1910000000000001 0.89999999999999991


# name: resolution
# type: matrix
# rows: 1
# columns: 2
 1366 768


# name: hz
# type: scalar
60


# name: pc
# type: sq_string
# elements: 1
# length: 21
gregor-Latitude-E6320


# name: experiment
# type: sq_string
# elements: 1
# length: 4
RFPb


# name: isOctave
# type: bool
1




