# Created by Octave 5.2.0, Thu Mar 31 14:55:39 2022 CEST <student@gregor-Latitude-E6320>
# name: RFP
# type: scalar struct
# ndims: 2
 1 1
# length: 10
# name: vp
# type: sq_string
# elements: 1
# length: 3
V11


# name: mapping
# type: scalar
1


# name: date
# type: sq_string
# elements: 1
# length: 15
20220331T145359


# name: block
# type: scalar
9


# name: outmat
# type: matrix
# rows: 48
# columns: 14
 1 9 94 0 2 4 20 2400 -2.1415926535897931 1.1173028945922852 53 1 0.92200000000000004 0.79999999999999993
 2 9 95 0 2 4 20 2400 0.85840734641020688 1.0356078147888184 53 1 0.93000000000000005 0.89999999999999991
 3 9 436 1.6000000000000001 2 3 16 2000 1.8584073464102069 0.9919741153717041 59 0 1.0820000000000001 1
 4 9 509 3 1 4 16 2200 2.8584073464102069 0.85801410675048828 59 0 1.0920000000000001 1
 5 9 35 0 1 4 16 2400 0.85840734641020688 1.0904550552368164 53 1 1.0049999999999999 0.69999999999999996
 6 9 102 0.40000000000000002 1 3 16 2200 2.8584073464102069 1.0217633247375488 53 1 0.86899999999999999 0.79999999999999993
 7 9 358 1.2 2 3 20 2400 -2.1415926535897931 1.0445499420166016 59 0 1.0620000000000001 0.89999999999999991
 8 9 277 0.80000000000000004 2 4 20 2000 1.8584073464102069 1.036311149597168 59 0 1.0780000000000001 0.79999999999999993
 9 9 77 0 2 4 16 2200 0.85840734641020688 1.0311763286590576 53 1 0.86699999999999999 0.79999999999999993
 10 9 461 1.6000000000000001 2 4 16 2200 -0.14159265358979312 1.0240738391876221 59 0 0.93600000000000005 0.79999999999999993
 11 9 163 0.40000000000000002 2 3 20 2200 -1.1415926535897931 1.3576714992523193 59 0 0.83499999999999996 1
 12 9 220 0.80000000000000004 1 4 16 2000 -2.1415926535897931 1.0609772205352783 53 1 1.0820000000000001 1
 13 9 268 0.80000000000000004 2 4 16 2000 0.85840734641020688 1.370593786239624 53 1 0.95599999999999996 0.79999999999999993
 14 9 145 0.40000000000000002 2 3 16 2000 -1.1415926535897931 1.0201046466827393 53 1 1.0249999999999999 0.79999999999999993
 15 9 424 1.6000000000000001 1 4 20 2000 0.85840734641020688 0.97248244285583496 59 0 1.0269999999999999 1
 16 9 372 1.2 2 4 16 2400 -0.14159265358979312 1.1139998435974121 59 0 1.03 1
 17 9 500 3 1 3 20 2200 -1.1415926535897931 1.026397705078125 59 0 0.83899999999999997 1
 18 9 510 3 1 4 16 2200 0.85840734641020688 1.0726158618927002 59 0 0.93200000000000005 0.89999999999999991
 19 9 219 0.80000000000000004 1 4 16 2000 -1.1415926535897931 1.0354056358337402 59 0 0.98999999999999999 1
 20 9 301 1.2 1 3 20 2000 1.8584073464102069 1.0343692302703857 59 0 1.0149999999999999 0.89999999999999991
 21 9 231 0.80000000000000004 1 4 20 2000 -2.1415926535897931 1.0276584625244141 59 0 1.1679999999999999 0.79999999999999993
 22 9 6 0 1 3 16 2200 -0.14159265358979312 1.0576164722442627 53 1 0.92700000000000005 0.89999999999999991
 23 9 286 0.80000000000000004 2 4 20 2400 -1.1415926535897931 1.0764727592468262 59 0 0.91800000000000004 0.79999999999999993
 24 9 186 0.40000000000000002 2 4 20 2200 2.8584073464102069 1.0597126483917236 53 1 1.159 0.79999999999999993
 25 9 366 1.2 2 4 16 2200 1.8584073464102069 0.83414793014526367 59 0 1.179 1
 26 9 379 1.2 2 4 20 2200 -2.1415926535897931 1.0379090309143066 59 0 0.86399999999999999 0.69999999999999996
 27 9 477 1.6000000000000001 2 4 20 2400 -0.14159265358979312 1.0204439163208008 59 0 0.83499999999999996 1
 28 9 242 0.80000000000000004 2 3 16 2000 -1.1415926535897931 1.2217679023742676 59 0 0.95399999999999996 0.79999999999999993
 29 9 263 0.80000000000000004 2 3 20 2400 -0.14159265358979312 1.0305981636047363 59 0 1.097 0.79999999999999993
 30 9 164 0.40000000000000002 2 3 20 2200 2.8584073464102069 1.0484907627105713 59 0 0.93799999999999994 1
 31 9 541 3 2 3 20 2000 -3.1415926535897931 1.0573527812957764 59 0 1.054 0.79999999999999993
 32 9 495 3 1 3 20 2000 -1.1415926535897931 1.0717182159423828 59 0 0.82699999999999996 1
 33 9 337 1.2 2 3 16 2000 2.8584073464102069 1.0443563461303711 59 0 1.157 0.69999999999999996
 34 9 533 3 2 3 16 2200 -2.1415926535897931 0.99549746513366699 59 0 0.871 1
 35 9 448 1.6000000000000001 2 3 20 2000 2.8584073464102069 1.0821349620819092 59 0 1.071 0.79999999999999993
 36 9 345 1.2 2 3 16 2400 2.8584073464102069 1.1316807270050049 59 0 0.89200000000000002 1
 37 9 26 0 1 4 16 2000 -1.1415926535897931 1.0474152565002441 53 1 0.80500000000000005 0.89999999999999991
 38 9 157 0.40000000000000002 2 3 20 2000 -2.1415926535897931 1.0601627826690674 53 1 1.0620000000000001 0.69999999999999996
 39 9 210 0.80000000000000004 1 3 20 2200 0.85840734641020688 1.1239044666290283 59 0 1.0289999999999999 0.69999999999999996
 40 9 278 0.80000000000000004 2 4 20 2000 -2.1415926535897931 1.0948584079742432 59 0 1.02 1
 41 9 330 1.2 1 4 20 2200 -3.1415926535897931 0.9898231029510498 59 0 0.86499999999999999 1
 42 9 296 1.2 1 3 16 2200 -3.1415926535897931 0.96242284774780273 59 0 1.0129999999999999 0.89999999999999991
 43 9 412 1.6000000000000001 1 4 16 2000 -0.14159265358979312 1.0702805519104004 59 0 1.167 0.89999999999999991
 44 9 290 1.2 1 3 16 2000 -3.1415926535897931 1.0476558208465576 59 0 0.92200000000000004 1
 45 9 122 0.40000000000000002 1 4 16 2000 -3.1415926535897931 1.0328779220581055 53 1 0.91200000000000003 1
 46 9 50 0 2 3 16 2000 0.85840734641020688 1.0446031093597412 53 1 1.1499999999999999 0.69999999999999996
 47 9 58 0 2 3 16 2400 -2.1415926535897931 1.0152220726013184 53 1 1.1539999999999999 0.69999999999999996
 48 9 537 3 2 3 16 2400 1.8584073464102069 0.92984390258789062 59 0 1.0369999999999999 0.69999999999999996


# name: resolution
# type: matrix
# rows: 1
# columns: 2
 1366 768


# name: hz
# type: scalar
60


# name: pc
# type: sq_string
# elements: 1
# length: 21
gregor-Latitude-E6320


# name: experiment
# type: sq_string
# elements: 1
# length: 4
RFPb


# name: isOctave
# type: bool
1




