# Created by Octave 5.2.0, Thu Mar 31 14:57:20 2022 CEST <student@gregor-Latitude-E6320>
# name: RFP
# type: scalar struct
# ndims: 2
 1 1
# length: 10
# name: vp
# type: sq_string
# elements: 1
# length: 3
V11


# name: mapping
# type: scalar
1


# name: date
# type: sq_string
# elements: 1
# length: 15
20220331T145542


# name: block
# type: scalar
10


# name: outmat
# type: matrix
# rows: 48
# columns: 14
 1 10 254 0.80000000000000004 2 3 20 2000 1.8584073464102069 1.0002541542053223 59 0 0.96099999999999997 1
 2 10 161 0.40000000000000002 2 3 20 2200 2.8584073464102069 1.0750370025634766 53 1 0.82399999999999995 0.69999999999999996
 3 10 391 1.6000000000000001 1 3 16 2200 -2.1415926535897931 1.0277328491210938 59 0 1.0900000000000001 0.69999999999999996
 4 10 413 1.6000000000000001 1 4 16 2200 0.85840734641020688 0.94361710548400879 59 0 0.83699999999999997 0.89999999999999991
 5 10 297 1.2 1 3 16 2400 -3.1415926535897931 0.95187735557556152 59 0 0.89200000000000002 0.69999999999999996
 6 10 304 1.2 1 3 20 2000 -1.1415926535897931 0.96422863006591797 59 0 0.91000000000000003 0.69999999999999996
 7 10 546 3 2 3 20 2200 -2.1415926535897931 0.92644524574279785 59 0 0.83999999999999997 0.79999999999999993
 8 10 428 1.6000000000000001 1 4 20 2200 -2.1415926535897931 0.99945950508117676 59 0 1.0089999999999999 0.89999999999999991
 9 10 279 0.80000000000000004 2 4 20 2000 -2.1415926535897931 0.99444413185119629 59 0 0.85899999999999999 0.69999999999999996
 10 10 538 3 2 3 16 2400 1.8584073464102069 1.0280141830444336 59 0 1.167 1
 11 10 431 1.6000000000000001 1 4 20 2400 -0.14159265358979312 0.99894595146179199 59 0 0.98599999999999999 1
 12 10 303 1.2 1 3 20 2000 -0.14159265358979312 0.9877932071685791 59 0 1.0529999999999999 1
 13 10 334 1.2 1 4 20 2400 -3.1415926535897931 1.0254843235015869 59 0 1.0269999999999999 1
 14 10 246 0.80000000000000004 2 3 16 2200 1.8584073464102069 1.025733470916748 59 0 1.1279999999999999 0.69999999999999996
 15 10 561 3 2 4 16 2400 -2.1415926535897931 1.0562443733215332 59 0 0.92700000000000005 1
 16 10 83 0 2 4 16 2400 0.85840734641020688 0.96519112586975098 53 1 0.99099999999999999 0.69999999999999996
 17 10 3 0 1 3 16 2000 1.8584073464102069 1.0065715312957764 53 1 1.161 0.79999999999999993
 18 10 318 1.2 1 4 16 2200 -0.14159265358979312 1.0202329158782959 53 1 0.998 0.69999999999999996
 19 10 236 0.80000000000000004 1 4 20 2200 1.8584073464102069 1.0358548164367676 53 1 0.92300000000000004 0.89999999999999991
 20 10 178 0.40000000000000002 2 4 16 2400 0.85840734641020688 1.1189348697662354 53 1 0.88500000000000001 0.89999999999999991
 21 10 368 1.2 2 4 16 2200 -3.1415926535897931 1.111677885055542 53 1 1.1220000000000001 0.79999999999999993
 22 10 551 3 2 3 20 2400 2.8584073464102069 0.98766350746154785 59 0 0.877 0.89999999999999991
 23 10 335 1.2 1 4 20 2400 2.8584073464102069 1.0028369426727295 59 0 1.147 1
 24 10 388 1.6000000000000001 1 3 16 2000 2.8584073464102069 0.9533851146697998 59 0 0.82999999999999996 0.69999999999999996
 25 10 384 1.2 2 4 20 2400 0.85840734641020688 0.99235296249389648 59 0 1.155 0.79999999999999993
 26 10 195 0.80000000000000004 1 3 16 2000 1.8584073464102069 0.8933107852935791 59 0 0.98999999999999999 1
 27 10 173 0.40000000000000002 2 4 16 2200 -3.1415926535897931 0.97263455390930176 59 0 1.0720000000000001 0.69999999999999996
 28 10 308 1.2 1 3 20 2200 0.85840734641020688 0.95262694358825684 59 0 0.84799999999999998 0.89999999999999991
 29 10 166 0.40000000000000002 2 3 20 2400 -3.1415926535897931 1.0739853382110596 53 1 1.1599999999999999 0.69999999999999996
 30 10 550 3 2 3 20 2400 2.8584073464102069 1.0110263824462891 59 0 1.0469999999999999 0.79999999999999993
 31 10 562 3 2 4 16 2400 -0.14159265358979312 1.064887523651123 59 0 1.0189999999999999 0.89999999999999991
 32 10 19 0 1 3 20 2200 -3.1415926535897931 0.9828948974609375 53 1 1.1599999999999999 0.69999999999999996
 33 10 306 1.2 1 3 20 2200 -2.1415926535897931 0.85433197021484375 59 0 0.86499999999999999 0.89999999999999991
 34 10 293 1.2 1 3 16 2200 -1.1415926535897931 1.0991923809051514 59 0 0.83699999999999997 1
 35 10 133 0.40000000000000002 1 4 20 2000 2.8584073464102069 1.0577332973480225 53 1 1.137 0.69999999999999996
 36 10 14 0 1 3 20 2000 1.8584073464102069 1.1471049785614014 53 1 0.97699999999999998 0.69999999999999996
 37 10 470 1.6000000000000001 2 4 20 2000 -0.14159265358979312 1.0449857711791992 59 0 1.0129999999999999 0.79999999999999993
 38 10 369 1.2 2 4 16 2400 -1.1415926535897931 0.910186767578125 59 0 1.1120000000000001 0.69999999999999996
 39 10 494 3 1 3 20 2000 -3.1415926535897931 0.86513519287109375 59 0 0.86299999999999999 1
 40 10 446 1.6000000000000001 2 3 20 2000 0.85840734641020688 1.0335366725921631 59 0 1.173 0.69999999999999996
 41 10 136 0.40000000000000002 1 4 20 2000 2.8584073464102069 1.0436482429504395 53 1 1.1180000000000001 0.69999999999999996
 42 10 31 0 1 4 16 2200 -2.1415926535897931 1.0472316741943359 53 1 1.194 0.79999999999999993
 43 10 450 1.6000000000000001 2 3 20 2200 0.85840734641020688 0.98767709732055664 59 0 0.88600000000000001 0.89999999999999991
 44 10 395 1.6000000000000001 1 3 16 2400 -1.1415926535897931 1.0726323127746582 59 0 0.91500000000000004 0.89999999999999991
 45 10 523 3 1 4 20 2200 -3.1415926535897931 1.0609216690063477 59 0 1.196 0.69999999999999996
 46 10 511 3 1 4 16 2200 1.8584073464102069 1.0411624908447266 59 0 1.0900000000000001 0.89999999999999991
 47 10 216 0.80000000000000004 1 3 20 2400 1.8584073464102069 0.93931865692138672 59 0 0.86799999999999999 1
 48 10 115 0.40000000000000002 1 3 20 2200 -3.1415926535897931 0.92219853401184082 53 1 0.81499999999999995 0.69999999999999996


# name: resolution
# type: matrix
# rows: 1
# columns: 2
 1366 768


# name: hz
# type: scalar
60


# name: pc
# type: sq_string
# elements: 1
# length: 21
gregor-Latitude-E6320


# name: experiment
# type: sq_string
# elements: 1
# length: 4
RFPb


# name: isOctave
# type: bool
1




