# Created by Octave 5.2.0, Thu Mar 31 14:45:01 2022 CEST <student@gregor-Latitude-E6320>
# name: RFP
# type: scalar struct
# ndims: 2
 1 1
# length: 10
# name: vp
# type: sq_string
# elements: 1
# length: 3
V11


# name: mapping
# type: scalar
1


# name: date
# type: sq_string
# elements: 1
# length: 15
20220331T144314


# name: block
# type: scalar
3


# name: outmat
# type: matrix
# rows: 48
# columns: 14
 1 3 20 0 1 3 20 2200 2.8584073464102069 1.2513291835784912 53 1 1.179 1
 2 3 172 0.40000000000000002 2 4 16 2000 -1.1415926535897931 1.2201313972473145 53 1 0.97999999999999998 0.89999999999999991
 3 3 274 0.80000000000000004 2 4 16 2400 1.8584073464102069 1.0823726654052734 59 0 0.83099999999999996 1
 4 3 312 1.2 1 3 20 2400 0.85840734641020688 1.0749468803405762 59 0 1.179 0.69999999999999996
 5 3 226 0.80000000000000004 1 4 16 2400 -3.1415926535897931 1.0163795948028564 59 0 1.165 0.79999999999999993
 6 3 149 0.40000000000000002 2 3 16 2200 2.8584073464102069 1.0547492504119873 53 1 0.90500000000000003 0.89999999999999991
 7 3 565 3 2 4 20 2000 2.8584073464102069 1.6407558917999268 59 0 1.0920000000000001 0.89999999999999991
 8 3 237 0.80000000000000004 1 4 20 2400 -3.1415926535897931 1.1198225021362305 59 0 1.1830000000000001 0.79999999999999993
 9 3 174 0.40000000000000002 2 4 16 2200 1.8584073464102069 1.543036937713623 53 1 0.98099999999999998 0.79999999999999993
 10 3 276 0.80000000000000004 2 4 16 2400 0.85840734641020688 1.171818733215332 59 0 1.0109999999999999 0.69999999999999996
 11 3 132 0.40000000000000002 1 4 16 2400 0.85840734641020688 1.089961051940918 53 1 1.0660000000000001 0.69999999999999996
 12 3 411 1.6000000000000001 1 4 16 2000 -1.1415926535897931 1.0316503047943115 59 0 0.93799999999999994 1
 13 3 65 0 2 3 20 2200 -0.14159265358979312 0.83566761016845703 53 1 1.093 1
 14 3 481 3 1 3 16 2000 2.8584073464102069 1.0640034675598145 59 0 1.0840000000000001 0.89999999999999991
 15 3 464 1.6000000000000001 2 4 16 2200 -3.1415926535897931 1.0561158657073975 59 0 1.079 0.79999999999999993
 16 3 460 1.6000000000000001 2 4 16 2000 -0.14159265358979312 1.095022439956665 59 0 1.018 0.79999999999999993
 17 3 438 1.6000000000000001 2 3 16 2200 -2.1415926535897931 0.98011493682861328 59 0 1.0309999999999999 0.89999999999999991
 18 3 517 3 1 4 20 2000 1.8584073464102069 0.87468075752258301 59 0 1.0489999999999999 1
 19 3 530 3 2 3 16 2000 -0.14159265358979312 1.0431618690490723 59 0 1.1850000000000001 0.89999999999999991
 20 3 235 0.80000000000000004 1 4 20 2200 2.8584073464102069 1.0325262546539307 59 0 1.1699999999999999 0.89999999999999991
 21 3 324 1.2 1 4 16 2400 -0.14159265358979312 1.045133113861084 59 0 1.129 1
 22 3 298 1.2 1 3 16 2400 0.85840734641020688 1.0041825771331787 59 0 0.93899999999999995 0.89999999999999991
 23 3 238 0.80000000000000004 1 4 20 2400 1.8584073464102069 0.91563200950622559 59 0 0.91000000000000003 0.79999999999999993
 24 3 74 0 2 4 16 2000 1.8584073464102069 1.0239355564117432 53 1 0.82499999999999996 0.69999999999999996
 25 3 71 0 2 3 20 2400 2.8584073464102069 1.004986047744751 53 1 1.042 0.69999999999999996
 26 3 109 0.40000000000000002 1 3 20 2000 -2.1415926535897931 1.1376354694366455 59 0 0.80600000000000005 0.79999999999999993
 27 3 313 1.2 1 4 16 2000 -0.14159265358979312 1.1593809127807617 59 0 0.98399999999999999 0.69999999999999996
 28 3 70 0 2 3 20 2400 -2.1415926535897931 0.87094974517822266 53 1 1.1950000000000001 0.79999999999999993
 29 3 218 0.80000000000000004 1 4 16 2000 -0.14159265358979312 0.86647915840148926 53 1 0.879 0.89999999999999991
 30 3 281 0.80000000000000004 2 4 20 2200 0.85840734641020688 2.3833045959472656 59 0 0.97399999999999998 1
 31 3 447 1.6000000000000001 2 3 20 2000 -2.1415926535897931 1.2299075126647949 59 0 1.1279999999999999 0.89999999999999991
 32 3 453 1.6000000000000001 2 3 20 2400 0.85840734641020688 1.1768474578857422 59 0 0.84299999999999997 0.89999999999999991
 33 3 104 0.40000000000000002 1 3 16 2200 2.8584073464102069 1.1023695468902588 53 1 1.052 0.89999999999999991
 34 3 527 3 1 4 20 2400 0.85840734641020688 0.95612668991088867 59 0 0.88900000000000001 0.79999999999999993
 35 3 253 0.80000000000000004 2 3 20 2000 -3.1415926535897931 1.0167512893676758 59 0 0.89100000000000001 0.89999999999999991
 36 3 229 0.80000000000000004 1 4 20 2000 1.8584073464102069 1.0185377597808838 59 0 1.024 0.79999999999999993
 37 3 315 1.2 1 4 16 2000 -1.1415926535897931 4.4327065944671631 59 0 0.98199999999999998 0.89999999999999991
 38 3 259 0.80000000000000004 2 3 20 2200 -0.14159265358979312 1.353482723236084 53 1 1.0960000000000001 1
 39 3 203 0.80000000000000004 1 3 16 2400 -3.1415926535897931 1.076974630355835 59 0 0.88300000000000001 0.69999999999999996
 40 3 292 1.2 1 3 16 2000 1.8584073464102069 1.0938634872436523 59 0 1.1200000000000001 0.89999999999999991
 41 3 114 0.40000000000000002 1 3 20 2200 -1.1415926535897931 1.0295805931091309 59 0 1.0249999999999999 1
 42 3 204 0.80000000000000004 1 3 16 2400 -0.14159265358979312 1.0222094058990479 59 0 0.89600000000000002 0.89999999999999991
 43 3 359 1.2 2 3 20 2400 -2.1415926535897931 0.98868894577026367 59 0 0.90900000000000003 0.69999999999999996
 44 3 386 1.6000000000000001 1 3 16 2000 1.8584073464102069 1.2003417015075684 59 0 0.95899999999999996 0.69999999999999996
 45 3 354 1.2 2 3 20 2200 -3.1415926535897931 1.2674062252044678 59 0 0.85199999999999998 0.69999999999999996
 46 3 426 1.6000000000000001 1 4 20 2200 -3.1415926535897931 1.0733194351196289 59 0 0.92500000000000004 0.79999999999999993
 47 3 556 3 2 4 16 2000 -1.1415926535897931 1.0661697387695312 59 0 0.96599999999999997 1
 48 3 355 1.2 2 3 20 2200 -3.1415926535897931 1.1759772300720215 59 0 0.88700000000000001 0.69999999999999996


# name: resolution
# type: matrix
# rows: 1
# columns: 2
 1366 768


# name: hz
# type: scalar
60


# name: pc
# type: sq_string
# elements: 1
# length: 21
gregor-Latitude-E6320


# name: experiment
# type: sq_string
# elements: 1
# length: 4
RFPb


# name: isOctave
# type: bool
1




