# Created by Octave 5.2.0, Thu Mar 31 16:46:03 2022 CEST <student@gregor-Latitude-E6320>
# name: RFP
# type: scalar struct
# ndims: 2
 1 1
# length: 10
# name: vp
# type: sq_string
# elements: 1
# length: 3
V12


# name: mapping
# type: scalar
1


# name: date
# type: sq_string
# elements: 1
# length: 15
20220331T164358


# name: block
# type: scalar
3


# name: outmat
# type: matrix
# rows: 48
# columns: 14
 1 3 487 3 1 3 16 2200 1.8584073464102069 3.1667673587799072 59 0 0.93200000000000005 0.89999999999999991
 2 3 59 0 2 3 16 2400 -2.1415926535897931 1.0624005794525146 53 1 0.93000000000000005 0.89999999999999991
 3 3 95 0 2 4 20 2400 2.8584073464102069 1.0558533668518066 53 1 1.0409999999999999 1
 4 3 371 1.2 2 4 16 2400 -2.1415926535897931 2.3577218055725098 59 0 1.0660000000000001 0.69999999999999996
 5 3 450 1.6000000000000001 2 3 20 2200 -0.14159265358979312 1.1693770885467529 59 0 1.1060000000000001 0.69999999999999996
 6 3 211 0.80000000000000004 1 3 20 2200 -3.1415926535897931 1.0498256683349609 59 0 1.044 0.69999999999999996
 7 3 466 1.6000000000000001 2 4 16 2400 0.85840734641020688 1.5439865589141846 59 0 0.90300000000000002 0.69999999999999996
 8 3 204 0.80000000000000004 1 3 16 2400 -1.1415926535897931 5.832216739654541 53 1 0.94199999999999995 0.69999999999999996
 9 3 114 0.40000000000000002 1 3 20 2200 0.85840734641020688 2.8370511531829834 53 1 1.0840000000000001 0.69999999999999996
 10 3 387 1.6000000000000001 1 3 16 2000 -2.1415926535897931 2.4055953025817871 53 1 0.96299999999999997 0.69999999999999996
 11 3 368 1.2 2 4 16 2200 -0.14159265358979312 1.7040023803710938 53 1 1.0049999999999999 0.89999999999999991
 12 3 499 3 1 3 20 2200 -3.1415926535897931 1.4821727275848389 59 0 0.97599999999999998 0.79999999999999993
 13 3 35 0 1 4 16 2400 2.8584073464102069 1.0511693954467773 53 1 0.82499999999999996 0.89999999999999991
 14 3 518 3 1 4 20 2000 -1.1415926535897931 1.0521066188812256 59 0 0.995 0.79999999999999993
 15 3 168 0.40000000000000002 2 3 20 2400 0.85840734641020688 1.235159158706665 53 1 1.054 0.79999999999999993
 16 3 391 1.6000000000000001 1 3 16 2200 1.8584073464102069 1.6761202812194824 59 0 0.82799999999999996 0.69999999999999996
 17 3 324 1.2 1 4 16 2400 -1.1415926535897931 1.3721625804901123 59 0 1.018 0.79999999999999993
 18 3 341 1.2 2 3 16 2200 1.8584073464102069 1.4257173538208008 53 1 0.96999999999999997 0.89999999999999991
 19 3 292 1.2 1 3 16 2000 0.85840734641020688 2.0802268981933594 59 0 0.83199999999999996 0.79999999999999993
 20 3 488 3 1 3 16 2200 2.8584073464102069 1.4791178703308105 59 0 1.1859999999999999 1
 21 3 272 0.80000000000000004 2 4 16 2200 -2.1415926535897931 0.83786177635192871 53 1 1.0169999999999999 1
 22 3 279 0.80000000000000004 2 4 20 2000 -2.1415926535897931 0.94233489036560059 59 0 0.82199999999999995 0.69999999999999996
 23 3 287 0.80000000000000004 2 4 20 2400 2.8584073464102069 1.7999777793884277 53 1 0.93600000000000005 0.79999999999999993
 24 3 195 0.80000000000000004 1 3 16 2000 1.8584073464102069 1.0626735687255859 53 1 0.92200000000000004 0.89999999999999991
 25 3 357 1.2 2 3 20 2400 -1.1415926535897931 1.1365213394165039 59 0 1.069 0.79999999999999993
 26 3 109 0.40000000000000002 1 3 20 2000 -3.1415926535897931 2.2207136154174805 53 1 1.0189999999999999 0.69999999999999996
 27 3 525 3 1 4 20 2400 0.85840734641020688 1.1262063980102539 59 0 1.1160000000000001 0.79999999999999993
 28 3 247 0.80000000000000004 2 3 16 2200 -0.14159265358979312 2.9015040397644043 53 1 0.94499999999999995 0.69999999999999996
 29 3 198 0.80000000000000004 1 3 16 2200 -0.14159265358979312 1.0189049243927002 53 1 1.145 0.89999999999999991
 30 3 128 0.40000000000000002 1 4 16 2200 -2.1415926535897931 1.1175065040588379 53 1 0.85599999999999998 0.79999999999999993
 31 3 164 0.40000000000000002 2 3 20 2200 0.85840734641020688 1.2459478378295898 53 1 1.129 0.79999999999999993
 32 3 205 0.80000000000000004 1 3 20 2000 1.8584073464102069 1.0582449436187744 59 0 0.97699999999999998 0.89999999999999991
 33 3 194 0.80000000000000004 1 3 16 2000 1.8584073464102069 3.6499321460723877 53 1 0.93300000000000005 0.89999999999999991
 34 3 427 1.6000000000000001 1 4 20 2200 -3.1415926535897931 1.0353543758392334 59 0 0.80500000000000005 0.89999999999999991
 35 3 406 1.6000000000000001 1 3 20 2400 -3.1415926535897931 2.2473177909851074 59 0 0.85199999999999998 0.79999999999999993
 36 3 304 1.2 1 3 20 2000 -1.1415926535897931 1.3243477344512939 59 0 0.92500000000000004 0.69999999999999996
 37 3 312 1.2 1 3 20 2400 2.8584073464102069 1.7802784442901611 59 0 0.89400000000000002 0.79999999999999993
 38 3 94 0 2 4 20 2400 2.8584073464102069 0.86361408233642578 53 1 1.042 1
 39 3 16 0 1 3 20 2000 2.8584073464102069 1.0993576049804688 53 1 1.1419999999999999 0.69999999999999996
 40 3 379 1.2 2 4 20 2200 -0.14159265358979312 1.2656354904174805 59 0 1.1160000000000001 0.89999999999999991
 41 3 237 0.80000000000000004 1 4 20 2400 1.8584073464102069 1.2089385986328125 53 1 1.1299999999999999 0.89999999999999991
 42 3 390 1.6000000000000001 1 3 16 2200 1.8584073464102069 1.7119536399841309 53 1 1.0509999999999999 0.79999999999999993
 43 3 428 1.6000000000000001 1 4 20 2200 -0.14159265358979312 1.0120463371276855 59 0 0.84499999999999997 0.69999999999999996
 44 3 173 0.40000000000000002 2 4 16 2200 -2.1415926535897931 0.88790607452392578 53 1 1.038 0.89999999999999991
 45 3 69 0 2 3 20 2400 0.85840734641020688 1.0104274749755859 53 1 0.84599999999999997 1
 46 3 345 1.2 2 3 16 2400 2.8584073464102069 1.3965387344360352 59 0 0.876 0.89999999999999991
 47 3 87 0 2 4 20 2000 -2.1415926535897931 1.0565588474273682 53 1 0.94699999999999995 0.79999999999999993
 48 3 245 0.80000000000000004 2 3 16 2200 0.85840734641020688 1.6032865047454834 59 0 1.1020000000000001 0.69999999999999996


# name: resolution
# type: matrix
# rows: 1
# columns: 2
 1366 768


# name: hz
# type: scalar
60


# name: pc
# type: sq_string
# elements: 1
# length: 21
gregor-Latitude-E6320


# name: experiment
# type: sq_string
# elements: 1
# length: 4
RFPb


# name: isOctave
# type: bool
1




