# Created by Octave 5.2.0, Thu Mar 31 17:10:58 2022 CEST <student@gregor-Latitude-E6320>
# name: RFP
# type: scalar struct
# ndims: 2
 1 1
# length: 10
# name: vp
# type: sq_string
# elements: 1
# length: 3
V12


# name: mapping
# type: scalar
1


# name: date
# type: sq_string
# elements: 1
# length: 15
20220331T170905


# name: block
# type: scalar
12


# name: outmat
# type: matrix
# rows: 48
# columns: 14
 1 12 502 3 1 3 20 2400 -0.14159265358979312 1.7881555557250977 59 0 1.0069999999999999 0.69999999999999996
 2 12 522 3 1 4 20 2200 -1.1415926535897931 0.97442889213562012 59 0 1.0349999999999999 0.69999999999999996
 3 12 254 0.80000000000000004 2 3 20 2000 -3.1415926535897931 1.0730183124542236 59 0 1.048 0.79999999999999993
 4 12 475 1.6000000000000001 2 4 20 2200 -1.1415926535897931 0.9630274772644043 59 0 0.94199999999999995 0.69999999999999996
 5 12 452 1.6000000000000001 2 3 20 2200 2.8584073464102069 1.0099277496337891 59 0 1.0169999999999999 0.69999999999999996
 6 12 550 3 2 3 20 2400 1.8584073464102069 1.3001794815063477 59 0 0.96899999999999997 0.79999999999999993
 7 12 233 0.80000000000000004 1 4 20 2200 0.85840734641020688 1.1688082218170166 59 0 0.81200000000000006 0.69999999999999996
 8 12 497 3 1 3 20 2200 1.8584073464102069 1.1127445697784424 59 0 0.83699999999999997 0.89999999999999991
 9 12 17 0 1 3 20 2200 2.8584073464102069 1.0897665023803711 53 1 1.131 0.89999999999999991
 10 12 372 1.2 2 4 16 2400 1.8584073464102069 1.1373493671417236 53 1 1.0589999999999999 1
 11 12 402 1.6000000000000001 1 3 20 2200 -3.1415926535897931 1.1323647499084473 59 0 1.071 0.79999999999999993
 12 12 546 3 2 3 20 2200 1.8584073464102069 0.9789888858795166 59 0 0.99299999999999999 0.79999999999999993
 13 12 271 0.80000000000000004 2 4 16 2200 2.8584073464102069 1.0488622188568115 53 1 0.82799999999999996 1
 14 12 407 1.6000000000000001 1 3 20 2400 1.8584073464102069 1.2217252254486084 59 0 0.96199999999999997 0.79999999999999993
 15 12 318 1.2 1 4 16 2200 1.8584073464102069 1.5111792087554932 59 0 0.82199999999999995 0.69999999999999996
 16 12 515 3 1 4 16 2400 -1.1415926535897931 1.8887093067169189 59 0 0.81299999999999994 0.89999999999999991
 17 12 265 0.80000000000000004 2 4 16 2000 -2.1415926535897931 1.6621205806732178 53 1 0.85399999999999998 0.69999999999999996
 18 12 117 0.40000000000000002 1 3 20 2400 0.85840734641020688 1.4801843166351318 59 0 1.181 0.79999999999999993
 19 12 122 0.40000000000000002 1 4 16 2000 0.85840734641020688 3.80464768409729 53 1 0.99399999999999999 0.69999999999999996
 20 12 425 1.6000000000000001 1 4 20 2200 -1.1415926535897931 0.86516547203063965 59 0 0.98399999999999999 0.79999999999999993
 21 12 545 3 2 3 20 2200 -1.1415926535897931 0.99344038963317871 59 0 1.0049999999999999 1
 22 12 82 0 2 4 16 2400 0.85840734641020688 1.0195784568786621 53 1 1.147 0.89999999999999991
 23 12 269 0.80000000000000004 2 4 16 2200 -1.1415926535897931 2.0506942272186279 53 1 0.873 0.79999999999999993
 24 12 534 3 2 3 16 2200 -2.1415926535897931 1.0451664924621582 59 0 0.875 0.69999999999999996
 25 12 389 1.6000000000000001 1 3 16 2200 1.8584073464102069 5.0100796222686768 59 0 0.83999999999999997 1
 26 12 108 0.40000000000000002 1 3 16 2400 0.85840734641020688 1.0630156993865967 59 0 0.89300000000000002 0.69999999999999996
 27 12 517 3 1 4 20 2000 -1.1415926535897931 1.4277067184448242 59 0 1.022 1
 28 12 230 0.80000000000000004 1 4 20 2000 0.85840734641020688 1.0454907417297363 59 0 1.1140000000000001 0.89999999999999991
 29 12 185 0.40000000000000002 2 4 20 2200 -2.1415926535897931 1.0353994369506836 59 0 1.0720000000000001 0.79999999999999993
 30 12 408 1.6000000000000001 1 3 20 2400 -3.1415926535897931 1.012829065322876 59 0 1.089 1
 31 12 89 0 2 4 20 2200 -1.1415926535897931 1.8326869010925293 53 1 1.0880000000000001 0.79999999999999993
 32 12 42 0 1 4 20 2200 1.8584073464102069 1.2333672046661377 53 1 0.85999999999999999 0.79999999999999993
 33 12 62 0 2 3 20 2000 -1.1415926535897931 1.2096467018127441 53 1 1.1519999999999999 0.69999999999999996
 34 12 411 1.6000000000000001 1 4 16 2000 -3.1415926535897931 1.0793685913085938 59 0 0.90700000000000003 1
 35 12 410 1.6000000000000001 1 4 16 2000 2.8584073464102069 1.0542888641357422 59 0 1.1950000000000001 0.69999999999999996
 36 12 289 1.2 1 3 16 2000 2.8584073464102069 1.9227311611175537 59 0 1.0089999999999999 1
 37 12 172 0.40000000000000002 2 4 16 2000 -2.1415926535897931 0.84007787704467773 59 0 0.91100000000000003 0.79999999999999993
 38 12 63 0 2 3 20 2000 1.8584073464102069 1.1489279270172119 59 0 1.1899999999999999 1
 39 12 29 0 1 4 16 2200 -2.1415926535897931 1.4280331134796143 53 1 1.0980000000000001 0.79999999999999993
 40 12 36 0 1 4 16 2400 2.8584073464102069 0.90361642837524414 53 1 1.0900000000000001 0.79999999999999993
 41 12 313 1.2 1 4 16 2000 -3.1415926535897931 1.1200077533721924 59 0 0.83099999999999996 0.69999999999999996
 42 12 127 0.40000000000000002 1 4 16 2200 0.85840734641020688 1.049264669418335 53 1 1.0009999999999999 0.79999999999999993
 43 12 554 3 2 4 16 2000 2.8584073464102069 1.3050308227539062 59 0 0.877 0.79999999999999993
 44 12 121 0.40000000000000002 1 4 16 2000 -2.1415926535897931 0.88229846954345703 53 1 1.032 1
 45 12 153 0.40000000000000002 2 3 16 2400 2.8584073464102069 1.102541446685791 53 1 1.1719999999999999 0.89999999999999991
 46 12 66 0 2 3 20 2200 1.8584073464102069 1.0263855457305908 53 1 0.89800000000000002 1
 47 12 99 0.40000000000000002 1 3 16 2000 1.8584073464102069 0.96932744979858398 53 1 0.875 0.69999999999999996
 48 12 32 0 1 4 16 2200 -3.1415926535897931 1.0187680721282959 53 1 0.84099999999999997 0.69999999999999996


# name: resolution
# type: matrix
# rows: 1
# columns: 2
 1366 768


# name: hz
# type: scalar
60


# name: pc
# type: sq_string
# elements: 1
# length: 21
gregor-Latitude-E6320


# name: experiment
# type: sq_string
# elements: 1
# length: 4
RFPb


# name: isOctave
# type: bool
1




