# Created by Octave 5.2.0, Thu Mar 31 16:57:40 2022 CEST <student@gregor-Latitude-E6320>
# name: RFP
# type: scalar struct
# ndims: 2
 1 1
# length: 10
# name: vp
# type: sq_string
# elements: 1
# length: 3
V12


# name: mapping
# type: scalar
1


# name: date
# type: sq_string
# elements: 1
# length: 15
20220331T165533


# name: block
# type: scalar
7


# name: outmat
# type: matrix
# rows: 48
# columns: 14
 1 7 340 1.2 2 3 16 2000 0.85840734641020688 0.9985356330871582 59 0 1.1419999999999999 0.69999999999999996
 2 7 510 3 1 4 16 2200 0.85840734641020688 1.2583794593811035 59 0 1.0029999999999999 0.89999999999999991
 3 7 41 0 1 4 20 2200 -3.1415926535897931 0.88005352020263672 53 1 1.1379999999999999 0.69999999999999996
 4 7 398 1.6000000000000001 1 3 20 2000 -3.1415926535897931 1.3062369823455811 59 0 1 0.89999999999999991
 5 7 115 0.40000000000000002 1 3 20 2200 -2.1415926535897931 1.5684454441070557 53 1 1.054 0.89999999999999991
 6 7 166 0.40000000000000002 2 3 20 2400 -1.1415926535897931 1.1378633975982666 53 1 0.93799999999999994 0.89999999999999991
 7 7 483 3 1 3 16 2000 -2.1415926535897931 0.86345744132995605 59 0 1.198 1
 8 7 547 3 2 3 20 2200 -0.14159265358979312 1.0614974498748779 59 0 0.85099999999999998 1
 9 7 317 1.2 1 4 16 2200 0.85840734641020688 0.96361327171325684 53 1 0.85199999999999998 1
 10 7 197 0.80000000000000004 1 3 16 2200 -0.14159265358979312 2.3923115730285645 53 1 0.95299999999999996 1
 11 7 334 1.2 1 4 20 2400 -3.1415926535897931 0.89246892929077148 59 0 0.89600000000000002 0.69999999999999996
 12 7 442 1.6000000000000001 2 3 16 2400 2.8584073464102069 0.92775249481201172 59 0 0.88900000000000001 0.69999999999999996
 13 7 8 0 1 3 16 2200 -3.1415926535897931 2.2080299854278564 53 1 1.133 0.79999999999999993
 14 7 84 0 2 4 16 2400 -0.14159265358979312 1.0252604484558105 53 1 0.81299999999999994 0.69999999999999996
 15 7 423 1.6000000000000001 1 4 20 2000 -0.14159265358979312 1.0203344821929932 59 0 1.0860000000000001 0.89999999999999991
 16 7 206 0.80000000000000004 1 3 20 2000 -2.1415926535897931 1.0561790466308594 59 0 0.876 1
 17 7 208 0.80000000000000004 1 3 20 2000 -1.1415926535897931 3.0822048187255859 59 0 1.048 0.79999999999999993
 18 7 531 3 2 3 16 2000 -1.1415926535897931 1.3056857585906982 59 0 0.97599999999999998 0.79999999999999993
 19 7 239 0.80000000000000004 1 4 20 2400 0.85840734641020688 1.1588273048400879 59 0 0.90600000000000003 0.89999999999999991
 20 7 388 1.6000000000000001 1 3 16 2000 0.85840734641020688 1.2296278476715088 59 0 0.88300000000000001 0.89999999999999991
 21 7 278 0.80000000000000004 2 4 20 2000 2.8584073464102069 0.91129302978515625 59 0 0.96399999999999997 0.69999999999999996
 22 7 266 0.80000000000000004 2 4 16 2000 1.8584073464102069 0.89635467529296875 53 1 1.012 0.89999999999999991
 23 7 575 3 2 4 20 2400 2.8584073464102069 1.1651933193206787 59 0 0.95799999999999996 0.89999999999999991
 24 7 132 0.40000000000000002 1 4 16 2400 -0.14159265358979312 2.9191665649414062 53 1 0.98699999999999999 0.89999999999999991
 25 7 240 0.80000000000000004 1 4 20 2400 1.8584073464102069 2.3303062915802002 53 1 1.0840000000000001 0.79999999999999993
 26 7 556 3 2 4 16 2000 -2.1415926535897931 3.162642240524292 59 0 0.93700000000000006 0.79999999999999993
 27 7 137 0.40000000000000002 1 4 20 2200 -3.1415926535897931 4.7996795177459717 53 1 1.0289999999999999 0.89999999999999991
 28 7 18 0 1 3 20 2200 0.85840734641020688 0.82021236419677734 53 1 1.004 1
 29 7 257 0.80000000000000004 2 3 20 2200 -0.14159265358979312 1.1345407962799072 53 1 0.81699999999999995 0.79999999999999993
 30 7 140 0.40000000000000002 1 4 20 2200 -2.1415926535897931 2.4414913654327393 53 1 1.173 0.79999999999999993
 31 7 282 0.80000000000000004 2 4 20 2200 1.8584073464102069 1.3903660774230957 53 1 1.194 0.89999999999999991
 32 7 460 1.6000000000000001 2 4 16 2000 -0.14159265358979312 1.0330760478973389 59 0 1.198 0.79999999999999993
 33 7 215 0.80000000000000004 1 3 20 2400 1.8584073464102069 1.4526998996734619 53 1 0.89500000000000002 0.79999999999999993
 34 7 346 1.2 2 3 16 2400 -0.14159265358979312 4.492788553237915 59 0 1.1870000000000001 0.89999999999999991
 35 7 325 1.2 1 4 20 2000 0.85840734641020688 2.3686356544494629 59 0 1.1699999999999999 1
 36 7 260 0.80000000000000004 2 3 20 2200 -3.1415926535897931 1.3398046493530273 53 1 1.0109999999999999 0.69999999999999996
 37 7 224 0.80000000000000004 1 4 16 2200 -1.1415926535897931 2.0294055938720703 53 1 1.0800000000000001 1
 38 7 163 0.40000000000000002 2 3 20 2200 -2.1415926535897931 1.051156759262085 53 1 1.1879999999999999 1
 39 7 4 0 1 3 16 2000 2.8584073464102069 1.136530876159668 53 1 1.133 0.89999999999999991
 40 7 366 1.2 2 4 16 2200 1.8584073464102069 3.3644094467163086 53 1 1.157 0.89999999999999991
 41 7 321 1.2 1 4 16 2400 -2.1415926535897931 1.5858912467956543 59 0 1.1519999999999999 0.89999999999999991
 42 7 449 1.6000000000000001 2 3 20 2200 -1.1415926535897931 0.93083834648132324 59 0 0.90500000000000003 0.89999999999999991
 43 7 444 1.6000000000000001 2 3 16 2400 -1.1415926535897931 1.0855944156646729 59 0 1.111 1
 44 7 49 0 2 3 16 2000 0.85840734641020688 0.9929962158203125 53 1 0.88300000000000001 1
 45 7 222 0.80000000000000004 1 4 16 2200 2.8584073464102069 2.7040677070617676 59 0 0.90400000000000003 0.69999999999999996
 46 7 471 1.6000000000000001 2 4 20 2000 -0.14159265358979312 0.8990623950958252 59 0 1.167 0.69999999999999996
 47 7 68 0 2 3 20 2200 -2.1415926535897931 0.95963621139526367 53 1 1.0129999999999999 0.89999999999999991
 48 7 116 0.40000000000000002 1 3 20 2200 -0.14159265358979312 0.86214113235473633 53 1 1.0660000000000001 0.79999999999999993


# name: resolution
# type: matrix
# rows: 1
# columns: 2
 1366 768


# name: hz
# type: scalar
60


# name: pc
# type: sq_string
# elements: 1
# length: 21
gregor-Latitude-E6320


# name: experiment
# type: sq_string
# elements: 1
# length: 4
RFPb


# name: isOctave
# type: bool
1




