# Created by Octave 5.2.0, Thu Mar 31 16:51:44 2022 CEST <student@gregor-Latitude-E6320>
# name: RFP
# type: scalar struct
# ndims: 2
 1 1
# length: 10
# name: vp
# type: sq_string
# elements: 1
# length: 3
V12


# name: mapping
# type: scalar
1


# name: date
# type: sq_string
# elements: 1
# length: 15
20220331T164939


# name: block
# type: scalar
5


# name: outmat
# type: matrix
# rows: 48
# columns: 14
 1 5 358 1.2 2 3 20 2400 2.8584073464102069 1.4835076332092285 59 0 1.103 0.69999999999999996
 2 5 316 1.2 1 4 16 2000 2.8584073464102069 1.0800347328186035 53 1 1.0640000000000001 0.89999999999999991
 3 5 559 3 2 4 16 2200 -0.14159265358979312 1.5400002002716064 59 0 1.097 0.79999999999999993
 4 5 437 1.6000000000000001 2 3 16 2200 -3.1415926535897931 1.687342643737793 53 1 0.80900000000000005 0.79999999999999993
 5 5 507 3 1 4 16 2000 2.8584073464102069 1.0765962600708008 59 0 1.0589999999999999 1
 6 5 177 0.40000000000000002 2 4 16 2400 1.8584073464102069 0.96226191520690918 53 1 0.80200000000000005 0.79999999999999993
 7 5 430 1.6000000000000001 1 4 20 2400 2.8584073464102069 1.0538220405578613 59 0 0.96499999999999997 0.79999999999999993
 8 5 175 0.40000000000000002 2 4 16 2200 2.8584073464102069 0.82577824592590332 53 1 1.1539999999999999 0.69999999999999996
 9 5 529 3 2 3 16 2000 -2.1415926535897931 0.88140654563903809 59 0 1.0740000000000001 0.79999999999999993
 10 5 246 0.80000000000000004 2 3 16 2200 -1.1415926535897931 3.023723840713501 53 1 0.89900000000000002 0.79999999999999993
 11 5 217 0.80000000000000004 1 4 16 2000 0.85840734641020688 2.4939296245574951 59 0 0.83199999999999996 0.89999999999999991
 12 5 10 0 1 3 16 2400 -3.1415926535897931 1.0009803771972656 53 1 1.0549999999999999 0.69999999999999996
 13 5 414 1.6000000000000001 1 4 16 2200 2.8584073464102069 1.2106151580810547 59 0 0.93300000000000005 0.89999999999999991
 14 5 126 0.40000000000000002 1 4 16 2200 -1.1415926535897931 3.283860445022583 53 1 0.84099999999999997 0.69999999999999996
 15 5 478 1.6000000000000001 2 4 20 2400 -2.1415926535897931 1.5430760383605957 59 0 0.89700000000000002 0.89999999999999991
 16 5 5 0 1 3 16 2200 0.85840734641020688 1.3029866218566895 53 1 1.159 0.89999999999999991
 17 5 421 1.6000000000000001 1 4 20 2000 -3.1415926535897931 1.0641443729400635 59 0 1.1819999999999999 0.89999999999999991
 18 5 562 3 2 4 16 2400 -2.1415926535897931 1.0044362545013428 59 0 0.98799999999999999 0.69999999999999996
 19 5 349 1.2 2 3 20 2000 0.85840734641020688 0.91515016555786133 59 0 1.149 0.79999999999999993
 20 5 543 3 2 3 20 2000 -0.14159265358979312 0.92716193199157715 59 0 0.89100000000000001 0.79999999999999993
 21 5 530 3 2 3 16 2000 1.8584073464102069 0.86935567855834961 59 0 0.94999999999999996 0.79999999999999993
 22 5 234 0.80000000000000004 1 4 20 2200 -0.14159265358979312 2.1941847801208496 59 0 1.1080000000000001 1
 23 5 21 0 1 3 20 2400 1.8584073464102069 0.98560285568237305 53 1 1.143 0.79999999999999993
 24 5 277 0.80000000000000004 2 4 20 2000 -1.1415926535897931 3.4471728801727295 53 1 0.80300000000000005 1
 25 5 103 0.40000000000000002 1 3 16 2200 -1.1415926535897931 0.99923133850097656 53 1 1.1990000000000001 1
 26 5 80 0 2 4 16 2200 -0.14159265358979312 1.6310203075408936 53 1 1.1899999999999999 0.89999999999999991
 27 5 24 0 1 3 20 2400 1.8584073464102069 1.0557703971862793 53 1 1.125 1
 28 5 491 3 1 3 16 2400 2.8584073464102069 0.99288535118103027 59 0 1.1679999999999999 0.69999999999999996
 29 5 226 0.80000000000000004 1 4 16 2400 -0.14159265358979312 1.9387593269348145 53 1 0.86299999999999999 0.89999999999999991
 30 5 155 0.40000000000000002 2 3 16 2400 -0.14159265358979312 3.1643190383911133 53 1 0.99299999999999999 0.89999999999999991
 31 5 561 3 2 4 16 2400 1.8584073464102069 1.0307385921478271 59 0 1.0629999999999999 0.69999999999999996
 32 5 364 1.2 2 4 16 2000 2.8584073464102069 1.1720328330993652 59 0 1.01 0.69999999999999996
 33 5 135 0.40000000000000002 1 4 20 2000 -2.1415926535897931 5.1493117809295654 59 0 0.999 0.79999999999999993
 34 5 570 3 2 4 20 2200 1.8584073464102069 1.0652709007263184 59 0 1.056 0.79999999999999993
 35 5 170 0.40000000000000002 2 4 16 2000 -1.1415926535897931 1.2805829048156738 53 1 0.878 0.79999999999999993
 36 5 557 3 2 4 16 2200 -0.14159265358979312 0.83437585830688477 59 0 1.095 0.69999999999999996
 37 5 412 1.6000000000000001 1 4 16 2000 -3.1415926535897931 0.88188958168029785 59 0 1.119 0.69999999999999996
 38 5 105 0.40000000000000002 1 3 16 2400 0.85840734641020688 0.91295266151428223 53 1 0.95999999999999996 0.79999999999999993
 39 5 347 1.2 2 3 16 2400 -0.14159265358979312 1.4683437347412109 53 1 0.873 0.79999999999999993
 40 5 303 1.2 1 3 20 2000 0.85840734641020688 2.2832248210906982 53 1 0.98799999999999999 1
 41 5 519 3 1 4 20 2000 1.8584073464102069 1.2598326206207275 59 0 1.0620000000000001 0.79999999999999993
 42 5 294 1.2 1 3 16 2200 2.8584073464102069 1.7872078418731689 59 0 0.90800000000000003 0.79999999999999993
 43 5 433 1.6000000000000001 2 3 16 2000 -2.1415926535897931 2.6438393592834473 53 1 0.81799999999999995 0.69999999999999996
 44 5 255 0.80000000000000004 2 3 20 2000 0.85840734641020688 1.6518654823303223 59 0 0.97399999999999998 0.89999999999999991
 45 5 448 1.6000000000000001 2 3 20 2000 0.85840734641020688 1.5424654483795166 59 0 0.96999999999999997 0.69999999999999996
 46 5 158 0.40000000000000002 2 3 20 2000 1.8584073464102069 2.29201340675354 53 1 1.0940000000000001 1
 47 5 146 0.40000000000000002 2 3 16 2000 -3.1415926535897931 0.93248152732849121 53 1 0.90100000000000002 0.79999999999999993
 48 5 251 0.80000000000000004 2 3 16 2400 -2.1415926535897931 1.351778507232666 53 1 1.1299999999999999 0.79999999999999993


# name: resolution
# type: matrix
# rows: 1
# columns: 2
 1366 768


# name: hz
# type: scalar
60


# name: pc
# type: sq_string
# elements: 1
# length: 21
gregor-Latitude-E6320


# name: experiment
# type: sq_string
# elements: 1
# length: 4
RFPb


# name: isOctave
# type: bool
1




