# Created by Octave 5.2.0, Thu Mar 31 16:54:41 2022 CEST <student@gregor-Latitude-E6320>
# name: RFP
# type: scalar struct
# ndims: 2
 1 1
# length: 10
# name: vp
# type: sq_string
# elements: 1
# length: 3
V12


# name: mapping
# type: scalar
1


# name: date
# type: sq_string
# elements: 1
# length: 15
20220331T165246


# name: block
# type: scalar
6


# name: outmat
# type: matrix
# rows: 48
# columns: 14
 1 6 232 0.80000000000000004 1 4 20 2000 -3.1415926535897931 2.192070484161377 59 0 0.84599999999999997 0.69999999999999996
 2 6 125 0.40000000000000002 1 4 16 2200 2.8584073464102069 1.0730822086334229 53 1 0.89400000000000002 1
 3 6 541 3 2 3 20 2000 2.8584073464102069 0.9191596508026123 59 0 0.95299999999999996 1
 4 6 376 1.2 2 4 20 2000 -0.14159265358979312 1.3170561790466309 59 0 1.1100000000000001 0.79999999999999993
 5 6 540 3 2 3 16 2400 2.8584073464102069 1.2795548439025879 59 0 1.2 0.89999999999999991
 6 6 34 0 1 4 16 2400 -2.1415926535897931 1.0012328624725342 53 1 0.86299999999999999 0.69999999999999996
 7 6 330 1.2 1 4 20 2200 2.8584073464102069 1.2282474040985107 59 0 1.0429999999999999 0.69999999999999996
 8 6 129 0.40000000000000002 1 4 16 2400 -2.1415926535897931 1.0258586406707764 53 1 1.1819999999999999 0.69999999999999996
 9 6 3 0 1 3 16 2000 -0.14159265358979312 0.96459484100341797 53 1 0.82199999999999995 0.89999999999999991
 10 6 133 0.40000000000000002 1 4 20 2000 0.85840734641020688 1.4757325649261475 53 1 1.1439999999999999 0.89999999999999991
 11 6 385 1.6000000000000001 1 3 16 2000 -0.14159265358979312 1.3444421291351318 59 0 1.0089999999999999 1
 12 6 479 1.6000000000000001 2 4 20 2400 2.8584073464102069 1.109245777130127 59 0 1.145 0.79999999999999993
 13 6 493 3 1 3 20 2000 -0.14159265358979312 1.3353192806243896 59 0 0.80900000000000005 0.79999999999999993
 14 6 220 0.80000000000000004 1 4 16 2000 0.85840734641020688 0.90827417373657227 53 1 1.125 1
 15 6 64 0 2 3 20 2000 2.8584073464102069 2.1339304447174072 53 1 0.94599999999999995 1
 16 6 453 1.6000000000000001 2 3 20 2400 -2.1415926535897931 1.0145430564880371 59 0 0.90600000000000003 0.89999999999999991
 17 6 537 3 2 3 16 2400 -2.1415926535897931 1.1152772903442383 59 0 0.94299999999999995 0.79999999999999993
 18 6 106 0.40000000000000002 1 3 16 2400 0.85840734641020688 1.9183316230773926 53 1 1.1890000000000001 0.69999999999999996
 19 6 249 0.80000000000000004 2 3 16 2400 -0.14159265358979312 2.1579504013061523 53 1 1.101 0.79999999999999993
 20 6 50 0 2 3 16 2000 1.8584073464102069 0.83069992065429688 53 1 0.91600000000000004 0.89999999999999991
 21 6 473 1.6000000000000001 2 4 20 2200 -2.1415926535897931 0.98861885070800781 59 0 0.99399999999999999 1
 22 6 438 1.6000000000000001 2 3 16 2200 -2.1415926535897931 1.1812033653259277 53 1 1.0269999999999999 0.79999999999999993
 23 6 415 1.6000000000000001 1 4 16 2200 -2.1415926535897931 1.0316331386566162 59 0 0.96799999999999997 0.89999999999999991
 24 6 503 3 1 3 20 2400 0.85840734641020688 0.8805851936340332 59 0 1.012 0.79999999999999993
 25 6 322 1.2 1 4 16 2400 -1.1415926535897931 1.067131519317627 59 0 0.84299999999999997 0.89999999999999991
 26 6 248 0.80000000000000004 2 3 16 2200 1.8584073464102069 1.0797216892242432 53 1 1.0089999999999999 1
 27 6 182 0.40000000000000002 2 4 20 2000 -3.1415926535897931 2.9055895805358887 59 0 1.0700000000000001 0.79999999999999993
 28 6 71 0 2 3 20 2400 -2.1415926535897931 1.0212757587432861 53 1 0.81999999999999995 0.69999999999999996
 29 6 333 1.2 1 4 20 2400 0.85840734641020688 1.5349621772766113 53 1 1.179 0.89999999999999991
 30 6 152 0.40000000000000002 2 3 16 2200 -2.1415926535897931 2.7217283248901367 53 1 0.96799999999999997 1
 31 6 165 0.40000000000000002 2 3 20 2400 -2.1415926535897931 2.3659117221832275 53 1 1.075 1
 32 6 283 0.80000000000000004 2 4 20 2200 -3.1415926535897931 1.4514374732971191 53 1 1.004 1
 33 6 73 0 2 4 16 2000 -1.1415926535897931 1.5235750675201416 53 1 0.98299999999999998 0.89999999999999991
 34 6 281 0.80000000000000004 2 4 20 2200 -1.1415926535897931 1.2096595764160156 53 1 1.006 1
 35 6 213 0.80000000000000004 1 3 20 2400 0.85840734641020688 1.8923423290252686 59 0 0.96399999999999997 0.79999999999999993
 36 6 528 3 1 4 20 2400 -2.1415926535897931 0.90195250511169434 59 0 0.86899999999999999 1
 37 6 501 3 1 3 20 2400 -0.14159265358979312 0.91437458992004395 59 0 1.1899999999999999 0.79999999999999993
 38 6 65 0 2 3 20 2200 2.8584073464102069 1.2477927207946777 53 1 1.018 0.69999999999999996
 39 6 147 0.40000000000000002 2 3 16 2000 0.85840734641020688 1.1967170238494873 53 1 1.1100000000000001 0.89999999999999991
 40 6 113 0.40000000000000002 1 3 20 2200 0.85840734641020688 1.7761309146881104 53 1 1.0740000000000001 0.89999999999999991
 41 6 261 0.80000000000000004 2 3 20 2400 -3.1415926535897931 1.1620855331420898 59 0 0.81200000000000006 0.69999999999999996
 42 6 511 3 1 4 16 2200 1.8584073464102069 1.0142924785614014 59 0 1.1879999999999999 0.79999999999999993
 43 6 456 1.6000000000000001 2 3 20 2400 -1.1415926535897931 0.82167363166809082 59 0 1.046 1
 44 6 492 3 1 3 16 2400 -1.1415926535897931 1.1501791477203369 59 0 1.1479999999999999 0.69999999999999996
 45 6 374 1.2 2 4 20 2000 0.85840734641020688 1.6106252670288086 59 0 1.048 0.79999999999999993
 46 6 151 0.40000000000000002 2 3 16 2200 -2.1415926535897931 0.90239524841308594 53 1 1.1739999999999999 0.89999999999999991
 47 6 221 0.80000000000000004 1 4 16 2200 -1.1415926535897931 0.99489855766296387 53 1 1.0649999999999999 1
 48 6 494 3 1 3 20 2000 0.85840734641020688 1.2522985935211182 59 0 1.0840000000000001 1


# name: resolution
# type: matrix
# rows: 1
# columns: 2
 1366 768


# name: hz
# type: scalar
60


# name: pc
# type: sq_string
# elements: 1
# length: 21
gregor-Latitude-E6320


# name: experiment
# type: sq_string
# elements: 1
# length: 4
RFPb


# name: isOctave
# type: bool
1




