# Created by Octave 5.2.0, Thu Mar 31 17:02:55 2022 CEST <student@gregor-Latitude-E6320>
# name: RFP
# type: scalar struct
# ndims: 2
 1 1
# length: 10
# name: vp
# type: sq_string
# elements: 1
# length: 3
V12


# name: mapping
# type: scalar
1


# name: date
# type: sq_string
# elements: 1
# length: 15
20220331T170059


# name: block
# type: scalar
9


# name: outmat
# type: matrix
# rows: 48
# columns: 14
 1 9 350 1.2 2 3 20 2000 -1.1415926535897931 1.120558500289917 59 0 0.82999999999999996 0.89999999999999991
 2 9 443 1.6000000000000001 2 3 16 2400 2.8584073464102069 1.3269352912902832 59 0 0.88400000000000001 0.69999999999999996
 3 9 463 1.6000000000000001 2 4 16 2200 2.8584073464102069 2.7338564395904541 59 0 0.95799999999999996 0.69999999999999996
 4 9 187 0.40000000000000002 2 4 20 2200 1.8584073464102069 1.2717761993408203 53 1 0.95299999999999996 0.79999999999999993
 5 9 381 1.2 2 4 20 2400 1.8584073464102069 1.2648105621337891 59 0 0.999 1
 6 9 356 1.2 2 3 20 2200 -0.14159265358979312 0.97680044174194336 59 0 1.1759999999999999 0.69999999999999996
 7 9 37 0 1 4 20 2000 1.8584073464102069 1.102691650390625 53 1 0.873 0.89999999999999991
 8 9 465 1.6000000000000001 2 4 16 2400 0.85840734641020688 0.97857284545898438 59 0 1.0740000000000001 0.79999999999999993
 9 9 392 1.6000000000000001 1 3 16 2200 2.8584073464102069 1.0853271484375 59 0 1.1879999999999999 0.79999999999999993
 10 9 227 0.80000000000000004 1 4 16 2400 -2.1415926535897931 2.1355619430541992 53 1 0.84099999999999997 1
 11 9 228 0.80000000000000004 1 4 16 2400 -0.14159265358979312 1.0138652324676514 53 1 0.89400000000000002 0.79999999999999993
 12 9 310 1.2 1 3 20 2400 2.8584073464102069 1.0654284954071045 59 0 1.196 0.79999999999999993
 13 9 399 1.6000000000000001 1 3 20 2000 -2.1415926535897931 0.8557426929473877 59 0 0.90900000000000003 0.69999999999999996
 14 9 521 3 1 4 20 2200 1.8584073464102069 1.4541733264923096 59 0 0.94999999999999996 1
 15 9 455 1.6000000000000001 2 3 20 2400 0.85840734641020688 1.629575252532959 59 0 1.0640000000000001 1
 16 9 365 1.2 2 4 16 2200 -2.1415926535897931 3.0804474353790283 59 0 1.0820000000000001 0.79999999999999993
 17 9 405 1.6000000000000001 1 3 20 2400 0.85840734641020688 1.0623772144317627 59 0 0.82399999999999995 0.79999999999999993
 18 9 571 3 2 4 20 2200 -2.1415926535897931 1.5939500331878662 59 0 0.94199999999999995 0.79999999999999993
 19 9 110 0.40000000000000002 1 3 20 2000 -3.1415926535897931 1.2580735683441162 53 1 1.137 1
 20 9 320 1.2 1 4 16 2200 2.8584073464102069 1.551262378692627 59 0 0.86299999999999999 0.89999999999999991
 21 9 210 0.80000000000000004 1 3 20 2200 -3.1415926535897931 1.0940325260162354 59 0 0.94799999999999995 0.69999999999999996
 22 9 48 0 1 4 20 2400 -2.1415926535897931 1.0823354721069336 53 1 1.145 0.89999999999999991
 23 9 184 0.40000000000000002 2 4 20 2000 -3.1415926535897931 1.1255812644958496 53 1 0.94099999999999995 0.79999999999999993
 24 9 200 0.80000000000000004 1 3 16 2200 0.85840734641020688 1.4652614593505859 59 0 1.131 0.79999999999999993
 25 9 564 3 2 4 16 2400 2.8584073464102069 1.80586838722229 59 0 0.90400000000000003 0.79999999999999993
 26 9 532 3 2 3 16 2000 -0.14159265358979312 1.0393860340118408 59 0 1.0780000000000001 0.69999999999999996
 27 9 329 1.2 1 4 20 2200 1.8584073464102069 1.3085176944732666 59 0 1.002 0.79999999999999993
 28 9 162 0.40000000000000002 2 3 20 2200 -3.1415926535897931 1.7147572040557861 59 0 0.94199999999999995 0.89999999999999991
 29 9 432 1.6000000000000001 1 4 20 2400 2.8584073464102069 1.0743234157562256 59 0 1.101 0.79999999999999993
 30 9 558 3 2 4 16 2200 1.8584073464102069 1.6339671611785889 59 0 0.95699999999999996 0.79999999999999993
 31 9 2 0 1 3 16 2000 2.8584073464102069 1.0733633041381836 53 1 0.82899999999999996 0.69999999999999996
 32 9 567 3 2 4 20 2000 -0.14159265358979312 1.2614860534667969 59 0 1.028 0.69999999999999996
 33 9 576 3 2 4 20 2400 -1.1415926535897931 0.97771883010864258 59 0 1.036 0.89999999999999991
 34 9 377 1.2 2 4 20 2200 0.85840734641020688 1.2972674369812012 59 0 1.147 0.69999999999999996
 35 9 149 0.40000000000000002 2 3 16 2200 -1.1415926535897931 1.0353760719299316 53 1 0.92500000000000004 0.89999999999999991
 36 9 264 0.80000000000000004 2 3 20 2400 -3.1415926535897931 1.2962830066680908 53 1 0.94299999999999995 1
 37 9 363 1.2 2 4 16 2000 -1.1415926535897931 1.5187656879425049 53 1 0.83199999999999996 1
 38 9 573 3 2 4 20 2400 -2.1415926535897931 1.0297601222991943 59 0 0.95099999999999996 0.69999999999999996
 39 9 44 0 1 4 20 2200 1.8584073464102069 1.7204673290252686 59 0 1.1499999999999999 0.69999999999999996
 40 9 179 0.40000000000000002 2 4 16 2400 -3.1415926535897931 1.9853565692901611 53 1 0.83999999999999997 0.69999999999999996
 41 9 295 1.2 1 3 16 2200 -2.1415926535897931 2.2437431812286377 53 1 0.83699999999999997 0.89999999999999991
 42 9 196 0.80000000000000004 1 3 16 2000 1.8584073464102069 1.1127364635467529 53 1 0.84599999999999997 1
 43 9 441 1.6000000000000001 2 3 16 2400 -2.1415926535897931 2.0174384117126465 53 1 0.94299999999999995 0.89999999999999991
 44 9 485 3 1 3 16 2200 0.85840734641020688 1.8069243431091309 59 0 0.86899999999999999 0.89999999999999991
 45 9 434 1.6000000000000001 2 3 16 2000 0.85840734641020688 1.15244460105896 59 0 0.83399999999999996 0.79999999999999993
 46 9 12 0 1 3 16 2400 -2.1415926535897931 1.0296676158905029 53 1 1.0149999999999999 0.79999999999999993
 47 9 311 1.2 1 3 20 2400 -3.1415926535897931 1.0486555099487305 59 0 0.98999999999999999 0.79999999999999993
 48 9 397 1.6000000000000001 1 3 20 2000 -2.1415926535897931 2.0167474746704102 59 0 0.91300000000000003 0.89999999999999991


# name: resolution
# type: matrix
# rows: 1
# columns: 2
 1366 768


# name: hz
# type: scalar
60


# name: pc
# type: sq_string
# elements: 1
# length: 21
gregor-Latitude-E6320


# name: experiment
# type: sq_string
# elements: 1
# length: 4
RFPb


# name: isOctave
# type: bool
1




