# Created by Octave 5.2.0, Thu Mar 31 16:43:05 2022 CEST <student@gregor-Latitude-E6320>
# name: RFP
# type: scalar struct
# ndims: 2
 1 1
# length: 10
# name: vp
# type: sq_string
# elements: 1
# length: 3
V12


# name: mapping
# type: scalar
1


# name: date
# type: sq_string
# elements: 1
# length: 15
20220331T164035


# name: block
# type: scalar
2


# name: outmat
# type: matrix
# rows: 48
# columns: 14
 1 2 243 0.80000000000000004 2 3 16 2000 -0.14159265358979312 2.3876571655273438 53 1 1.107 1
 2 2 524 3 1 4 20 2200 -3.1415926535897931 1.1590654850006104 59 0 0.85599999999999998 0.79999999999999993
 3 2 252 0.80000000000000004 2 3 16 2400 -1.1415926535897931 2.1375274658203125 53 1 0.94299999999999995 0.69999999999999996
 4 2 107 0.40000000000000002 1 3 16 2400 -1.1415926535897931 1.1846845149993896 53 1 0.89700000000000002 1
 5 2 516 3 1 4 16 2400 -3.1415926535897931 1.5196592807769775 59 0 0.91700000000000004 0.89999999999999991
 6 2 328 1.2 1 4 20 2000 2.8584073464102069 4.6750140190124512 53 1 0.85599999999999998 1
 7 2 439 1.6000000000000001 2 3 16 2200 -1.1415926535897931 2.9002532958984375 59 0 1.0329999999999999 0.79999999999999993
 8 2 244 0.80000000000000004 2 3 16 2000 -2.1415926535897931 1.7464041709899902 53 1 1.1870000000000001 0.79999999999999993
 9 2 319 1.2 1 4 16 2200 -1.1415926535897931 1.7906241416931152 53 1 1.139 0.79999999999999993
 10 2 458 1.6000000000000001 2 4 16 2000 1.8584073464102069 2.4433832168579102 59 0 1.002 0.69999999999999996
 11 2 86 0 2 4 20 2000 -2.1415926535897931 1.5542764663696289 53 1 0.82399999999999995 0.89999999999999991
 12 2 160 0.40000000000000002 2 3 20 2000 -2.1415926535897931 5.0487322807312012 53 1 0.93500000000000005 0.69999999999999996
 13 2 342 1.2 2 3 16 2200 1.8584073464102069 3.1639642715454102 53 1 0.94699999999999995 1
 14 2 55 0 2 3 16 2200 -0.14159265358979312 1.4387674331665039 53 1 0.94499999999999995 0.79999999999999993
 15 2 270 0.80000000000000004 2 4 16 2200 -0.14159265358979312 2.1131398677825928 53 1 1.093 1
 16 2 98 0.40000000000000002 1 3 16 2000 1.8584073464102069 2.1014537811279297 59 0 0.81299999999999994 0.89999999999999991
 17 2 9 0 1 3 16 2400 0.85840734641020688 1.2858977317810059 53 1 1.093 0.89999999999999991
 18 2 92 0 2 4 20 2200 1.8584073464102069 1.6812894344329834 53 1 0.81399999999999995 0.69999999999999996
 19 2 290 1.2 1 3 16 2000 -2.1415926535897931 2.1109621524810791 53 1 1.1240000000000001 1
 20 2 482 3 1 3 16 2000 -1.1415926535897931 2.2150928974151611 59 0 1.1950000000000001 0.89999999999999991
 21 2 315 1.2 1 4 16 2000 0.85840734641020688 1.6885373592376709 59 0 0.81299999999999994 0.79999999999999993
 22 2 180 0.40000000000000002 2 4 16 2400 -0.14159265358979312 2.2873585224151611 53 1 0.81899999999999995 0.89999999999999991
 23 2 33 0 1 4 16 2400 -1.1415926535897931 1.7792468070983887 53 1 0.81200000000000006 0.89999999999999991
 24 2 22 0 1 3 20 2400 -2.1415926535897931 1.1608011722564697 53 1 0.98499999999999999 0.89999999999999991
 25 2 202 0.80000000000000004 1 3 16 2400 -2.1415926535897931 2.0083532333374023 53 1 1.081 0.69999999999999996
 26 2 156 0.40000000000000002 2 3 16 2400 2.8584073464102069 1.2795593738555908 53 1 1.0649999999999999 0.69999999999999996
 27 2 31 0 1 4 16 2200 -2.1415926535897931 1.2403857707977295 53 1 0.96599999999999997 1
 28 2 526 3 1 4 20 2400 0.85840734641020688 1.1414632797241211 59 0 1.083 0.89999999999999991
 29 2 369 1.2 2 4 16 2400 -1.1415926535897931 1.0694384574890137 59 0 1.0109999999999999 0.69999999999999996
 30 2 118 0.40000000000000002 1 3 20 2400 -0.14159265358979312 1.1724822521209717 53 1 0.98999999999999999 1
 31 2 305 1.2 1 3 20 2200 -1.1415926535897931 2.63983154296875 59 0 0.92700000000000005 1
 32 2 176 0.40000000000000002 2 4 16 2200 -3.1415926535897931 1.3349061012268066 53 1 1.149 0.79999999999999993
 33 2 470 1.6000000000000001 2 4 20 2000 2.8584073464102069 1.6534674167633057 59 0 0.96099999999999997 0.79999999999999993
 34 2 291 1.2 1 3 16 2000 1.8584073464102069 1.9359865188598633 59 0 1.0720000000000001 0.79999999999999993
 35 2 514 3 1 4 16 2400 -1.1415926535897931 1.2714333534240723 59 0 1.175 0.89999999999999991
 36 2 467 1.6000000000000001 2 4 16 2400 -3.1415926535897931 7.5710635185241699 59 0 0.82099999999999995 0.79999999999999993
 37 2 476 1.6000000000000001 2 4 20 2200 -3.1415926535897931 3.6464736461639404 53 1 0.89900000000000002 1
 38 2 46 0 1 4 20 2400 -0.14159265358979312 2.2998125553131104 53 1 0.96799999999999997 1
 39 2 136 0.40000000000000002 1 4 20 2000 -0.14159265358979312 1.1466267108917236 53 1 0.95799999999999996 0.89999999999999991
 40 2 14 0 1 3 20 2000 -0.14159265358979312 1.1885368824005127 53 1 0.92000000000000004 1
 41 2 188 0.40000000000000002 2 4 20 2200 -2.1415926535897931 2.1425671577453613 59 0 1.0720000000000001 0.69999999999999996
 42 2 367 1.2 2 4 16 2200 -1.1415926535897931 2.9962892532348633 59 0 1.0149999999999999 0.89999999999999991
 43 2 6 0 1 3 16 2200 -3.1415926535897931 1.32403564453125 53 1 0.94299999999999995 1
 44 2 362 1.2 2 4 16 2000 2.8584073464102069 2.4079194068908691 53 1 1.103 0.69999999999999996
 45 2 401 1.6000000000000001 1 3 20 2200 2.8584073464102069 5.089787483215332 59 0 0.92100000000000004 0.69999999999999996
 46 2 509 3 1 4 16 2200 -3.1415926535897931 1.109384298324585 59 0 0.82499999999999996 1
 47 2 569 3 2 4 20 2200 -0.14159265358979312 1.0287556648254395 59 0 0.93899999999999995 1
 48 2 61 0 2 3 20 2000 -3.1415926535897931 0.96480250358581543 53 1 0.80300000000000005 0.79999999999999993


# name: resolution
# type: matrix
# rows: 1
# columns: 2
 1366 768


# name: hz
# type: scalar
60


# name: pc
# type: sq_string
# elements: 1
# length: 21
gregor-Latitude-E6320


# name: experiment
# type: sq_string
# elements: 1
# length: 4
RFPb


# name: isOctave
# type: bool
1




