# Created by Octave 5.2.0, Thu Mar 31 17:00:54 2022 CEST <student@gregor-Latitude-E6320>
# name: RFP
# type: scalar struct
# ndims: 2
 1 1
# length: 10
# name: vp
# type: sq_string
# elements: 1
# length: 3
V12


# name: mapping
# type: scalar
1


# name: date
# type: sq_string
# elements: 1
# length: 15
20220331T165850


# name: block
# type: scalar
8


# name: outmat
# type: matrix
# rows: 48
# columns: 14
 1 8 27 0 1 4 16 2000 -0.14159265358979312 0.87151432037353516 53 1 1.119 0.89999999999999991
 2 8 171 0.40000000000000002 2 4 16 2000 2.8584073464102069 3.2042083740234375 53 1 0.99199999999999999 0.69999999999999996
 3 8 506 3 1 4 16 2000 2.8584073464102069 0.99449348449707031 59 0 0.89600000000000002 0.89999999999999991
 4 8 13 0 1 3 20 2000 -0.14159265358979312 0.91027164459228516 53 1 1.1870000000000001 0.89999999999999991
 5 8 440 1.6000000000000001 2 3 16 2200 0.85840734641020688 3.0571928024291992 59 0 1.038 0.69999999999999996
 6 8 426 1.6000000000000001 1 4 20 2200 2.8584073464102069 4.8125498294830322 59 0 0.94399999999999995 1
 7 8 451 1.6000000000000001 2 3 20 2200 1.8584073464102069 1.2246294021606445 59 0 1.1799999999999999 0.69999999999999996
 8 8 489 3 1 3 16 2400 0.85840734641020688 2.4571826457977295 59 0 1.0820000000000001 1
 9 8 25 0 1 4 16 2000 -3.1415926535897931 1.02191162109375 53 1 1.131 0.69999999999999996
 10 8 96 0 2 4 20 2400 -1.1415926535897931 1.2060668468475342 53 1 1.081 0.79999999999999993
 11 8 83 0 2 4 16 2400 -0.14159265358979312 1.4957981109619141 53 1 0.81999999999999995 1
 12 8 538 3 2 3 16 2400 -2.1415926535897931 1.7198836803436279 59 0 0.94099999999999995 0.79999999999999993
 13 8 533 3 2 3 16 2200 -3.1415926535897931 0.93197965621948242 59 0 1.0920000000000001 0.79999999999999993
 14 8 90 0 2 4 20 2200 -0.14159265358979312 0.90543246269226074 53 1 0.90200000000000002 0.89999999999999991
 15 8 262 0.80000000000000004 2 3 20 2400 2.8584073464102069 0.97311568260192871 53 1 1.0109999999999999 0.79999999999999993
 16 8 78 0 2 4 16 2200 2.8584073464102069 1.8980591297149658 53 1 0.90600000000000003 0.89999999999999991
 17 8 527 3 1 4 20 2400 1.8584073464102069 1.0363471508026123 59 0 1.0249999999999999 0.79999999999999993
 18 8 229 0.80000000000000004 1 4 20 2000 -0.14159265358979312 0.91701292991638184 59 0 0.89400000000000002 0.69999999999999996
 19 8 336 1.2 1 4 20 2400 -0.14159265358979312 1.0473911762237549 59 0 0.90800000000000003 1
 20 8 268 0.80000000000000004 2 4 16 2000 1.8584073464102069 1.5507917404174805 53 1 0.88500000000000001 1
 21 8 275 0.80000000000000004 2 4 16 2400 1.8584073464102069 1.054262638092041 53 1 1.038 0.79999999999999993
 22 8 326 1.2 1 4 20 2000 -2.1415926535897931 1.2285494804382324 59 0 0.80800000000000005 1
 23 8 361 1.2 2 4 16 2000 2.8584073464102069 1.261305570602417 53 1 1.153 0.69999999999999996
 24 8 301 1.2 1 3 20 2000 0.85840734641020688 6.2608203887939453 59 0 1.1779999999999999 0.69999999999999996
 25 8 351 1.2 2 3 20 2000 2.8584073464102069 1.3095545768737793 59 0 0.83399999999999996 0.79999999999999993
 26 8 284 0.80000000000000004 2 4 20 2200 0.85840734641020688 3.8112435340881348 59 0 1.081 1
 27 8 250 0.80000000000000004 2 3 16 2400 0.85840734641020688 1.2384157180786133 59 0 1.1830000000000001 0.79999999999999993
 28 8 393 1.6000000000000001 1 3 16 2400 2.8584073464102069 1.5818276405334473 59 0 1.127 0.79999999999999993
 29 8 60 0 2 3 16 2400 -2.1415926535897931 1.052166223526001 53 1 1.04 1
 30 8 97 0.40000000000000002 1 3 16 2000 -1.1415926535897931 1.0370800495147705 53 1 1.115 0.69999999999999996
 31 8 536 3 2 3 16 2200 -0.14159265358979312 0.95356607437133789 59 0 0.98499999999999999 0.79999999999999993
 32 8 242 0.80000000000000004 2 3 16 2000 -2.1415926535897931 1.2450706958770752 59 0 1.181 0.69999999999999996
 33 8 7 0 1 3 16 2200 0.85840734641020688 0.98756217956542969 53 1 1.0620000000000001 0.69999999999999996
 34 8 57 0 2 3 16 2400 1.8584073464102069 1.0434432029724121 53 1 1.169 0.89999999999999991
 35 8 370 1.2 2 4 16 2400 0.85840734641020688 1.0814504623413086 59 0 0.86899999999999999 0.69999999999999996
 36 8 417 1.6000000000000001 1 4 16 2400 2.8584073464102069 1.377225399017334 59 0 0.93500000000000005 1
 37 8 288 0.80000000000000004 2 4 20 2400 -3.1415926535897931 1.1361799240112305 59 0 0.878 0.79999999999999993
 38 8 446 1.6000000000000001 2 3 20 2000 -1.1415926535897931 1.5427727699279785 59 0 0.84699999999999998 0.79999999999999993
 39 8 74 0 2 4 16 2000 0.85840734641020688 4.2885284423828125 53 1 0.96899999999999997 1
 40 8 52 0 2 3 16 2000 -0.14159265358979312 1.1522228717803955 53 1 0.95799999999999996 0.79999999999999993
 41 8 101 0.40000000000000002 1 3 16 2200 1.8584073464102069 1.0432436466217041 53 1 0.81799999999999995 0.79999999999999993
 42 8 355 1.2 2 3 20 2200 -3.1415926535897931 1.1146211624145508 59 0 1.111 0.69999999999999996
 43 8 394 1.6000000000000001 1 3 16 2400 -0.14159265358979312 0.88904166221618652 59 0 0.91100000000000003 1
 44 8 276 0.80000000000000004 2 4 16 2400 -1.1415926535897931 1.2943134307861328 59 0 1.0609999999999999 0.69999999999999996
 45 8 174 0.40000000000000002 2 4 16 2200 0.85840734641020688 0.97197866439819336 53 1 0.83299999999999996 0.79999999999999993
 46 8 104 0.40000000000000002 1 3 16 2200 2.8584073464102069 1.0801467895507812 53 1 0.83699999999999997 0.89999999999999991
 47 8 490 3 1 3 16 2400 0.85840734641020688 1.0420503616333008 59 0 1.01 1
 48 8 574 3 2 4 20 2400 2.8584073464102069 0.90066266059875488 59 0 0.98799999999999999 1


# name: resolution
# type: matrix
# rows: 1
# columns: 2
 1366 768


# name: hz
# type: scalar
60


# name: pc
# type: sq_string
# elements: 1
# length: 21
gregor-Latitude-E6320


# name: experiment
# type: sq_string
# elements: 1
# length: 4
RFPb


# name: isOctave
# type: bool
1




