# Created by Octave 5.2.0, Thu Mar 31 17:05:08 2022 CEST <student@gregor-Latitude-E6320>
# name: RFP
# type: scalar struct
# ndims: 2
 1 1
# length: 10
# name: vp
# type: sq_string
# elements: 1
# length: 3
V12


# name: mapping
# type: scalar
1


# name: date
# type: sq_string
# elements: 1
# length: 15
20220331T170257


# name: block
# type: scalar
10


# name: outmat
# type: matrix
# rows: 48
# columns: 14
 1 10 267 0.80000000000000004 2 4 16 2000 -2.1415926535897931 1.4025452136993408 59 0 0.95899999999999996 0.79999999999999993
 2 10 225 0.80000000000000004 1 4 16 2400 1.8584073464102069 1.4523637294769287 53 1 1.026 0.79999999999999993
 3 10 186 0.40000000000000002 2 4 20 2200 -1.1415926535897931 2.3979930877685547 59 0 0.88300000000000001 0.69999999999999996
 4 10 500 3 1 3 20 2200 2.8584073464102069 1.2943718433380127 59 0 1.153 1
 5 10 223 0.80000000000000004 1 4 16 2200 0.85840734641020688 1.2014400959014893 53 1 1.147 0.89999999999999991
 6 10 20 0 1 3 20 2200 -1.1415926535897931 1.4664504528045654 53 1 1.0740000000000001 0.69999999999999996
 7 10 323 1.2 1 4 16 2400 -1.1415926535897931 0.87703442573547363 59 0 0.81999999999999995 0.69999999999999996
 8 10 309 1.2 1 3 20 2400 -1.1415926535897931 1.3250946998596191 53 1 0.92300000000000004 0.79999999999999993
 9 10 43 0 1 4 20 2200 -3.1415926535897931 2.8812940120697021 53 1 0.82999999999999996 0.89999999999999991
 10 10 139 0.40000000000000002 1 4 20 2200 1.8584073464102069 2.8511838912963867 53 1 1.0409999999999999 0.79999999999999993
 11 10 231 0.80000000000000004 1 4 20 2000 -2.1415926535897931 1.0222184658050537 59 0 1.153 1
 12 10 382 1.2 2 4 20 2400 2.8584073464102069 1.0367496013641357 59 0 1.044 0.79999999999999993
 13 10 477 1.6000000000000001 2 4 20 2400 2.8584073464102069 0.96394109725952148 59 0 1.052 0.69999999999999996
 14 10 419 1.6000000000000001 1 4 16 2400 -2.1415926535897931 1.6500396728515625 59 0 1.0980000000000001 0.89999999999999991
 15 10 298 1.2 1 3 16 2400 -2.1415926535897931 1.1877577304840088 53 1 0.97699999999999998 0.79999999999999993
 16 10 560 3 2 4 16 2200 0.85840734641020688 2.3295321464538574 59 0 1.085 0.79999999999999993
 17 10 343 1.2 2 3 16 2200 -0.14159265358979312 1.2717783451080322 59 0 0.80700000000000005 0.69999999999999996
 18 10 181 0.40000000000000002 2 4 20 2000 2.8584073464102069 0.96841740608215332 53 1 0.80200000000000005 1
 19 10 28 0 1 4 16 2000 1.8584073464102069 1.1509256362915039 53 1 0.82099999999999995 0.89999999999999991
 20 10 308 1.2 1 3 20 2200 1.8584073464102069 1.1237080097198486 59 0 0.98399999999999999 0.69999999999999996
 21 10 190 0.40000000000000002 2 4 20 2400 2.8584073464102069 3.584463357925415 59 0 0.89800000000000002 0.79999999999999993
 22 10 386 1.6000000000000001 1 3 16 2000 0.85840734641020688 2.5113017559051514 59 0 0.96999999999999997 0.89999999999999991
 23 10 486 3 1 3 16 2200 -0.14159265358979312 2.1503033638000488 59 0 0.91300000000000003 1
 24 10 201 0.80000000000000004 1 3 16 2400 2.8584073464102069 1.3209466934204102 59 0 0.93200000000000005 0.79999999999999993
 25 10 256 0.80000000000000004 2 3 20 2000 -2.1415926535897931 4.5610735416412354 59 0 1.1719999999999999 0.89999999999999991
 26 10 75 0 2 4 16 2000 -2.1415926535897931 1.0193517208099365 53 1 0.89100000000000001 1
 27 10 314 1.2 1 4 16 2000 -1.1415926535897931 1.1511220932006836 53 1 0.81299999999999994 1
 28 10 93 0 2 4 20 2400 -0.14159265358979312 0.93649411201477051 53 1 1.1859999999999999 0.89999999999999991
 29 10 565 3 2 4 20 2000 -2.1415926535897931 1.0260491371154785 59 0 0.93799999999999994 0.79999999999999993
 30 10 40 0 1 4 20 2000 1.8584073464102069 1.0284876823425293 53 1 0.878 0.79999999999999993
 31 10 56 0 2 3 16 2200 -0.14159265358979312 0.97842860221862793 53 1 1.071 0.69999999999999996
 32 10 413 1.6000000000000001 1 4 16 2200 -3.1415926535897931 0.99665045738220215 59 0 0.82199999999999995 0.79999999999999993
 33 10 306 1.2 1 3 20 2200 0.85840734641020688 2.1107983589172363 59 0 0.93400000000000005 0.79999999999999993
 34 10 307 1.2 1 3 20 2200 -2.1415926535897931 1.2888884544372559 59 0 0.85799999999999998 1
 35 10 26 0 1 4 16 2000 2.8584073464102069 1.028806209564209 53 1 1.002 0.79999999999999993
 36 10 424 1.6000000000000001 1 4 20 2000 -1.1415926535897931 1.4504342079162598 59 0 1.0649999999999999 0.69999999999999996
 37 10 209 0.80000000000000004 1 3 20 2200 -3.1415926535897931 1.0818219184875488 59 0 0.89800000000000002 0.69999999999999996
 38 10 300 1.2 1 3 16 2400 0.85840734641020688 7.0266025066375732 59 0 1.1000000000000001 0.69999999999999996
 39 10 563 3 2 4 16 2400 -3.1415926535897931 3.1505715847015381 59 0 0.97299999999999998 1
 40 10 447 1.6000000000000001 2 3 20 2000 0.85840734641020688 1.6344707012176514 59 0 0.93999999999999995 1
 41 10 464 1.6000000000000001 2 4 16 2200 1.8584073464102069 2.0710511207580566 53 1 0.96799999999999997 0.79999999999999993
 42 10 88 0 2 4 20 2000 -1.1415926535897931 1.6726675033569336 53 1 1.0609999999999999 0.69999999999999996
 43 10 150 0.40000000000000002 2 3 16 2200 1.8584073464102069 0.92916989326477051 53 1 0.93200000000000005 1
 44 10 145 0.40000000000000002 2 3 16 2000 -3.1415926535897931 1.2595634460449219 53 1 0.84899999999999998 0.69999999999999996
 45 10 542 3 2 3 20 2000 -0.14159265358979312 0.99325704574584961 59 0 1.1899999999999999 0.79999999999999993
 46 10 375 1.2 2 4 20 2000 0.85840734641020688 1.6224613189697266 59 0 0.83399999999999996 1
 47 10 111 0.40000000000000002 1 3 20 2000 -1.1415926535897931 1.6680200099945068 59 0 1.0660000000000001 0.69999999999999996
 48 10 435 1.6000000000000001 2 3 16 2000 2.8584073464102069 2.0749578475952148 59 0 1.1539999999999999 1


# name: resolution
# type: matrix
# rows: 1
# columns: 2
 1366 768


# name: hz
# type: scalar
60


# name: pc
# type: sq_string
# elements: 1
# length: 21
gregor-Latitude-E6320


# name: experiment
# type: sq_string
# elements: 1
# length: 4
RFPb


# name: isOctave
# type: bool
1




