# Created by Octave 5.2.0, Thu Mar 31 16:48:37 2022 CEST <student@gregor-Latitude-E6320>
# name: RFP
# type: scalar struct
# ndims: 2
 1 1
# length: 10
# name: vp
# type: sq_string
# elements: 1
# length: 3
V12


# name: mapping
# type: scalar
1


# name: date
# type: sq_string
# elements: 1
# length: 15
20220331T164640


# name: block
# type: scalar
4


# name: outmat
# type: matrix
# rows: 48
# columns: 14
 1 4 161 0.40000000000000002 2 3 20 2200 -3.1415926535897931 3.8487668037414551 53 1 0.92200000000000004 1
 2 4 459 1.6000000000000001 2 4 16 2000 2.8584073464102069 1.3663167953491211 59 0 1.107 0.69999999999999996
 3 4 535 3 2 3 16 2200 0.85840734641020688 1.2323696613311768 59 0 0.96799999999999997 0.79999999999999993
 4 4 259 0.80000000000000004 2 3 20 2200 -1.1415926535897931 1.179126501083374 53 1 1.1599999999999999 1
 5 4 302 1.2 1 3 20 2000 2.8584073464102069 1.9446702003479004 59 0 1.1020000000000001 0.79999999999999993
 6 4 480 1.6000000000000001 2 4 20 2400 2.8584073464102069 0.87348794937133789 59 0 1.0940000000000001 0.69999999999999996
 7 4 167 0.40000000000000002 2 3 20 2400 -1.1415926535897931 1.0746448040008545 53 1 1.141 0.89999999999999991
 8 4 416 1.6000000000000001 1 4 16 2200 1.8584073464102069 1.0859434604644775 59 0 0.99299999999999999 0.79999999999999993
 9 4 112 0.40000000000000002 1 3 20 2000 2.8584073464102069 1.0703573226928711 53 1 1.0980000000000001 0.69999999999999996
 10 4 436 1.6000000000000001 2 3 16 2000 -0.14159265358979312 1.0114305019378662 59 0 0.93100000000000005 0.89999999999999991
 11 4 403 1.6000000000000001 1 3 20 2200 -1.1415926535897931 1.3091447353363037 59 0 0.88600000000000001 0.89999999999999991
 12 4 498 3 1 3 20 2200 -0.14159265358979312 1.2873749732971191 59 0 0.86799999999999999 0.89999999999999991
 13 4 183 0.40000000000000002 2 4 20 2000 0.85840734641020688 1.0252275466918945 53 1 0.80300000000000005 0.79999999999999993
 14 4 81 0 2 4 16 2400 -0.14159265358979312 0.81917953491210938 53 1 1.141 0.79999999999999993
 15 4 409 1.6000000000000001 1 4 16 2000 -1.1415926535897931 1.4507491588592529 59 0 1.0109999999999999 0.79999999999999993
 16 4 352 1.2 2 3 20 2000 -2.1415926535897931 1.3828227519989014 59 0 1.0309999999999999 0.69999999999999996
 17 4 38 0 1 4 20 2000 2.8584073464102069 1.9153347015380859 53 1 1.0309999999999999 0.89999999999999991
 18 4 285 0.80000000000000004 2 4 20 2400 -0.14159265358979312 1.47467041015625 59 0 0.90600000000000003 0.79999999999999993
 19 4 331 1.2 1 4 20 2200 -2.1415926535897931 1.430124044418335 59 0 1.1040000000000001 1
 20 4 495 3 1 3 20 2000 -1.1415926535897931 1.0354783535003662 59 0 1.03 0.79999999999999993
 21 4 339 1.2 2 3 16 2000 -0.14159265358979312 1.2893648147583008 53 1 0.88300000000000001 0.79999999999999993
 22 4 280 0.80000000000000004 2 4 20 2000 1.8584073464102069 1.5895516872406006 53 1 0.88600000000000001 0.79999999999999993
 23 4 462 1.6000000000000001 2 4 16 2200 1.8584073464102069 1.0249893665313721 53 1 1.1850000000000001 1
 24 4 418 1.6000000000000001 1 4 16 2400 -3.1415926535897931 1.6378946304321289 59 0 0.88200000000000001 0.89999999999999991
 25 4 70 0 2 3 20 2400 2.8584073464102069 0.96100378036499023 53 1 0.83999999999999997 0.89999999999999991
 26 4 131 0.40000000000000002 1 4 16 2400 1.8584073464102069 1.0576746463775635 53 1 1.1759999999999999 0.89999999999999991
 27 4 299 1.2 1 3 16 2400 -1.1415926535897931 1.0632278919219971 53 1 1.0089999999999999 1
 28 4 102 0.40000000000000002 1 3 16 2200 -2.1415926535897931 0.97504210472106934 53 1 1.0740000000000001 0.89999999999999991
 29 4 548 3 2 3 20 2200 -0.14159265358979312 1.3342797756195068 59 0 0.98299999999999998 0.89999999999999991
 30 4 332 1.2 1 4 20 2200 2.8584073464102069 1.1467845439910889 59 0 1.0620000000000001 0.79999999999999993
 31 4 11 0 1 3 16 2400 -1.1415926535897931 3.3827972412109375 53 1 0.80500000000000005 0.79999999999999993
 32 4 429 1.6000000000000001 1 4 20 2400 -3.1415926535897931 4.0950241088867188 59 0 0.879 1
 33 4 219 0.80000000000000004 1 4 16 2000 -0.14159265358979312 1.0140788555145264 53 1 1.0509999999999999 0.89999999999999991
 34 4 297 1.2 1 3 16 2400 2.8584073464102069 1.0577421188354492 53 1 1.121 1
 35 4 1 0 1 3 16 2000 -1.1415926535897931 0.99275732040405273 53 1 0.88800000000000001 1
 36 4 199 0.80000000000000004 1 3 16 2200 -2.1415926535897931 1.1693098545074463 59 0 1.0600000000000001 0.89999999999999991
 37 4 159 0.40000000000000002 2 3 20 2000 1.8584073464102069 0.9842219352722168 59 0 1.048 1
 38 4 296 1.2 1 3 16 2200 0.85840734641020688 1.0811855792999268 59 0 0.98399999999999999 0.69999999999999996
 39 4 253 0.80000000000000004 2 3 20 2000 -1.1415926535897931 1.4928936958312988 53 1 1.0469999999999999 1
 40 4 551 3 2 3 20 2400 1.8584073464102069 1.473285436630249 59 0 0.89900000000000002 0.69999999999999996
 41 4 505 3 1 4 16 2000 2.8584073464102069 0.86674189567565918 59 0 1.1379999999999999 0.79999999999999993
 42 4 193 0.80000000000000004 1 3 16 2000 -3.1415926535897931 1.6356964111328125 59 0 0.91500000000000004 0.69999999999999996
 43 4 157 0.40000000000000002 2 3 20 2000 -0.14159265358979312 0.97494339942932129 53 1 1.0700000000000001 1
 44 4 344 1.2 2 3 16 2200 1.8584073464102069 1.1643478870391846 59 0 0.94399999999999995 0.89999999999999991
 45 4 203 0.80000000000000004 1 3 16 2400 -1.1415926535897931 1.1078090667724609 53 1 0.98799999999999999 0.79999999999999993
 46 4 461 1.6000000000000001 2 4 16 2200 2.8584073464102069 1.0356874465942383 53 1 1.1930000000000001 1
 47 4 274 0.80000000000000004 2 4 16 2400 2.8584073464102069 2.6142611503601074 53 1 0.90500000000000003 0.69999999999999996
 48 4 178 0.40000000000000002 2 4 16 2400 1.8584073464102069 0.90806031227111816 53 1 0.86099999999999999 0.69999999999999996


# name: resolution
# type: matrix
# rows: 1
# columns: 2
 1366 768


# name: hz
# type: scalar
60


# name: pc
# type: sq_string
# elements: 1
# length: 21
gregor-Latitude-E6320


# name: experiment
# type: sq_string
# elements: 1
# length: 4
RFPb


# name: isOctave
# type: bool
1




