# Created by Octave 5.2.0, Thu Mar 31 16:40:25 2022 CEST <student@gregor-Latitude-E6320>
# name: RFP
# type: scalar struct
# ndims: 2
 1 1
# length: 10
# name: vp
# type: sq_string
# elements: 1
# length: 3
V12


# name: mapping
# type: scalar
1


# name: date
# type: sq_string
# elements: 1
# length: 15
20220331T163813


# name: block
# type: scalar
1


# name: outmat
# type: matrix
# rows: 48
# columns: 14
 1 1 263 0.80000000000000004 2 3 20 2400 1.8584073464102069 2.0781373977661133 59 0 0.96299999999999997 0.89999999999999991
 2 1 77 0 2 4 16 2200 1.8584073464102069 1.8015074729919434 59 0 0.93100000000000005 0.89999999999999991
 3 1 192 0.40000000000000002 2 4 20 2400 -2.1415926535897931 1.5040702819824219 59 0 1.0229999999999999 1
 4 1 327 1.2 1 4 20 2000 -0.14159265358979312 1.7225713729858398 53 1 1.194 0.79999999999999993
 5 1 91 0 2 4 20 2200 -1.1415926535897931 1.7485685348510742 53 1 0.82499999999999996 0.69999999999999996
 6 1 544 3 2 3 20 2000 -3.1415926535897931 1.3414597511291504 53 1 0.90400000000000003 0.89999999999999991
 7 1 79 0 2 4 16 2200 -3.1415926535897931 1.1478278636932373 59 0 0.91100000000000003 0.79999999999999993
 8 1 422 1.6000000000000001 1 4 20 2000 0.85840734641020688 0.83874654769897461 53 1 0.879 1
 9 1 568 3 2 4 20 2000 -1.1415926535897931 0.84914970397949219 53 1 1.107 1
 10 1 513 3 1 4 16 2400 1.8584073464102069 1.4725267887115479 53 1 0.92200000000000004 0.69999999999999996
 11 1 380 1.2 2 4 20 2200 1.8584073464102069 2.0048954486846924 53 1 1.008 0.79999999999999993
 12 1 338 1.2 2 3 16 2000 1.8584073464102069 2.1207802295684814 59 0 1.1579999999999999 0.79999999999999993
 13 1 353 1.2 2 3 20 2200 -1.1415926535897931 1.0245165824890137 59 0 1.036 0.69999999999999996
 14 1 47 0 1 4 20 2400 -2.1415926535897931 1.0937588214874268 53 1 0.871 0.79999999999999993
 15 1 45 0 1 4 20 2400 -2.1415926535897931 1.2034578323364258 53 1 0.86699999999999999 0.79999999999999993
 16 1 134 0.40000000000000002 1 4 20 2000 -0.14159265358979312 1.2831053733825684 53 1 1.01 0.69999999999999996
 17 1 72 0 2 3 20 2400 -2.1415926535897931 1.0601363182067871 53 1 1.069 1
 18 1 469 1.6000000000000001 2 4 20 2000 -0.14159265358979312 1.1332619190216064 59 0 0.88100000000000001 1
 19 1 51 0 2 3 16 2000 2.8584073464102069 0.98429584503173828 53 1 1.127 1
 20 1 552 3 2 3 20 2400 1.8584073464102069 0.98430204391479492 59 0 1.1970000000000001 0.79999999999999993
 21 1 348 1.2 2 3 16 2400 2.8584073464102069 1.9034924507141113 59 0 0.81899999999999995 0.79999999999999993
 22 1 395 1.6000000000000001 1 3 16 2400 -2.1415926535897931 3.9820394515991211 59 0 1.05 0.69999999999999996
 23 1 359 1.2 2 3 20 2400 -2.1415926535897931 2.1641781330108643 59 0 0.876 0.69999999999999996
 24 1 472 1.6000000000000001 2 4 20 2000 0.85840734641020688 4.029916524887085 59 0 1.05 0.89999999999999991
 25 1 23 0 1 3 20 2400 -0.14159265358979312 1.5151627063751221 53 1 1.0169999999999999 0.79999999999999993
 26 1 138 0.40000000000000002 1 4 20 2200 -3.1415926535897931 1.4279513359069824 53 1 0.91000000000000003 0.69999999999999996
 27 1 520 3 1 4 20 2000 2.8584073464102069 1.2914884090423584 59 0 0.99299999999999999 1
 28 1 15 0 1 3 20 2000 0.85840734641020688 1.8424944877624512 53 1 0.83099999999999996 0.79999999999999993
 29 1 58 0 2 3 16 2400 -1.1415926535897931 1.1874525547027588 53 1 0.92700000000000005 0.69999999999999996
 30 1 100 0.40000000000000002 1 3 16 2000 -1.1415926535897931 1.2177979946136475 53 1 1.1779999999999999 0.79999999999999993
 31 1 120 0.40000000000000002 1 3 20 2400 2.8584073464102069 2.0905554294586182 53 1 0.80200000000000005 1
 32 1 420 1.6000000000000001 1 4 16 2400 -0.14159265358979312 2.7182810306549072 59 0 1.0800000000000001 0.79999999999999993
 33 1 293 1.2 1 3 16 2200 -2.1415926535897931 1.1533539295196533 53 1 0.91200000000000003 1
 34 1 384 1.2 2 4 20 2400 2.8584073464102069 2.2988655567169189 59 0 0.83099999999999996 0.89999999999999991
 35 1 119 0.40000000000000002 1 3 20 2400 0.85840734641020688 1.1548893451690674 53 1 0.91100000000000003 0.89999999999999991
 36 1 523 3 1 4 20 2200 2.8584073464102069 1.2755627632141113 59 0 1.1639999999999999 0.79999999999999993
 37 1 572 3 2 4 20 2200 -0.14159265358979312 1.029876708984375 59 0 0.92400000000000004 1
 38 1 124 0.40000000000000002 1 4 16 2000 -3.1415926535897931 1.5759663581848145 53 1 0.85499999999999998 0.69999999999999996
 39 1 496 3 1 3 20 2000 -0.14159265358979312 3.7619125843048096 53 1 0.80600000000000005 0.89999999999999991
 40 1 191 0.40000000000000002 2 4 20 2400 2.8584073464102069 1.8247444629669189 53 1 1.1020000000000001 0.69999999999999996
 41 1 67 0 2 3 20 2200 -1.1415926535897931 1.6979732513427734 53 1 0.82699999999999996 0.69999999999999996
 42 1 212 0.80000000000000004 1 3 20 2200 -3.1415926535897931 1.4027044773101807 59 0 1.1140000000000001 0.89999999999999991
 43 1 30 0 1 4 16 2200 -0.14159265358979312 1.7022888660430908 53 1 0.84299999999999997 0.69999999999999996
 44 1 396 1.6000000000000001 1 3 16 2400 0.85840734641020688 2.3774402141571045 59 0 0.88300000000000001 1
 45 1 216 0.80000000000000004 1 3 20 2400 0.85840734641020688 1.4995605945587158 59 0 1.1739999999999999 1
 46 1 144 0.40000000000000002 1 4 20 2400 2.8584073464102069 4.0809757709503174 53 1 1.054 0.79999999999999993
 47 1 445 1.6000000000000001 2 3 20 2000 1.8584073464102069 1.3886427879333496 59 0 1.0309999999999999 1
 48 1 258 0.80000000000000004 2 3 20 2200 -3.1415926535897931 3.1040654182434082 59 0 0.83099999999999996 1


# name: resolution
# type: matrix
# rows: 1
# columns: 2
 1366 768


# name: hz
# type: scalar
60


# name: pc
# type: sq_string
# elements: 1
# length: 21
gregor-Latitude-E6320


# name: experiment
# type: sq_string
# elements: 1
# length: 4
RFPb


# name: isOctave
# type: bool
1




