# Created by Octave 5.2.0, Thu Mar 31 17:09:03 2022 CEST <student@gregor-Latitude-E6320>
# name: RFP
# type: scalar struct
# ndims: 2
 1 1
# length: 10
# name: vp
# type: sq_string
# elements: 1
# length: 3
V12


# name: mapping
# type: scalar
1


# name: date
# type: sq_string
# elements: 1
# length: 15
20220331T170656


# name: block
# type: scalar
11


# name: outmat
# type: matrix
# rows: 48
# columns: 14
 1 11 555 3 2 4 16 2000 0.85840734641020688 2.1103990077972412 53 1 0.96099999999999997 1
 2 11 566 3 2 4 20 2000 1.8584073464102069 3.0152742862701416 59 0 0.82499999999999996 1
 3 11 553 3 2 4 16 2000 -3.1415926535897931 3.1585986614227295 59 0 0.80100000000000005 1
 4 11 130 0.40000000000000002 1 4 16 2400 -3.1415926535897931 1.4187808036804199 53 1 0.91800000000000004 1
 5 11 286 0.80000000000000004 2 4 20 2400 2.8584073464102069 2.7979936599731445 59 0 1.1040000000000001 0.89999999999999991
 6 11 85 0 2 4 20 2000 2.8584073464102069 11.7200026512146 59 0 0.99099999999999999 0.69999999999999996
 7 11 235 0.80000000000000004 1 4 20 2200 -3.1415926535897931 2.5100796222686768 59 0 1.073 0.69999999999999996
 8 11 218 0.80000000000000004 1 4 16 2000 2.8584073464102069 1.2035071849822998 53 1 1.163 0.69999999999999996
 9 11 54 0 2 3 16 2200 -1.1415926535897931 0.93401026725769043 53 1 1.093 1
 10 11 373 1.2 2 4 20 2000 -1.1415926535897931 1.037172794342041 59 0 0.89600000000000002 0.79999999999999993
 11 11 360 1.2 2 3 20 2400 2.8584073464102069 0.91314387321472168 59 0 0.90700000000000003 0.89999999999999991
 12 11 19 0 1 3 20 2200 -0.14159265358979312 1.2919468879699707 53 1 1.002 0.79999999999999993
 13 11 214 0.80000000000000004 1 3 20 2400 -2.1415926535897931 1.802377462387085 59 0 1.0409999999999999 1
 14 11 189 0.40000000000000002 2 4 20 2400 2.8584073464102069 0.99025917053222656 53 1 1.028 0.69999999999999996
 15 11 142 0.40000000000000002 1 4 20 2400 1.8584073464102069 1.2485754489898682 53 1 1.1140000000000001 1
 16 11 512 3 1 4 16 2200 1.8584073464102069 2.1479933261871338 53 1 0.82099999999999995 1
 17 11 431 1.6000000000000001 1 4 20 2400 2.8584073464102069 1.0113742351531982 59 0 0.877 0.69999999999999996
 18 11 123 0.40000000000000002 1 4 16 2000 -3.1415926535897931 1.3927297592163086 53 1 1.0580000000000001 1
 19 11 474 1.6000000000000001 2 4 20 2200 -1.1415926535897931 1.534919261932373 59 0 0.84999999999999998 0.79999999999999993
 20 11 454 1.6000000000000001 2 3 20 2400 -2.1415926535897931 0.92132449150085449 59 0 1.163 0.69999999999999996
 21 11 273 0.80000000000000004 2 4 16 2400 2.8584073464102069 1.9249918460845947 53 1 0.81000000000000005 0.69999999999999996
 22 11 404 1.6000000000000001 1 3 20 2200 -0.14159265358979312 2.0418605804443359 59 0 0.92500000000000004 0.69999999999999996
 23 11 236 0.80000000000000004 1 4 20 2200 1.8584073464102069 1.9851047992706299 59 0 1.006 0.79999999999999993
 24 11 549 3 2 3 20 2400 2.8584073464102069 1.1716413497924805 59 0 1.133 0.89999999999999991
 25 11 169 0.40000000000000002 2 4 16 2000 -0.14159265358979312 1.0772025585174561 53 1 0.91600000000000004 0.89999999999999991
 26 11 539 3 2 3 16 2400 2.8584073464102069 1.3717136383056641 59 0 1.069 0.79999999999999993
 27 11 481 3 1 3 16 2000 -2.1415926535897931 1.4742007255554199 59 0 0.82899999999999996 0.79999999999999993
 28 11 143 0.40000000000000002 1 4 20 2400 1.8584073464102069 1.3203296661376953 59 0 0.95899999999999996 0.69999999999999996
 29 11 337 1.2 2 3 16 2000 -2.1415926535897931 1.8173704147338867 53 1 1.04 0.79999999999999993
 30 11 154 0.40000000000000002 2 3 16 2400 -0.14159265358979312 1.018017053604126 53 1 1.042 0.69999999999999996
 31 11 335 1.2 1 4 20 2400 -3.1415926535897931 1.0077714920043945 59 0 1.1879999999999999 0.89999999999999991
 32 11 76 0 2 4 16 2000 -3.1415926535897931 1.0328521728515625 53 1 0.879 0.79999999999999993
 33 11 141 0.40000000000000002 1 4 20 2400 1.8584073464102069 1.0336775779724121 59 0 0.95999999999999996 1
 34 11 504 3 1 3 20 2400 0.85840734641020688 1.0107123851776123 59 0 1.0660000000000001 1
 35 11 378 1.2 2 4 20 2200 0.85840734641020688 0.97383689880371094 59 0 0.97199999999999998 1
 36 11 457 1.6000000000000001 2 4 16 2000 -1.1415926535897931 1.0009324550628662 59 0 1.085 0.89999999999999991
 37 11 400 1.6000000000000001 1 3 20 2000 -2.1415926535897931 1.0147066116333008 59 0 1.1060000000000001 0.69999999999999996
 38 11 354 1.2 2 3 20 2200 -3.1415926535897931 0.93338513374328613 59 0 1.1160000000000001 0.89999999999999991
 39 11 508 3 1 4 16 2000 2.8584073464102069 0.99924349784851074 59 0 1.149 0.89999999999999991
 40 11 53 0 2 3 16 2200 -0.14159265358979312 0.97496438026428223 53 1 0.81000000000000005 0.89999999999999991
 41 11 468 1.6000000000000001 2 4 16 2400 -3.1415926535897931 2.4260845184326172 59 0 1.0409999999999999 0.69999999999999996
 42 11 148 0.40000000000000002 2 3 16 2000 -2.1415926535897931 1.0171325206756592 53 1 0.83399999999999996 0.69999999999999996
 43 11 39 0 1 4 20 2000 -3.1415926535897931 1.0446333885192871 53 1 0.85699999999999998 0.69999999999999996
 44 11 207 0.80000000000000004 1 3 20 2000 2.8584073464102069 1.3501958847045898 59 0 0.92800000000000005 0.79999999999999993
 45 11 238 0.80000000000000004 1 4 20 2400 1.8584073464102069 0.9837031364440918 59 0 0.88300000000000001 0.69999999999999996
 46 11 241 0.80000000000000004 2 3 16 2000 -2.1415926535897931 1.2225751876831055 53 1 0.84699999999999998 0.79999999999999993
 47 11 484 3 1 3 16 2000 -1.1415926535897931 1.1230289936065674 53 1 0.91300000000000003 0.89999999999999991
 48 11 383 1.2 2 4 20 2400 -1.1415926535897931 0.85835647583007812 59 0 0.84699999999999998 1


# name: resolution
# type: matrix
# rows: 1
# columns: 2
 1366 768


# name: hz
# type: scalar
60


# name: pc
# type: sq_string
# elements: 1
# length: 21
gregor-Latitude-E6320


# name: experiment
# type: sq_string
# elements: 1
# length: 4
RFPb


# name: isOctave
# type: bool
1




