# Created by Octave 5.2.0, Thu Mar 31 20:43:50 2022 CEST <student@gregor-Latitude-E6320>
# name: RFP
# type: scalar struct
# ndims: 2
 1 1
# length: 10
# name: vp
# type: sq_string
# elements: 1
# length: 3
V13


# name: mapping
# type: scalar
1


# name: date
# type: sq_string
# elements: 1
# length: 15
20220331T204151


# name: block
# type: scalar
4


# name: outmat
# type: matrix
# rows: 48
# columns: 14
 1 4 8 0 1 3 16 2200 2.8584073464102069 1.151024341583252 59 0 1.0649999999999999 0.79999999999999993
 2 4 373 1.2 2 4 20 2000 -0.14159265358979312 1.3922898769378662 53 1 1.079 1
 3 4 416 1.6000000000000001 1 4 16 2200 -3.1415926535897931 1.3144819736480713 53 1 1.0620000000000001 1
 4 4 14 0 1 3 20 2000 -3.1415926535897931 1.3296887874603271 59 0 1.1559999999999999 0.79999999999999993
 5 4 12 0 1 3 16 2400 1.8584073464102069 1.3342897891998291 59 0 0.83599999999999997 0.69999999999999996
 6 4 418 1.6000000000000001 1 4 16 2400 -0.14159265358979312 1.5955986976623535 53 1 0.82199999999999995 0.89999999999999991
 7 4 356 1.2 2 3 20 2200 -1.1415926535897931 1.726240873336792 59 0 0.80300000000000005 0.89999999999999991
 8 4 15 0 1 3 20 2000 1.8584073464102069 1.7105472087860107 59 0 1.1850000000000001 0.69999999999999996
 9 4 184 0.40000000000000002 2 4 20 2000 -1.1415926535897931 1.4278204441070557 53 1 1.095 1
 10 4 414 1.6000000000000001 1 4 16 2200 0.85840734641020688 2.2725975513458252 53 1 1.0249999999999999 0.89999999999999991
 11 4 71 0 2 3 20 2400 -2.1415926535897931 1.9178597927093506 59 0 1.032 0.69999999999999996
 12 4 549 3 2 3 20 2400 1.8584073464102069 1.5157909393310547 59 0 0.93400000000000005 0.69999999999999996
 13 4 285 0.80000000000000004 2 4 20 2400 1.8584073464102069 1.0870821475982666 53 1 0.81399999999999995 0.89999999999999991
 14 4 511 3 1 4 16 2200 1.8584073464102069 1.8031606674194336 53 1 0.82599999999999996 0.79999999999999993
 15 4 260 0.80000000000000004 2 3 20 2200 2.8584073464102069 1.5285899639129639 59 0 1.099 0.69999999999999996
 16 4 369 1.2 2 4 16 2400 -2.1415926535897931 1.0468220710754395 53 1 1.1339999999999999 0.69999999999999996
 17 4 518 3 1 4 20 2000 1.8584073464102069 1.0717673301696777 53 1 0.88700000000000001 1
 18 4 290 1.2 1 3 16 2000 1.8584073464102069 1.0761704444885254 59 0 0.86699999999999999 1
 19 4 208 0.80000000000000004 1 3 20 2000 -1.1415926535897931 1.0275919437408447 59 0 1.0640000000000001 0.79999999999999993
 20 4 163 0.40000000000000002 2 3 20 2200 -3.1415926535897931 1.1765086650848389 59 0 1.1100000000000001 0.79999999999999993
 21 4 312 1.2 1 3 20 2400 -1.1415926535897931 1.4796988964080811 59 0 1.1830000000000001 0.89999999999999991
 22 4 139 0.40000000000000002 1 4 20 2200 0.85840734641020688 1.1520357131958008 53 1 0.85199999999999998 0.69999999999999996
 23 4 177 0.40000000000000002 2 4 16 2400 1.8584073464102069 2.0164206027984619 53 1 0.875 0.69999999999999996
 24 4 45 0 1 4 20 2400 2.8584073464102069 1.0499389171600342 53 1 0.875 0.79999999999999993
 25 4 150 0.40000000000000002 2 3 16 2200 1.8584073464102069 1.205197811126709 59 0 1.012 0.89999999999999991
 26 4 395 1.6000000000000001 1 3 16 2400 1.8584073464102069 1.7635579109191895 59 0 1.0509999999999999 0.79999999999999993
 27 4 1 0 1 3 16 2000 0.85840734641020688 1.4048666954040527 59 0 1.022 0.89999999999999991
 28 4 245 0.80000000000000004 2 3 16 2200 0.85840734641020688 1.5482573509216309 59 0 1.0620000000000001 0.89999999999999991
 29 4 72 0 2 3 20 2400 -0.14159265358979312 1.3594343662261963 59 0 1.018 0.89999999999999991
 30 4 381 1.2 2 4 20 2400 2.8584073464102069 1.0959901809692383 53 1 0.92900000000000005 0.89999999999999991
 31 4 364 1.2 2 4 16 2000 1.8584073464102069 1.7578587532043457 53 1 0.85599999999999998 0.89999999999999991
 32 4 380 1.2 2 4 20 2200 -3.1415926535897931 1.4897284507751465 53 1 1.075 1
 33 4 455 1.6000000000000001 2 3 20 2400 -3.1415926535897931 1.4005537033081055 59 0 0.85699999999999998 0.79999999999999993
 34 4 2 0 1 3 16 2000 -0.14159265358979312 1.9353115558624268 59 0 1.0940000000000001 1
 35 4 158 0.40000000000000002 2 3 20 2000 -3.1415926535897931 1.7372510433197021 59 0 0.93000000000000005 0.69999999999999996
 36 4 310 1.2 1 3 20 2400 -2.1415926535897931 2.064068078994751 59 0 0.80200000000000005 1
 37 4 152 0.40000000000000002 2 3 16 2200 -2.1415926535897931 1.9840178489685059 59 0 0.84099999999999997 0.79999999999999993
 38 4 490 3 1 3 16 2400 -0.14159265358979312 1.865325927734375 59 0 1.149 0.79999999999999993
 39 4 524 3 1 4 20 2200 1.8584073464102069 1.624215841293335 53 1 0.80800000000000005 0.89999999999999991
 40 4 149 0.40000000000000002 2 3 16 2200 2.8584073464102069 1.6781346797943115 59 0 0.89300000000000002 1
 41 4 33 0 1 4 16 2400 -3.1415926535897931 1.5292227268218994 53 1 0.80400000000000005 0.69999999999999996
 42 4 445 1.6000000000000001 2 3 20 2000 -1.1415926535897931 1.7024953365325928 59 0 1.107 0.79999999999999993
 43 4 527 3 1 4 20 2400 2.8584073464102069 1.3038244247436523 53 1 0.80900000000000005 1
 44 4 119 0.40000000000000002 1 3 20 2400 1.8584073464102069 1.217249870300293 59 0 1.0389999999999999 0.79999999999999993
 45 4 287 0.80000000000000004 2 4 20 2400 2.8584073464102069 1.1167247295379639 53 1 0.85299999999999998 0.89999999999999991
 46 4 181 0.40000000000000002 2 4 20 2000 2.8584073464102069 1.4181346893310547 53 1 1.1850000000000001 1
 47 4 100 0.40000000000000002 1 3 16 2000 0.85840734641020688 1.3263707160949707 59 0 0.85999999999999999 1
 48 4 495 3 1 3 20 2000 -2.1415926535897931 1.2415122985839844 59 0 1.091 0.89999999999999991


# name: resolution
# type: matrix
# rows: 1
# columns: 2
 1366 768


# name: hz
# type: scalar
60


# name: pc
# type: sq_string
# elements: 1
# length: 21
gregor-Latitude-E6320


# name: experiment
# type: sq_string
# elements: 1
# length: 4
RFPb


# name: isOctave
# type: bool
1




