# Created by Octave 5.2.0, Thu Mar 31 20:45:43 2022 CEST <student@gregor-Latitude-E6320>
# name: RFP
# type: scalar struct
# ndims: 2
 1 1
# length: 10
# name: vp
# type: sq_string
# elements: 1
# length: 3
V13


# name: mapping
# type: scalar
1


# name: date
# type: sq_string
# elements: 1
# length: 15
20220331T204352


# name: block
# type: scalar
5


# name: outmat
# type: matrix
# rows: 48
# columns: 14
 1 5 221 0.80000000000000004 1 4 16 2200 1.8584073464102069 1.3137168884277344 53 1 0.872 0.69999999999999996
 2 5 4 0 1 3 16 2000 0.85840734641020688 1.1295709609985352 59 0 0.96799999999999997 0.89999999999999991
 3 5 82 0 2 4 16 2400 -0.14159265358979312 1.5060737133026123 53 1 1.0780000000000001 0.89999999999999991
 4 5 94 0 2 4 20 2400 -2.1415926535897931 1.6975462436676025 53 1 0.877 0.69999999999999996
 5 5 353 1.2 2 3 20 2200 1.8584073464102069 1.4821877479553223 59 0 1.0649999999999999 0.89999999999999991
 6 5 323 1.2 1 4 16 2400 -0.14159265358979312 1.260439395904541 53 1 0.94599999999999995 0.89999999999999991
 7 5 89 0 2 4 20 2200 2.8584073464102069 1.2690606117248535 53 1 0.80900000000000005 0.89999999999999991
 8 5 23 0 1 3 20 2400 0.85840734641020688 1.7911996841430664 59 0 1.1339999999999999 0.79999999999999993
 9 5 557 3 2 4 16 2200 2.8584073464102069 1.0575203895568848 53 1 0.96199999999999997 0.69999999999999996
 10 5 572 3 2 4 20 2200 -1.1415926535897931 1.0804295539855957 53 1 0.872 0.79999999999999993
 11 5 216 0.80000000000000004 1 3 20 2400 -2.1415926535897931 1.0807754993438721 59 0 0.85499999999999998 0.89999999999999991
 12 5 192 0.40000000000000002 2 4 20 2400 -3.1415926535897931 1.0976817607879639 53 1 1.167 0.79999999999999993
 13 5 478 1.6000000000000001 2 4 20 2400 2.8584073464102069 1.1288964748382568 53 1 1.0409999999999999 1
 14 5 11 0 1 3 16 2400 -0.14159265358979312 1.3503446578979492 59 0 0.86599999999999999 1
 15 5 494 3 1 3 20 2000 -0.14159265358979312 1.2516918182373047 59 0 0.80600000000000005 0.89999999999999991
 16 5 193 0.80000000000000004 1 3 16 2000 2.8584073464102069 0.91389083862304688 59 0 1.093 0.89999999999999991
 17 5 203 0.80000000000000004 1 3 16 2400 0.85840734641020688 0.90391063690185547 59 0 1.0149999999999999 0.79999999999999993
 18 5 331 1.2 1 4 20 2200 2.8584073464102069 1.1555819511413574 53 1 0.95399999999999996 0.79999999999999993
 19 5 482 3 1 3 16 2000 -3.1415926535897931 1.1281685829162598 59 0 0.88300000000000001 1
 20 5 85 0 2 4 20 2000 2.8584073464102069 1.0418028831481934 53 1 1.141 0.69999999999999996
 21 5 412 1.6000000000000001 1 4 16 2000 -0.14159265358979312 1.0469264984130859 53 1 1.1319999999999999 0.69999999999999996
 22 5 330 1.2 1 4 20 2200 2.8584073464102069 1.0619983673095703 53 1 0.95699999999999996 1
 23 5 32 0 1 4 16 2200 -1.1415926535897931 1.0549237728118896 53 1 1.131 0.69999999999999996
 24 5 114 0.40000000000000002 1 3 20 2200 -1.1415926535897931 0.89142179489135742 59 0 1.1859999999999999 0.89999999999999991
 25 5 228 0.80000000000000004 1 4 16 2400 -0.14159265358979312 0.85782480239868164 53 1 0.85699999999999998 0.79999999999999993
 26 5 361 1.2 2 4 16 2000 1.8584073464102069 1.0116589069366455 53 1 0.84299999999999997 1
 27 5 534 3 2 3 16 2200 -3.1415926535897931 0.99288201332092285 59 0 0.91800000000000004 0.79999999999999993
 28 5 452 1.6000000000000001 2 3 20 2200 -3.1415926535897931 0.92734146118164062 59 0 1.125 1
 29 5 125 0.40000000000000002 1 4 16 2200 -2.1415926535897931 1.0362927913665771 53 1 1.075 0.69999999999999996
 30 5 65 0 2 3 20 2200 -3.1415926535897931 0.99932241439819336 59 0 1.0469999999999999 0.89999999999999991
 31 5 196 0.80000000000000004 1 3 16 2000 -0.14159265358979312 1.07851243019104 59 0 1.075 1
 32 5 232 0.80000000000000004 1 4 20 2000 1.8584073464102069 1.0081369876861572 53 1 0.84499999999999997 0.69999999999999996
 33 5 153 0.40000000000000002 2 3 16 2400 2.8584073464102069 1.3268611431121826 59 0 1.171 0.89999999999999991
 34 5 477 1.6000000000000001 2 4 20 2400 -1.1415926535897931 1.6018688678741455 53 1 1.171 1
 35 5 471 1.6000000000000001 2 4 20 2000 -0.14159265358979312 1.8697395324707031 53 1 1.1519999999999999 0.69999999999999996
 36 5 574 3 2 4 20 2400 1.8584073464102069 1.3298416137695312 53 1 1.143 1
 37 5 517 3 1 4 20 2000 -3.1415926535897931 1.1619343757629395 53 1 1.0580000000000001 0.79999999999999993
 38 5 439 1.6000000000000001 2 3 16 2200 -2.1415926535897931 1.8590574264526367 59 0 0.89800000000000002 0.89999999999999991
 39 5 187 0.40000000000000002 2 4 20 2200 -1.1415926535897931 1.5602829456329346 53 1 0.93200000000000005 0.69999999999999996
 40 5 202 0.80000000000000004 1 3 16 2400 -3.1415926535897931 1.2599136829376221 59 0 0.88800000000000001 0.89999999999999991
 41 5 505 3 1 4 16 2000 -2.1415926535897931 1.9147007465362549 53 1 0.86799999999999999 0.89999999999999991
 42 5 315 1.2 1 4 16 2000 -2.1415926535897931 1.7579586505889893 53 1 1.0109999999999999 0.69999999999999996
 43 5 401 1.6000000000000001 1 3 20 2200 -3.1415926535897931 1.9652764797210693 59 0 1.1040000000000001 1
 44 5 371 1.2 2 4 16 2400 -2.1415926535897931 1.2578284740447998 53 1 0.93799999999999994 1
 45 5 126 0.40000000000000002 1 4 16 2200 -3.1415926535897931 1.1182937622070312 53 1 1.123 1
 46 5 325 1.2 1 4 20 2000 -2.1415926535897931 1.236424446105957 53 1 0.92900000000000005 0.89999999999999991
 47 5 220 0.80000000000000004 1 4 16 2000 -3.1415926535897931 1.7852919101715088 53 1 0.96699999999999997 0.79999999999999993
 48 5 431 1.6000000000000001 1 4 20 2400 1.8584073464102069 1.4040844440460205 53 1 1.097 0.89999999999999991


# name: resolution
# type: matrix
# rows: 1
# columns: 2
 1366 768


# name: hz
# type: scalar
60


# name: pc
# type: sq_string
# elements: 1
# length: 21
gregor-Latitude-E6320


# name: experiment
# type: sq_string
# elements: 1
# length: 4
RFPb


# name: isOctave
# type: bool
1




