# Created by Octave 5.2.0, Thu Mar 31 20:54:14 2022 CEST <student@gregor-Latitude-E6320>
# name: RFP
# type: scalar struct
# ndims: 2
 1 1
# length: 10
# name: vp
# type: sq_string
# elements: 1
# length: 3
V13


# name: mapping
# type: scalar
1


# name: date
# type: sq_string
# elements: 1
# length: 15
20220331T205213


# name: block
# type: scalar
9


# name: outmat
# type: matrix
# rows: 48
# columns: 14
 1 9 120 0.40000000000000002 1 3 20 2400 0.85840734641020688 1.3403561115264893 59 0 0.81699999999999995 0.79999999999999993
 2 9 49 0 2 3 16 2000 0.85840734641020688 1.027613639831543 59 0 1.073 1
 3 9 526 3 1 4 20 2400 -3.1415926535897931 1.0993685722351074 53 1 0.98099999999999998 0.89999999999999991
 4 9 407 1.6000000000000001 1 3 20 2400 -1.1415926535897931 1.2075698375701904 59 0 1.1910000000000001 1
 5 9 230 0.80000000000000004 1 4 20 2000 -3.1415926535897931 1.337468147277832 53 1 1.1910000000000001 0.89999999999999991
 6 9 488 3 1 3 16 2200 -3.1415926535897931 1.2245330810546875 59 0 0.91500000000000004 0.89999999999999991
 7 9 454 1.6000000000000001 2 3 20 2400 -2.1415926535897931 1.3722269535064697 59 0 0.83399999999999996 1
 8 9 170 0.40000000000000002 2 4 16 2000 -0.14159265358979312 1.3749361038208008 53 1 0.88400000000000001 0.89999999999999991
 9 9 77 0 2 4 16 2200 1.8584073464102069 1.2689933776855469 53 1 0.871 0.89999999999999991
 10 9 514 3 1 4 16 2400 -0.14159265358979312 1.0887532234191895 53 1 1.1950000000000001 1
 11 9 498 3 1 3 20 2200 2.8584073464102069 1.2155866622924805 59 0 0.997 0.89999999999999991
 12 9 508 3 1 4 16 2000 0.85840734641020688 1.6870975494384766 53 1 0.80400000000000005 1
 13 9 76 0 2 4 16 2000 2.8584073464102069 1.388845682144165 53 1 1.0720000000000001 0.79999999999999993
 14 9 461 1.6000000000000001 2 4 16 2200 1.8584073464102069 1.0544698238372803 53 1 1.0660000000000001 0.79999999999999993
 15 9 190 0.40000000000000002 2 4 20 2400 -3.1415926535897931 1.4968929290771484 53 1 1.073 0.89999999999999991
 16 9 523 3 1 4 20 2200 1.8584073464102069 1.1717774868011475 53 1 0.84999999999999998 0.69999999999999996
 17 9 362 1.2 2 4 16 2000 -1.1415926535897931 1.4158978462219238 53 1 1.0109999999999999 1
 18 9 410 1.6000000000000001 1 4 16 2000 0.85840734641020688 3.0728647708892822 53 1 1.0309999999999999 0.79999999999999993
 19 9 265 0.80000000000000004 2 4 16 2000 -0.14159265358979312 1.9506304264068604 59 0 1.083 0.69999999999999996
 20 9 286 0.80000000000000004 2 4 20 2400 -1.1415926535897931 1.1448647975921631 53 1 0.87 0.89999999999999991
 21 9 189 0.40000000000000002 2 4 20 2400 -2.1415926535897931 1.7118844985961914 53 1 1.028 1
 22 9 444 1.6000000000000001 2 3 16 2400 -1.1415926535897931 1.5018577575683594 59 0 0.97099999999999997 1
 23 9 101 0.40000000000000002 1 3 16 2200 -3.1415926535897931 1.3762619495391846 59 0 0.81399999999999995 0.69999999999999996
 24 9 463 1.6000000000000001 2 4 16 2200 -3.1415926535897931 1.2355375289916992 53 1 0.93500000000000005 0.79999999999999993
 25 9 376 1.2 2 4 20 2000 2.8584073464102069 1.8266692161560059 53 1 1.0449999999999999 0.89999999999999991
 26 9 143 0.40000000000000002 1 4 20 2400 -1.1415926535897931 1.7386128902435303 53 1 0.92000000000000004 0.89999999999999991
 27 9 235 0.80000000000000004 1 4 20 2200 2.8584073464102069 1.4724667072296143 53 1 0.83899999999999997 0.69999999999999996
 28 9 326 1.2 1 4 20 2000 -2.1415926535897931 1.436577320098877 53 1 1.073 0.89999999999999991
 29 9 267 0.80000000000000004 2 4 16 2000 1.8584073464102069 1.4394330978393555 53 1 1.1699999999999999 0.79999999999999993
 30 9 460 1.6000000000000001 2 4 16 2000 -2.1415926535897931 1.4018871784210205 53 1 0.97899999999999998 0.69999999999999996
 31 9 334 1.2 1 4 20 2400 -2.1415926535897931 1.5875179767608643 53 1 1.1859999999999999 0.69999999999999996
 32 9 279 0.80000000000000004 2 4 20 2000 -2.1415926535897931 1.3142645359039307 53 1 0.84999999999999998 0.69999999999999996
 33 9 173 0.40000000000000002 2 4 16 2200 1.8584073464102069 1.3192245960235596 53 1 1.0629999999999999 1
 34 9 37 0 1 4 20 2000 -1.1415926535897931 1.465444803237915 53 1 1.1919999999999999 0.69999999999999996
 35 9 198 0.80000000000000004 1 3 16 2200 -3.1415926535897931 1.3982357978820801 59 0 1.1910000000000001 1
 36 9 269 0.80000000000000004 2 4 16 2200 -3.1415926535897931 3.123054027557373 53 1 0.95299999999999996 1
 37 9 289 1.2 1 3 16 2000 -1.1415926535897931 1.3528749942779541 59 0 1.028 0.69999999999999996
 38 9 248 0.80000000000000004 2 3 16 2200 1.8584073464102069 1.479285717010498 59 0 0.88100000000000001 0.79999999999999993
 39 9 281 0.80000000000000004 2 4 20 2200 2.8584073464102069 1.5625674724578857 53 1 1.127 0.69999999999999996
 40 9 68 0 2 3 20 2200 -3.1415926535897931 3.246861457824707 59 0 0.90900000000000003 0.89999999999999991
 41 9 102 0.40000000000000002 1 3 16 2200 0.85840734641020688 1.7311220169067383 59 0 1.169 0.79999999999999993
 42 9 234 0.80000000000000004 1 4 20 2200 0.85840734641020688 2.1060934066772461 53 1 0.83899999999999997 1
 43 9 147 0.40000000000000002 2 3 16 2000 -3.1415926535897931 1.4773743152618408 59 0 0.86799999999999999 0.89999999999999991
 44 9 270 0.80000000000000004 2 4 16 2200 -3.1415926535897931 1.3683454990386963 53 1 0.91100000000000003 0.89999999999999991
 45 9 84 0 2 4 16 2400 -0.14159265358979312 1.1085665225982666 53 1 1.0649999999999999 0.79999999999999993
 46 9 136 0.40000000000000002 1 4 20 2000 -0.14159265358979312 1.0525491237640381 53 1 1.1919999999999999 0.79999999999999993
 47 9 284 0.80000000000000004 2 4 20 2200 -3.1415926535897931 0.94445300102233887 53 1 0.88600000000000001 0.89999999999999991
 48 9 437 1.6000000000000001 2 3 16 2200 -0.14159265358979312 1.0933928489685059 59 0 0.89800000000000002 0.69999999999999996


# name: resolution
# type: matrix
# rows: 1
# columns: 2
 1366 768


# name: hz
# type: scalar
60


# name: pc
# type: sq_string
# elements: 1
# length: 21
gregor-Latitude-E6320


# name: experiment
# type: sq_string
# elements: 1
# length: 4
RFPb


# name: isOctave
# type: bool
1




