# Created by Octave 5.2.0, Thu Mar 31 20:47:59 2022 CEST <student@gregor-Latitude-E6320>
# name: RFP
# type: scalar struct
# ndims: 2
 1 1
# length: 10
# name: vp
# type: sq_string
# elements: 1
# length: 3
V13


# name: mapping
# type: scalar
1


# name: date
# type: sq_string
# elements: 1
# length: 15
20220331T204611


# name: block
# type: scalar
6


# name: outmat
# type: matrix
# rows: 48
# columns: 14
 1 6 409 1.6000000000000001 1 4 16 2000 -3.1415926535897931 1.1603808403015137 53 1 1.0089999999999999 0.79999999999999993
 2 6 388 1.6000000000000001 1 3 16 2000 2.8584073464102069 1.0253489017486572 59 0 1.016 0.79999999999999993
 3 6 157 0.40000000000000002 2 3 20 2000 -3.1415926535897931 1.0069541931152344 59 0 0.98799999999999999 1
 4 6 385 1.6000000000000001 1 3 16 2000 1.8584073464102069 1.1774466037750244 59 0 0.88 0.79999999999999993
 5 6 124 0.40000000000000002 1 4 16 2000 1.8584073464102069 1.0696723461151123 53 1 0.86099999999999999 0.79999999999999993
 6 6 530 3 2 3 16 2000 0.85840734641020688 1.2284781932830811 59 0 0.91100000000000003 1
 7 6 87 0 2 4 20 2000 1.8584073464102069 0.95688366889953613 53 1 0.86399999999999999 1
 8 6 528 3 1 4 20 2400 -3.1415926535897931 1.360440731048584 53 1 1.018 0.69999999999999996
 9 6 536 3 2 3 16 2200 0.85840734641020688 1.3171882629394531 59 0 1.1399999999999999 0.79999999999999993
 10 6 63 0 2 3 20 2000 2.8584073464102069 1.4190716743469238 59 0 0.96199999999999997 1
 11 6 92 0 2 4 20 2200 -3.1415926535897931 1.216921329498291 53 1 1.075 0.69999999999999996
 12 6 347 1.2 2 3 16 2400 2.8584073464102069 1.24698805809021 59 0 1.099 0.69999999999999996
 13 6 225 0.80000000000000004 1 4 16 2400 1.8584073464102069 1.0980806350708008 53 1 1.048 1
 14 6 57 0 2 3 16 2400 -1.1415926535897931 1.1888036727905273 59 0 1.095 0.79999999999999993
 15 6 47 0 1 4 20 2400 -3.1415926535897931 1.0767583847045898 53 1 0.93899999999999995 1
 16 6 350 1.2 2 3 20 2000 0.85840734641020688 1.2213938236236572 59 0 1.054 0.79999999999999993
 17 6 309 1.2 1 3 20 2400 -3.1415926535897931 1.477081298828125 59 0 0.91100000000000003 0.69999999999999996
 18 6 209 0.80000000000000004 1 3 20 2200 -1.1415926535897931 1.2949657440185547 59 0 1.135 0.79999999999999993
 19 6 112 0.40000000000000002 1 3 20 2000 -2.1415926535897931 1.5995376110076904 59 0 0.81699999999999995 1
 20 6 39 0 1 4 20 2000 2.8584073464102069 1.2166144847869873 53 1 0.92500000000000004 0.79999999999999993
 21 6 456 1.6000000000000001 2 3 20 2400 1.8584073464102069 1.157501220703125 59 0 1.036 1
 22 6 69 0 2 3 20 2400 -2.1415926535897931 1.0696158409118652 59 0 1.048 0.89999999999999991
 23 6 421 1.6000000000000001 1 4 20 2000 -0.14159265358979312 1.1045897006988525 53 1 0.98799999999999999 0.79999999999999993
 24 6 42 0 1 4 20 2200 1.8584073464102069 1.0867440700531006 53 1 1.1399999999999999 0.79999999999999993
 25 6 188 0.40000000000000002 2 4 20 2200 1.8584073464102069 1.0450382232666016 53 1 0.97699999999999998 1
 26 6 58 0 2 3 16 2400 -2.1415926535897931 1.1104946136474609 59 0 0.995 1
 27 6 291 1.2 1 3 16 2000 2.8584073464102069 1.2517125606536865 59 0 0.88100000000000001 1
 28 6 292 1.2 1 3 16 2000 0.85840734641020688 1.0814530849456787 59 0 0.86499999999999999 1
 29 6 397 1.6000000000000001 1 3 20 2000 -3.1415926535897931 1.0247924327850342 59 0 0.97899999999999998 0.79999999999999993
 30 6 222 0.80000000000000004 1 4 16 2200 1.8584073464102069 0.91822004318237305 53 1 1.1879999999999999 0.79999999999999993
 31 6 337 1.2 2 3 16 2000 0.85840734641020688 1.0198650360107422 59 0 1.1879999999999999 0.79999999999999993
 32 6 219 0.80000000000000004 1 4 16 2000 -3.1415926535897931 2.2472691535949707 53 1 0.98699999999999999 0.69999999999999996
 33 6 141 0.40000000000000002 1 4 20 2400 -3.1415926535897931 1.4654531478881836 53 1 1.0309999999999999 0.89999999999999991
 34 6 320 1.2 1 4 16 2200 -0.14159265358979312 1.5950436592102051 53 1 1.177 0.89999999999999991
 35 6 515 3 1 4 16 2400 1.8584073464102069 1.4285721778869629 53 1 1.0760000000000001 0.69999999999999996
 36 6 271 0.80000000000000004 2 4 16 2200 -3.1415926535897931 1.4886848926544189 53 1 1.087 0.69999999999999996
 37 6 519 3 1 4 20 2000 -1.1415926535897931 1.0581955909729004 53 1 0.96599999999999997 0.89999999999999991
 38 6 294 1.2 1 3 16 2200 -0.14159265358979312 1.2334375381469727 59 0 0.95499999999999996 0.79999999999999993
 39 6 562 3 2 4 16 2400 2.8584073464102069 1.0633866786956787 53 1 0.93700000000000006 0.69999999999999996
 40 6 493 3 1 3 20 2000 -0.14159265358979312 1.0566024780273438 59 0 0.91400000000000003 0.69999999999999996
 41 6 473 1.6000000000000001 2 4 20 2200 0.85840734641020688 1.0544793605804443 53 1 0.96099999999999997 0.69999999999999996
 42 6 236 0.80000000000000004 1 4 20 2200 -2.1415926535897931 1.0002741813659668 53 1 0.96999999999999997 0.69999999999999996
 43 6 97 0.40000000000000002 1 3 16 2000 -3.1415926535897931 1.0181722640991211 59 0 1.048 0.69999999999999996
 44 6 558 3 2 4 16 2200 -3.1415926535897931 1.1525883674621582 53 1 1.054 1
 45 6 56 0 2 3 16 2200 -3.1415926535897931 2.1789655685424805 59 0 1.0609999999999999 0.69999999999999996
 46 6 165 0.40000000000000002 2 3 20 2400 1.8584073464102069 1.1924395561218262 59 0 1.02 0.89999999999999991
 47 6 339 1.2 2 3 16 2000 0.85840734641020688 1.049318790435791 59 0 0.97799999999999998 0.79999999999999993
 48 6 413 1.6000000000000001 1 4 16 2200 1.8584073464102069 1.0792224407196045 53 1 0.85899999999999999 0.69999999999999996


# name: resolution
# type: matrix
# rows: 1
# columns: 2
 1366 768


# name: hz
# type: scalar
60


# name: pc
# type: sq_string
# elements: 1
# length: 21
gregor-Latitude-E6320


# name: experiment
# type: sq_string
# elements: 1
# length: 4
RFPb


# name: isOctave
# type: bool
1




