# Created by Octave 5.2.0, Thu Mar 31 20:49:53 2022 CEST <student@gregor-Latitude-E6320>
# name: RFP
# type: scalar struct
# ndims: 2
 1 1
# length: 10
# name: vp
# type: sq_string
# elements: 1
# length: 3
V13


# name: mapping
# type: scalar
1


# name: date
# type: sq_string
# elements: 1
# length: 15
20220331T204801


# name: block
# type: scalar
7


# name: outmat
# type: matrix
# rows: 48
# columns: 14
 1 7 512 3 1 4 16 2200 -1.1415926535897931 1.2388627529144287 53 1 1.042 0.79999999999999993
 2 7 546 3 2 3 20 2200 -0.14159265358979312 1.2276747226715088 59 0 0.82699999999999996 0.89999999999999991
 3 7 301 1.2 1 3 20 2000 2.8584073464102069 1.1800017356872559 59 0 0.89500000000000002 0.69999999999999996
 4 7 446 1.6000000000000001 2 3 20 2000 -2.1415926535897931 1.1101691722869873 59 0 0.83699999999999997 0.69999999999999996
 5 7 27 0 1 4 16 2000 -0.14159265358979312 1.0940525531768799 53 1 0.92100000000000004 0.89999999999999991
 6 7 419 1.6000000000000001 1 4 16 2400 -3.1415926535897931 1.5481915473937988 53 1 1.018 1
 7 7 387 1.6000000000000001 1 3 16 2000 -0.14159265358979312 1.1946172714233398 59 0 0.96399999999999997 0.79999999999999993
 8 7 417 1.6000000000000001 1 4 16 2400 -1.1415926535897931 1.2106831073760986 53 1 0.94399999999999995 0.89999999999999991
 9 7 218 0.80000000000000004 1 4 16 2000 -2.1415926535897931 1.283266544342041 53 1 0.84499999999999997 0.89999999999999991
 10 7 429 1.6000000000000001 1 4 20 2400 2.8584073464102069 1.9191901683807373 53 1 1.056 1
 11 7 145 0.40000000000000002 2 3 16 2000 -1.1415926535897931 1.5072417259216309 59 0 1.149 0.89999999999999991
 12 7 255 0.80000000000000004 2 3 20 2000 2.8584073464102069 1.1896755695343018 59 0 0.90400000000000003 1
 13 7 256 0.80000000000000004 2 3 20 2000 1.8584073464102069 1.4513072967529297 59 0 0.93999999999999995 0.79999999999999993
 14 7 379 1.2 2 4 20 2200 1.8584073464102069 1.4930369853973389 53 1 1.1499999999999999 1
 15 7 496 3 1 3 20 2000 -1.1415926535897931 1.1758148670196533 59 0 1.1759999999999999 0.89999999999999991
 16 7 54 0 2 3 16 2200 -1.1415926535897931 1.2078416347503662 59 0 0.92700000000000005 1
 17 7 497 3 1 3 20 2200 1.8584073464102069 1.0982339382171631 59 0 0.96499999999999997 0.89999999999999991
 18 7 344 1.2 2 3 16 2200 0.85840734641020688 1.1446647644042969 59 0 1.0109999999999999 0.89999999999999991
 19 7 86 0 2 4 20 2000 1.8584073464102069 1.0979125499725342 53 1 1.1699999999999999 0.89999999999999991
 20 7 237 0.80000000000000004 1 4 20 2400 -1.1415926535897931 1.3421015739440918 53 1 0.84499999999999997 0.79999999999999993
 21 7 351 1.2 2 3 20 2000 -0.14159265358979312 1.5005176067352295 59 0 1.095 0.79999999999999993
 22 7 440 1.6000000000000001 2 3 16 2200 2.8584073464102069 1.1245715618133545 59 0 1.173 0.89999999999999991
 23 7 224 0.80000000000000004 1 4 16 2200 0.85840734641020688 1.3739755153656006 53 1 1.056 1
 24 7 449 1.6000000000000001 2 3 20 2200 -3.1415926535897931 1.0936524868011475 59 0 0.84699999999999998 0.89999999999999991
 25 7 368 1.2 2 4 16 2200 1.8584073464102069 1.3426117897033691 53 1 1.131 0.69999999999999996
 26 7 283 0.80000000000000004 2 4 20 2200 1.8584073464102069 1.1016592979431152 53 1 1.0620000000000001 0.69999999999999996
 27 7 372 1.2 2 4 16 2400 0.85840734641020688 1.1870296001434326 53 1 0.84899999999999998 0.79999999999999993
 28 7 129 0.40000000000000002 1 4 16 2400 -1.1415926535897931 1.1084635257720947 53 1 1.1950000000000001 0.89999999999999991
 29 7 565 3 2 4 20 2000 0.85840734641020688 1.4785308837890625 53 1 1.1080000000000001 0.69999999999999996
 30 7 458 1.6000000000000001 2 4 16 2000 2.8584073464102069 1.6826131343841553 53 1 1.123 1
 31 7 501 3 1 3 20 2400 0.85840734641020688 1.5231316089630127 59 0 1.016 0.69999999999999996
 32 7 324 1.2 1 4 16 2400 0.85840734641020688 1.7790544033050537 53 1 1.032 0.89999999999999991
 33 7 335 1.2 1 4 20 2400 -0.14159265358979312 1.3941466808319092 53 1 0.83599999999999997 1
 34 7 151 0.40000000000000002 2 3 16 2200 1.8584073464102069 1.3233082294464111 59 0 0.94099999999999995 0.79999999999999993
 35 7 317 1.2 1 4 16 2200 2.8584073464102069 1.0203671455383301 53 1 0.97899999999999998 1
 36 7 516 3 1 4 16 2400 2.8584073464102069 1.0732753276824951 53 1 1.1419999999999999 1
 37 7 308 1.2 1 3 20 2200 -1.1415926535897931 1.1681492328643799 59 0 0.92700000000000005 0.69999999999999996
 38 7 538 3 2 3 16 2400 0.85840734641020688 1.1212136745452881 59 0 0.878 1
 39 7 554 3 2 4 16 2000 -2.1415926535897931 1.0747535228729248 53 1 1.0509999999999999 0.89999999999999991
 40 7 542 3 2 3 20 2000 -2.1415926535897931 1.1435236930847168 59 0 0.93300000000000005 0.69999999999999996
 41 7 474 1.6000000000000001 2 4 20 2200 -0.14159265358979312 0.9938499927520752 53 1 1.0760000000000001 0.79999999999999993
 42 7 503 3 1 3 20 2400 1.8584073464102069 1.2087066173553467 59 0 1.0529999999999999 0.89999999999999991
 43 7 394 1.6000000000000001 1 3 16 2400 0.85840734641020688 1.2734482288360596 59 0 0.84999999999999998 0.79999999999999993
 44 7 159 0.40000000000000002 2 3 20 2000 -3.1415926535897931 1.8159952163696289 59 0 0.80500000000000005 0.69999999999999996
 45 7 531 3 2 3 16 2000 2.8584073464102069 1.4616014957427979 59 0 0.97999999999999998 0.69999999999999996
 46 7 201 0.80000000000000004 1 3 16 2400 2.8584073464102069 1.4425666332244873 59 0 0.90100000000000002 0.89999999999999991
 47 7 215 0.80000000000000004 1 3 20 2400 0.85840734641020688 1.4241828918457031 59 0 1.0609999999999999 0.79999999999999993
 48 7 316 1.2 1 4 16 2000 0.85840734641020688 1.4512977600097656 53 1 1.1439999999999999 0.69999999999999996


# name: resolution
# type: matrix
# rows: 1
# columns: 2
 1366 768


# name: hz
# type: scalar
60


# name: pc
# type: sq_string
# elements: 1
# length: 21
gregor-Latitude-E6320


# name: experiment
# type: sq_string
# elements: 1
# length: 4
RFPb


# name: isOctave
# type: bool
1




