# Created by Octave 5.2.0, Thu Mar 31 20:40:54 2022 CEST <student@gregor-Latitude-E6320>
# name: RFP
# type: scalar struct
# ndims: 2
 1 1
# length: 10
# name: vp
# type: sq_string
# elements: 1
# length: 3
V13


# name: mapping
# type: scalar
1


# name: date
# type: sq_string
# elements: 1
# length: 15
20220331T203850


# name: block
# type: scalar
3


# name: outmat
# type: matrix
# rows: 48
# columns: 14
 1 3 386 1.6000000000000001 1 3 16 2000 -3.1415926535897931 1.0056259632110596 59 0 1.0569999999999999 0.79999999999999993
 2 3 51 0 2 3 16 2000 2.8584073464102069 1.0873665809631348 59 0 0.96599999999999997 0.89999999999999991
 3 3 31 0 1 4 16 2200 2.8584073464102069 1.0072667598724365 53 1 0.88500000000000001 0.89999999999999991
 4 3 243 0.80000000000000004 2 3 16 2000 -2.1415926535897931 1.2456018924713135 59 0 0.93700000000000006 0.89999999999999991
 5 3 543 3 2 3 20 2000 1.8584073464102069 1.6275856494903564 59 0 0.83299999999999996 0.69999999999999996
 6 3 298 1.2 1 3 16 2400 -1.1415926535897931 1.176206111907959 59 0 0.94899999999999995 0.89999999999999991
 7 3 175 0.40000000000000002 2 4 16 2200 2.8584073464102069 1.1368076801300049 53 1 0.83199999999999996 0.79999999999999993
 8 3 131 0.40000000000000002 1 4 16 2400 0.85840734641020688 1.0905652046203613 53 1 1.129 0.79999999999999993
 9 3 561 3 2 4 16 2400 1.8584073464102069 1.0228812694549561 53 1 1.079 0.69999999999999996
 10 3 457 1.6000000000000001 2 4 16 2000 -3.1415926535897931 1.2304606437683105 53 1 0.99399999999999999 0.79999999999999993
 11 3 167 0.40000000000000002 2 3 20 2400 -3.1415926535897931 1.1462094783782959 59 0 1.087 1
 12 3 9 0 1 3 16 2400 0.85840734641020688 1.0818338394165039 59 0 1.1830000000000001 0.69999999999999996
 13 3 465 1.6000000000000001 2 4 16 2400 1.8584073464102069 1.4506227970123291 53 1 0.91300000000000003 0.89999999999999991
 14 3 162 0.40000000000000002 2 3 20 2200 2.8584073464102069 1.5423226356506348 59 0 0.80000000000000004 0.79999999999999993
 15 3 164 0.40000000000000002 2 3 20 2200 1.8584073464102069 1.2911949157714844 59 0 1.1879999999999999 0.79999999999999993
 16 3 62 0 2 3 20 2000 -0.14159265358979312 1.2465305328369141 59 0 0.93799999999999994 0.89999999999999991
 17 3 226 0.80000000000000004 1 4 16 2400 0.85840734641020688 1.3108248710632324 53 1 0.93100000000000005 0.89999999999999991
 18 3 405 1.6000000000000001 1 3 20 2400 0.85840734641020688 1.637122631072998 59 0 0.91700000000000004 0.69999999999999996
 19 3 525 3 1 4 20 2400 -2.1415926535897931 1.1973309516906738 53 1 1.1359999999999999 0.69999999999999996
 20 3 207 0.80000000000000004 1 3 20 2000 1.8584073464102069 1.1042988300323486 59 0 1.0529999999999999 1
 21 3 491 3 1 3 16 2400 -3.1415926535897931 1.0830049514770508 59 0 1.1160000000000001 0.89999999999999991
 22 3 268 0.80000000000000004 2 4 16 2000 1.8584073464102069 1.0935404300689697 53 1 0.83399999999999996 1
 23 3 464 1.6000000000000001 2 4 16 2200 -0.14159265358979312 1.219059944152832 53 1 0.80500000000000005 0.79999999999999993
 24 3 484 3 1 3 16 2000 0.85840734641020688 1.2031433582305908 59 0 1.099 0.69999999999999996
 25 3 106 0.40000000000000002 1 3 16 2400 0.85840734641020688 1.1325798034667969 59 0 0.92900000000000005 0.69999999999999996
 26 3 160 0.40000000000000002 2 3 20 2000 2.8584073464102069 1.2058389186859131 59 0 1.0680000000000001 0.69999999999999996
 27 3 378 1.2 2 4 20 2200 0.85840734641020688 1.9063084125518799 53 1 0.90900000000000003 0.79999999999999993
 28 3 183 0.40000000000000002 2 4 20 2000 2.8584073464102069 1.3904767036437988 53 1 0.85899999999999999 0.89999999999999991
 29 3 435 1.6000000000000001 2 3 16 2000 -0.14159265358979312 1.2297921180725098 59 0 1.127 0.89999999999999991
 30 3 156 0.40000000000000002 2 3 16 2400 1.8584073464102069 1.2087538242340088 59 0 1.1319999999999999 1
 31 3 249 0.80000000000000004 2 3 16 2400 -2.1415926535897931 1.0586173534393311 59 0 0.90600000000000003 0.89999999999999991
 32 3 127 0.40000000000000002 1 4 16 2200 2.8584073464102069 1.0542953014373779 53 1 0.89300000000000002 1
 33 3 559 3 2 4 16 2200 2.8584073464102069 1.1746962070465088 53 1 1.042 0.89999999999999991
 34 3 252 0.80000000000000004 2 3 16 2400 -2.1415926535897931 1.037731409072876 59 0 1.026 0.89999999999999991
 35 3 365 1.2 2 4 16 2200 0.85840734641020688 9.5010735988616943 59 0 0.93500000000000005 0.79999999999999993
 36 3 204 0.80000000000000004 1 3 16 2400 -3.1415926535897931 1.15193772315979 59 0 0.89300000000000002 0.69999999999999996
 37 3 358 1.2 2 3 20 2400 -3.1415926535897931 1.5800824165344238 59 0 1.1799999999999999 1
 38 3 239 0.80000000000000004 1 4 20 2400 -2.1415926535897931 1.4807045459747314 53 1 1.107 1
 39 3 433 1.6000000000000001 2 3 16 2000 -3.1415926535897931 1.4356646537780762 59 0 1.141 0.89999999999999991
 40 3 398 1.6000000000000001 1 3 20 2000 1.8584073464102069 1.4700629711151123 59 0 1.1020000000000001 0.79999999999999993
 41 3 233 0.80000000000000004 1 4 20 2200 -3.1415926535897931 1.7494354248046875 53 1 1.081 1
 42 3 342 1.2 2 3 16 2200 -3.1415926535897931 2.3980233669281006 59 0 0.95499999999999996 1
 43 3 566 3 2 4 20 2000 1.8584073464102069 2.7783136367797852 53 1 1 0.89999999999999991
 44 3 513 3 1 4 16 2400 -3.1415926535897931 3.4507880210876465 53 1 1.0649999999999999 0.89999999999999991
 45 3 266 0.80000000000000004 2 4 16 2000 1.8584073464102069 1.6234066486358643 53 1 0.98699999999999999 1
 46 3 34 0 1 4 16 2400 -0.14159265358979312 1.1091599464416504 53 1 1.097 0.89999999999999991
 47 3 128 0.40000000000000002 1 4 16 2200 -0.14159265358979312 1.4256443977355957 53 1 1.1859999999999999 0.79999999999999993
 48 3 382 1.2 2 4 20 2400 -1.1415926535897931 1.6350111961364746 53 1 1.0609999999999999 1


# name: resolution
# type: matrix
# rows: 1
# columns: 2
 1366 768


# name: hz
# type: scalar
60


# name: pc
# type: sq_string
# elements: 1
# length: 21
gregor-Latitude-E6320


# name: experiment
# type: sq_string
# elements: 1
# length: 4
RFPb


# name: isOctave
# type: bool
1




