# Created by Octave 5.2.0, Thu Mar 31 20:59:51 2022 CEST <student@gregor-Latitude-E6320>
# name: RFP
# type: scalar struct
# ndims: 2
 1 1
# length: 10
# name: vp
# type: sq_string
# elements: 1
# length: 3
V13


# name: mapping
# type: scalar
1


# name: date
# type: sq_string
# elements: 1
# length: 15
20220331T205804


# name: block
# type: scalar
12


# name: outmat
# type: matrix
# rows: 48
# columns: 14
 1 12 314 1.2 1 4 16 2000 -0.14159265358979312 1.0008656978607178 53 1 1.085 1
 2 12 393 1.6000000000000001 1 3 16 2400 -1.1415926535897931 1.0799746513366699 59 0 0.96899999999999997 0.69999999999999996
 3 12 469 1.6000000000000001 2 4 20 2000 1.8584073464102069 1.0213122367858887 53 1 0.80600000000000005 0.69999999999999996
 4 12 296 1.2 1 3 16 2200 -3.1415926535897931 0.84364032745361328 59 0 1.0980000000000001 0.89999999999999991
 5 12 274 0.80000000000000004 2 4 16 2400 -0.14159265358979312 1.4512577056884766 53 1 0.96599999999999997 1
 6 12 406 1.6000000000000001 1 3 20 2400 -0.14159265358979312 1.1370878219604492 59 0 1.0960000000000001 0.69999999999999996
 7 12 148 0.40000000000000002 2 3 16 2000 -1.1415926535897931 1.145209789276123 59 0 1.0780000000000001 1
 8 12 348 1.2 2 3 16 2400 2.8584073464102069 1.1401698589324951 59 0 1.0469999999999999 1
 9 12 389 1.6000000000000001 1 3 16 2200 1.8584073464102069 1.1384000778198242 59 0 1.046 1
 10 12 154 0.40000000000000002 2 3 16 2400 0.85840734641020688 1.0969586372375488 59 0 0.95899999999999996 0.69999999999999996
 11 12 18 0 1 3 20 2200 -0.14159265358979312 1.1192348003387451 59 0 1.0640000000000001 0.89999999999999991
 12 12 48 0 1 4 20 2400 1.8584073464102069 1.1575691699981689 53 1 1.0389999999999999 1
 13 12 199 0.80000000000000004 1 3 16 2200 -3.1415926535897931 1.1346673965454102 59 0 1.133 0.89999999999999991
 14 12 7 0 1 3 16 2200 2.8584073464102069 1.2238304615020752 59 0 1.1599999999999999 0.89999999999999991
 15 12 466 1.6000000000000001 2 4 16 2400 -3.1415926535897931 1.1421792507171631 53 1 1.147 0.69999999999999996
 16 12 295 1.2 1 3 16 2200 -1.1415926535897931 1.1158430576324463 59 0 0.88500000000000001 1
 17 12 133 0.40000000000000002 1 4 20 2000 -0.14159265358979312 1.0940394401550293 53 1 1.1910000000000001 0.69999999999999996
 18 12 40 0 1 4 20 2000 0.85840734641020688 1.0526483058929443 53 1 0.89500000000000002 0.79999999999999993
 19 12 438 1.6000000000000001 2 3 16 2200 -1.1415926535897931 0.85739254951477051 59 0 1.1899999999999999 0.89999999999999991
 20 12 424 1.6000000000000001 1 4 20 2000 2.8584073464102069 1.8562483787536621 53 1 1.071 1
 21 12 17 0 1 3 20 2200 0.85840734641020688 1.1142232418060303 59 0 0.95499999999999996 0.79999999999999993
 22 12 246 0.80000000000000004 2 3 16 2200 1.8584073464102069 1.1700854301452637 59 0 0.81699999999999995 0.89999999999999991
 23 12 329 1.2 1 4 20 2200 0.85840734641020688 1.1402485370635986 53 1 0.81999999999999995 0.69999999999999996
 24 12 322 1.2 1 4 16 2400 -0.14159265358979312 1.1371121406555176 53 1 1.153 0.69999999999999996
 25 12 273 0.80000000000000004 2 4 16 2400 -3.1415926535897931 1.3081743717193604 53 1 0.91500000000000004 1
 26 12 333 1.2 1 4 20 2400 2.8584073464102069 1.0554697513580322 53 1 1.083 0.79999999999999993
 27 12 138 0.40000000000000002 1 4 20 2200 -1.1415926535897931 1.0450031757354736 53 1 1.0669999999999999 0.89999999999999991
 28 12 185 0.40000000000000002 2 4 20 2200 -2.1415926535897931 1.1902854442596436 53 1 1.0209999999999999 1
 29 12 88 0 2 4 20 2000 -3.1415926535897931 1.0667102336883545 53 1 1.149 0.69999999999999996
 30 12 210 0.80000000000000004 1 3 20 2200 -1.1415926535897931 1.0725195407867432 59 0 0.86899999999999999 1
 31 12 537 3 2 3 16 2400 0.85840734641020688 1.1359055042266846 59 0 0.92600000000000005 1
 32 12 80 0 2 4 16 2200 -2.1415926535897931 1.1226539611816406 53 1 1.1759999999999999 0.79999999999999993
 33 12 137 0.40000000000000002 1 4 20 2200 -2.1415926535897931 1.1843776702880859 53 1 1.036 0.69999999999999996
 34 12 374 1.2 2 4 20 2000 1.8584073464102069 1.1207773685455322 53 1 0.95799999999999996 0.79999999999999993
 35 12 6 0 1 3 16 2200 0.85840734641020688 1.8366916179656982 59 0 1.0840000000000001 0.79999999999999993
 36 12 442 1.6000000000000001 2 3 16 2400 -2.1415926535897931 1.2431626319885254 59 0 0.81999999999999995 0.79999999999999993
 37 12 91 0 2 4 20 2200 -3.1415926535897931 1.2004396915435791 53 1 1.127 1
 38 12 93 0 2 4 20 2400 -1.1415926535897931 1.1199445724487305 53 1 1.0580000000000001 1
 39 12 533 3 2 3 16 2200 1.8584073464102069 1.2093486785888672 59 0 0.876 0.79999999999999993
 40 12 96 0 2 4 20 2400 -0.14159265358979312 1.1401863098144531 53 1 1.1990000000000001 1
 41 12 195 0.80000000000000004 1 3 16 2000 -2.1415926535897931 1.0300486087799072 59 0 1.103 0.89999999999999991
 42 12 180 0.40000000000000002 2 4 16 2400 -3.1415926535897931 1.1894376277923584 53 1 1.0660000000000001 1
 43 12 118 0.40000000000000002 1 3 20 2400 2.8584073464102069 3.0530726909637451 59 0 0.88 0.89999999999999991
 44 12 130 0.40000000000000002 1 4 16 2400 -0.14159265358979312 1.1051592826843262 53 1 0.96899999999999997 0.69999999999999996
 45 12 560 3 2 4 16 2200 0.85840734641020688 1.075932502746582 53 1 0.99299999999999999 0.79999999999999993
 46 12 123 0.40000000000000002 1 4 16 2000 2.8584073464102069 1.0235466957092285 53 1 1.052 0.89999999999999991
 47 12 74 0 2 4 16 2000 0.85840734641020688 1.0241456031799316 53 1 0.95599999999999996 0.69999999999999996
 48 12 46 0 1 4 20 2400 -2.1415926535897931 0.85614347457885742 53 1 0.82999999999999996 0.69999999999999996


# name: resolution
# type: matrix
# rows: 1
# columns: 2
 1366 768


# name: hz
# type: scalar
60


# name: pc
# type: sq_string
# elements: 1
# length: 21
gregor-Latitude-E6320


# name: experiment
# type: sq_string
# elements: 1
# length: 4
RFPb


# name: isOctave
# type: bool
1




