# Created by Octave 5.2.0, Thu Mar 31 20:58:03 2022 CEST <student@gregor-Latitude-E6320>
# name: RFP
# type: scalar struct
# ndims: 2
 1 1
# length: 10
# name: vp
# type: sq_string
# elements: 1
# length: 3
V13


# name: mapping
# type: scalar
1


# name: date
# type: sq_string
# elements: 1
# length: 15
20220331T205613


# name: block
# type: scalar
11


# name: outmat
# type: matrix
# rows: 48
# columns: 14
 1 11 109 0.40000000000000002 1 3 20 2000 2.8584073464102069 0.90790486335754395 59 0 1.026 0.69999999999999996
 2 11 303 1.2 1 3 20 2000 -2.1415926535897931 1.2646944522857666 59 0 1.101 0.89999999999999991
 3 11 564 3 2 4 16 2400 -3.1415926535897931 1.1587972640991211 53 1 0.96499999999999997 1
 4 11 261 0.80000000000000004 2 3 20 2400 0.85840734641020688 1.1637308597564697 59 0 0.997 1
 5 11 75 0 2 4 16 2000 -2.1415926535897931 1.1683468818664551 53 1 1.1659999999999999 0.79999999999999993
 6 11 545 3 2 3 20 2200 1.8584073464102069 1.1654350757598877 59 0 1.151 1
 7 11 70 0 2 3 20 2400 -3.1415926535897931 1.2884926795959473 59 0 1.177 1
 8 11 428 1.6000000000000001 1 4 20 2200 -3.1415926535897931 1.0234944820404053 53 1 1.171 1
 9 11 551 3 2 3 20 2400 1.8584073464102069 1.1538698673248291 59 0 1.05 0.79999999999999993
 10 11 470 1.6000000000000001 2 4 20 2000 -0.14159265358979312 1.0259509086608887 53 1 1.0629999999999999 0.79999999999999993
 11 11 83 0 2 4 16 2400 -2.1415926535897931 1.2230224609375 59 0 1.0680000000000001 1
 12 11 327 1.2 1 4 20 2000 -0.14159265358979312 1.1839315891265869 53 1 0.90100000000000002 0.69999999999999996
 13 11 66 0 2 3 20 2200 -2.1415926535897931 1.1426868438720703 59 0 0.99199999999999999 1
 14 11 485 3 1 3 16 2200 1.8584073464102069 1.1505918502807617 53 1 1.0600000000000001 1
 15 11 107 0.40000000000000002 1 3 16 2400 2.8584073464102069 1.3634700775146484 59 0 1.175 0.89999999999999991
 16 11 453 1.6000000000000001 2 3 20 2400 2.8584073464102069 1.2302272319793701 59 0 1.0349999999999999 1
 17 11 532 3 2 3 16 2000 1.8584073464102069 1.0257472991943359 59 0 0.997 0.69999999999999996
 18 11 396 1.6000000000000001 1 3 16 2400 1.8584073464102069 1.0607986450195312 59 0 1.0740000000000001 0.69999999999999996
 19 11 155 0.40000000000000002 2 3 16 2400 -3.1415926535897931 1.1494166851043701 59 0 1.0629999999999999 0.89999999999999991
 20 11 313 1.2 1 4 16 2000 -1.1415926535897931 1.1327714920043945 53 1 0.89400000000000002 1
 21 11 447 1.6000000000000001 2 3 20 2000 -2.1415926535897931 4.1906623840332031 59 0 0.96499999999999997 0.89999999999999991
 22 11 258 0.80000000000000004 2 3 20 2200 2.8584073464102069 1.3180158138275146 59 0 1.0549999999999999 1
 23 11 29 0 1 4 16 2200 -3.1415926535897931 1.5997185707092285 53 1 1.018 0.69999999999999996
 24 11 60 0 2 3 16 2400 -3.1415926535897931 1.1051993370056152 59 0 0.92100000000000004 0.89999999999999991
 25 11 307 1.2 1 3 20 2200 1.8584073464102069 1.0255312919616699 59 0 0.97599999999999998 0.69999999999999996
 26 11 172 0.40000000000000002 2 4 16 2000 0.85840734641020688 0.97698640823364258 53 1 1.0329999999999999 0.79999999999999993
 27 11 238 0.80000000000000004 1 4 20 2400 2.8584073464102069 1.0718667507171631 53 1 1.1850000000000001 0.79999999999999993
 28 11 276 0.80000000000000004 2 4 16 2400 -2.1415926535897931 1.1322362422943115 53 1 1.1879999999999999 0.89999999999999991
 29 11 247 0.80000000000000004 2 3 16 2200 -2.1415926535897931 1.1359732151031494 59 0 0.88300000000000001 0.89999999999999991
 30 11 171 0.40000000000000002 2 4 16 2000 2.8584073464102069 1.1113557815551758 53 1 0.98199999999999998 0.69999999999999996
 31 11 59 0 2 3 16 2400 0.85840734641020688 1.2719404697418213 59 0 1.1539999999999999 1
 32 11 427 1.6000000000000001 1 4 20 2200 0.85840734641020688 1.039963960647583 53 1 0.90600000000000003 0.79999999999999993
 33 11 251 0.80000000000000004 2 3 16 2400 0.85840734641020688 1.1415882110595703 59 0 1.177 1
 34 11 486 3 1 3 16 2200 -2.1415926535897931 1.0757436752319336 59 0 1.137 0.69999999999999996
 35 11 30 0 1 4 16 2200 -1.1415926535897931 0.89119911193847656 53 1 0.89800000000000002 1
 36 11 375 1.2 2 4 20 2000 1.8584073464102069 1.3778703212738037 53 1 1.0980000000000001 1
 37 11 370 1.2 2 4 16 2400 -3.1415926535897931 1.0263702869415283 53 1 0.95599999999999996 1
 38 11 451 1.6000000000000001 2 3 20 2200 -2.1415926535897931 1.104851245880127 59 0 0.872 0.79999999999999993
 39 11 115 0.40000000000000002 1 3 20 2200 2.8584073464102069 1.1337018013000488 59 0 0.84199999999999997 0.79999999999999993
 40 11 24 0 1 3 20 2400 0.85840734641020688 1.0530679225921631 59 0 0.876 1
 41 11 367 1.2 2 4 16 2200 -2.1415926535897931 1.400770902633667 53 1 0.88800000000000001 0.79999999999999993
 42 11 250 0.80000000000000004 2 3 16 2400 -3.1415926535897931 1.3075554370880127 59 0 0.91300000000000003 0.69999999999999996
 43 11 135 0.40000000000000002 1 4 20 2000 -3.1415926535897931 1.2225759029388428 53 1 0.86199999999999999 0.89999999999999991
 44 11 52 0 2 3 16 2000 1.8584073464102069 1.2609453201293945 59 0 1.0509999999999999 1
 45 11 282 0.80000000000000004 2 4 20 2200 1.8584073464102069 1.0760853290557861 53 1 1.024 0.79999999999999993
 46 11 568 3 2 4 20 2000 -0.14159265358979312 1.1473705768585205 53 1 0.997 1
 47 11 403 1.6000000000000001 1 3 20 2200 -2.1415926535897931 1.4270873069763184 59 0 1.0880000000000001 0.89999999999999991
 48 11 441 1.6000000000000001 2 3 16 2400 -1.1415926535897931 1.2812106609344482 59 0 0.96699999999999997 1


# name: resolution
# type: matrix
# rows: 1
# columns: 2
 1366 768


# name: hz
# type: scalar
60


# name: pc
# type: sq_string
# elements: 1
# length: 21
gregor-Latitude-E6320


# name: experiment
# type: sq_string
# elements: 1
# length: 4
RFPb


# name: isOctave
# type: bool
1




