# Created by Octave 5.2.0, Thu Mar 31 20:56:11 2022 CEST <student@gregor-Latitude-E6320>
# name: RFP
# type: scalar struct
# ndims: 2
 1 1
# length: 10
# name: vp
# type: sq_string
# elements: 1
# length: 3
V13


# name: mapping
# type: scalar
1


# name: date
# type: sq_string
# elements: 1
# length: 15
20220331T205416


# name: block
# type: scalar
10


# name: outmat
# type: matrix
# rows: 48
# columns: 14
 1 10 21 0 1 3 20 2400 -3.1415926535897931 1.0138123035430908 59 0 0.93100000000000005 0.89999999999999991
 2 10 36 0 1 4 16 2400 -3.1415926535897931 0.88726544380187988 53 1 0.94199999999999995 0.79999999999999993
 3 10 186 0.40000000000000002 2 4 20 2200 2.8584073464102069 1.0471794605255127 53 1 0.92300000000000004 0.79999999999999993
 4 10 521 3 1 4 20 2200 -3.1415926535897931 0.99226856231689453 53 1 1.0469999999999999 0.69999999999999996
 5 10 363 1.2 2 4 16 2000 -1.1415926535897931 1.010791540145874 53 1 0.81000000000000005 0.79999999999999993
 6 10 481 3 1 3 16 2000 0.85840734641020688 1.0768861770629883 59 0 1.1699999999999999 0.89999999999999991
 7 10 480 1.6000000000000001 2 4 20 2400 2.8584073464102069 1.0575625896453857 53 1 1.0860000000000001 0.79999999999999993
 8 10 443 1.6000000000000001 2 3 16 2400 -1.1415926535897931 1.4361162185668945 59 0 0.91500000000000004 1
 9 10 67 0 2 3 20 2200 0.85840734641020688 1.0886340141296387 59 0 0.92700000000000005 1
 10 10 336 1.2 1 4 20 2400 1.8584073464102069 1.0840218067169189 53 1 0.80100000000000005 1
 11 10 104 0.40000000000000002 1 3 16 2200 0.85840734641020688 1.1230597496032715 59 0 0.97399999999999998 0.89999999999999991
 12 10 555 3 2 4 16 2000 -2.1415926535897931 1.0848898887634277 53 1 1.1699999999999999 0.69999999999999996
 13 10 176 0.40000000000000002 2 4 16 2200 -1.1415926535897931 1.2942359447479248 53 1 0.92200000000000004 1
 14 10 319 1.2 1 4 16 2200 1.8584073464102069 1.1495134830474854 53 1 0.81100000000000005 1
 15 10 95 0 2 4 20 2400 -2.1415926535897931 1.2346725463867188 53 1 1.1839999999999999 0.89999999999999991
 16 10 504 3 1 3 20 2400 -0.14159265358979312 1.1782512664794922 59 0 1.119 0.69999999999999996
 17 10 328 1.2 1 4 20 2000 -0.14159265358979312 1.109269380569458 53 1 1.0669999999999999 0.69999999999999996
 18 10 343 1.2 2 3 16 2200 -1.1415926535897931 1.1070153713226318 59 0 0.86299999999999999 1
 19 10 423 1.6000000000000001 1 4 20 2000 0.85840734641020688 1.1623620986938477 53 1 0.80900000000000005 0.79999999999999993
 20 10 280 0.80000000000000004 2 4 20 2000 2.8584073464102069 1.3170461654663086 53 1 1.1890000000000001 1
 21 10 340 1.2 2 3 16 2000 -1.1415926535897931 1.1673691272735596 59 0 0.879 1
 22 10 355 1.2 2 3 20 2200 -3.1415926535897931 1.1395432949066162 59 0 0.82099999999999995 0.69999999999999996
 23 10 43 0 1 4 20 2200 -2.1415926535897931 1.2047750949859619 53 1 1.1599999999999999 0.79999999999999993
 24 10 502 3 1 3 20 2400 -0.14159265358979312 1.2479705810546875 59 0 1.0529999999999999 0.89999999999999991
 25 10 61 0 2 3 20 2000 -1.1415926535897931 1.3477625846862793 59 0 1.03 0.79999999999999993
 26 10 552 3 2 3 20 2400 -0.14159265358979312 1.3446457386016846 59 0 1.0169999999999999 0.79999999999999993
 27 10 142 0.40000000000000002 1 4 20 2400 1.8584073464102069 1.2290675640106201 53 1 0.90700000000000003 1
 28 10 509 3 1 4 16 2200 -2.1415926535897931 0.99876499176025391 53 1 0.997 1
 29 10 111 0.40000000000000002 1 3 20 2000 -3.1415926535897931 1.2791306972503662 59 0 0.99199999999999999 0.89999999999999991
 30 10 462 1.6000000000000001 2 4 16 2200 0.85840734641020688 1.2435379028320312 53 1 1.0740000000000001 0.69999999999999996
 31 10 297 1.2 1 3 16 2400 2.8584073464102069 1.2376143932342529 59 0 1.1879999999999999 0.89999999999999991
 32 10 191 0.40000000000000002 2 4 20 2400 0.85840734641020688 1.571948766708374 53 1 1.0669999999999999 0.79999999999999993
 33 10 223 0.80000000000000004 1 4 16 2200 -1.1415926535897931 1.8358805179595947 53 1 1.167 0.89999999999999991
 34 10 352 1.2 2 3 20 2000 -2.1415926535897931 1.3261303901672363 59 0 0.92700000000000005 0.79999999999999993
 35 10 200 0.80000000000000004 1 3 16 2200 -1.1415926535897931 1.218909740447998 59 0 1.0840000000000001 0.69999999999999996
 36 10 53 0 2 3 16 2200 -3.1415926535897931 1.3176331520080566 59 0 1.087 0.79999999999999993
 37 10 567 3 2 4 20 2000 -3.1415926535897931 2.1125199794769287 53 1 1.107 0.69999999999999996
 38 10 121 0.40000000000000002 1 4 16 2000 0.85840734641020688 1.7835133075714111 53 1 0.91900000000000004 0.89999999999999991
 39 10 5 0 1 3 16 2200 -2.1415926535897931 1.5933182239532471 59 0 1.1870000000000001 0.89999999999999991
 40 10 556 3 2 4 16 2000 2.8584073464102069 1.8661124706268311 53 1 1.093 0.69999999999999996
 41 10 399 1.6000000000000001 1 3 20 2000 -0.14159265358979312 1.300147533416748 59 0 1.0780000000000001 0.89999999999999991
 42 10 242 0.80000000000000004 2 3 16 2000 -2.1415926535897931 2.6480703353881836 59 0 0.99399999999999999 0.89999999999999991
 43 10 563 3 2 4 16 2400 2.8584073464102069 1.6677043437957764 53 1 1.0880000000000001 0.79999999999999993
 44 10 507 3 1 4 16 2000 2.8584073464102069 1.8347656726837158 53 1 0.94499999999999995 1
 45 10 212 0.80000000000000004 1 3 20 2200 2.8584073464102069 2.0775735378265381 59 0 1.137 1
 46 10 400 1.6000000000000001 1 3 20 2000 0.85840734641020688 1.8480567932128906 59 0 1.0309999999999999 0.79999999999999993
 47 10 487 3 1 3 16 2200 -1.1415926535897931 1.5640664100646973 59 0 0.95999999999999996 0.79999999999999993
 48 10 547 3 2 3 20 2200 -0.14159265358979312 1.8680069446563721 59 0 1.0600000000000001 1


# name: resolution
# type: matrix
# rows: 1
# columns: 2
 1366 768


# name: hz
# type: scalar
60


# name: pc
# type: sq_string
# elements: 1
# length: 21
gregor-Latitude-E6320


# name: experiment
# type: sq_string
# elements: 1
# length: 4
RFPb


# name: isOctave
# type: bool
1




