# Created by Octave 5.2.0, Thu Mar 31 20:51:54 2022 CEST <student@gregor-Latitude-E6320>
# name: RFP
# type: scalar struct
# ndims: 2
 1 1
# length: 10
# name: vp
# type: sq_string
# elements: 1
# length: 3
V13


# name: mapping
# type: scalar
1


# name: date
# type: sq_string
# elements: 1
# length: 15
20220331T204958


# name: block
# type: scalar
8


# name: outmat
# type: matrix
# rows: 48
# columns: 14
 1 8 430 1.6000000000000001 1 4 20 2400 -3.1415926535897931 0.92842555046081543 53 1 0.88100000000000001 1
 2 8 241 0.80000000000000004 2 3 16 2000 -2.1415926535897931 1.0251772403717041 59 0 0.94899999999999995 0.69999999999999996
 3 8 44 0 1 4 20 2200 -1.1415926535897931 1.124415397644043 53 1 1.0469999999999999 0.89999999999999991
 4 8 522 3 1 4 20 2200 -1.1415926535897931 1.200563907623291 53 1 1.036 0.89999999999999991
 5 8 194 0.80000000000000004 1 3 16 2000 -3.1415926535897931 1.0489730834960938 59 0 0.83299999999999996 1
 6 8 257 0.80000000000000004 2 3 20 2200 2.8584073464102069 1.1189627647399902 59 0 1.0149999999999999 1
 7 8 116 0.40000000000000002 1 3 20 2200 0.85840734641020688 1.0696604251861572 59 0 0.81699999999999995 0.79999999999999993
 8 8 541 3 2 3 20 2000 0.85840734641020688 1.2376279830932617 59 0 0.93799999999999994 0.89999999999999991
 9 8 459 1.6000000000000001 2 4 16 2000 -3.1415926535897931 1.1669316291809082 53 1 0.97099999999999997 0.89999999999999991
 10 8 275 0.80000000000000004 2 4 16 2400 -0.14159265358979312 1.2354733943939209 53 1 0.89200000000000002 0.89999999999999991
 11 8 197 0.80000000000000004 1 3 16 2200 0.85840734641020688 1.0654349327087402 59 0 0.86199999999999999 1
 12 8 277 0.80000000000000004 2 4 20 2000 -1.1415926535897931 1.18471360206604 53 1 0.89900000000000002 0.69999999999999996
 13 8 529 3 2 3 16 2000 0.85840734641020688 1.2237112522125244 59 0 0.97299999999999998 0.69999999999999996
 14 8 253 0.80000000000000004 2 3 20 2000 1.8584073464102069 1.106372594833374 59 0 1.052 1
 15 8 55 0 2 3 16 2200 -1.1415926535897931 1.1118712425231934 59 0 1.175 0.79999999999999993
 16 8 483 3 1 3 16 2000 0.85840734641020688 1.2988953590393066 59 0 1.085 0.69999999999999996
 17 8 278 0.80000000000000004 2 4 20 2000 -3.1415926535897931 1.2567386627197266 53 1 1.105 1
 18 8 166 0.40000000000000002 2 3 20 2400 0.85840734641020688 1.0822324752807617 59 0 1.1930000000000001 1
 19 8 140 0.40000000000000002 1 4 20 2200 0.85840734641020688 1.1599493026733398 53 1 1.052 1
 20 8 468 1.6000000000000001 2 4 16 2400 -3.1415926535897931 1.4234566688537598 53 1 0.97499999999999998 0.89999999999999991
 21 8 573 3 2 4 20 2400 1.8584073464102069 1.0280320644378662 53 1 0.87 0.89999999999999991
 22 8 227 0.80000000000000004 1 4 16 2400 0.85840734641020688 1.3482174873352051 53 1 1.077 0.89999999999999991
 23 8 338 1.2 2 3 16 2000 -0.14159265358979312 1.9914257526397705 59 0 0.88700000000000001 0.69999999999999996
 24 8 391 1.6000000000000001 1 3 16 2200 -1.1415926535897931 1.430048942565918 59 0 1.0589999999999999 0.79999999999999993
 25 8 264 0.80000000000000004 2 3 20 2400 1.8584073464102069 1.4769155979156494 59 0 0.89900000000000002 0.79999999999999993
 26 8 422 1.6000000000000001 1 4 20 2000 -0.14159265358979312 1.7726755142211914 53 1 0.99399999999999999 0.69999999999999996
 27 8 299 1.2 1 3 16 2400 0.85840734641020688 1.1998047828674316 59 0 0.85599999999999998 0.79999999999999993
 28 8 211 0.80000000000000004 1 3 20 2200 1.8584073464102069 1.2012960910797119 59 0 0.96699999999999997 1
 29 8 305 1.2 1 3 20 2200 -0.14159265358979312 2.0225794315338135 59 0 1.1870000000000001 0.79999999999999993
 30 8 390 1.6000000000000001 1 3 16 2200 -3.1415926535897931 1.7530922889709473 59 0 0.81799999999999995 0.69999999999999996
 31 8 349 1.2 2 3 20 2000 -0.14159265358979312 1.3290326595306396 59 0 0.95999999999999996 1
 32 8 134 0.40000000000000002 1 4 20 2000 -3.1415926535897931 1.3171899318695068 53 1 0.98499999999999999 0.79999999999999993
 33 8 354 1.2 2 3 20 2200 -0.14159265358979312 2.1232829093933105 59 0 1.034 1
 34 8 346 1.2 2 3 16 2400 -3.1415926535897931 1.0900702476501465 59 0 0.91300000000000003 0.79999999999999993
 35 8 569 3 2 4 20 2200 0.85840734641020688 1.6690881252288818 53 1 1.1850000000000001 0.69999999999999996
 36 8 73 0 2 4 16 2000 -1.1415926535897931 1.4983043670654297 53 1 0.90800000000000003 0.69999999999999996
 37 8 213 0.80000000000000004 1 3 20 2400 -3.1415926535897931 1.9161384105682373 59 0 1.173 0.69999999999999996
 38 8 240 0.80000000000000004 1 4 20 2400 2.8584073464102069 1.3535957336425781 53 1 1.0509999999999999 0.89999999999999991
 39 8 377 1.2 2 4 20 2200 1.8584073464102069 2.2981734275817871 53 1 0.88 0.79999999999999993
 40 8 293 1.2 1 3 16 2200 -2.1415926535897931 1.3574471473693848 59 0 0.96599999999999997 0.79999999999999993
 41 8 117 0.40000000000000002 1 3 20 2400 2.8584073464102069 1.4610259532928467 59 0 0.92600000000000005 0.79999999999999993
 42 8 472 1.6000000000000001 2 4 20 2000 1.8584073464102069 1.7771642208099365 53 1 1.081 1
 43 8 575 3 2 4 20 2400 1.8584073464102069 1.7376766204833984 53 1 0.91500000000000004 0.79999999999999993
 44 8 144 0.40000000000000002 1 4 20 2400 1.8584073464102069 1.9556608200073242 53 1 0.86299999999999999 0.69999999999999996
 45 8 288 0.80000000000000004 2 4 20 2400 -1.1415926535897931 1.7289426326751709 53 1 0.90300000000000002 0.89999999999999991
 46 8 214 0.80000000000000004 1 3 20 2400 -1.1415926535897931 1.6864180564880371 59 0 0.80800000000000005 0.69999999999999996
 47 8 179 0.40000000000000002 2 4 16 2400 -3.1415926535897931 1.407076358795166 53 1 1.198 0.79999999999999993
 48 8 570 3 2 4 20 2200 -0.14159265358979312 1.9332642555236816 53 1 1.196 0.79999999999999993


# name: resolution
# type: matrix
# rows: 1
# columns: 2
 1366 768


# name: hz
# type: scalar
60


# name: pc
# type: sq_string
# elements: 1
# length: 21
gregor-Latitude-E6320


# name: experiment
# type: sq_string
# elements: 1
# length: 4
RFPb


# name: isOctave
# type: bool
1




