# Created by Octave 5.2.0, Thu Mar 31 20:36:52 2022 CEST <student@gregor-Latitude-E6320>
# name: RFP
# type: scalar struct
# ndims: 2
 1 1
# length: 10
# name: vp
# type: sq_string
# elements: 1
# length: 3
V13


# name: mapping
# type: scalar
1


# name: date
# type: sq_string
# elements: 1
# length: 15
20220331T203411


# name: block
# type: scalar
1


# name: outmat
# type: matrix
# rows: 48
# columns: 14
 1 1 306 1.2 1 3 20 2200 -0.14159265358979312 7.9662654399871826 59 0 1.123 1
 2 1 420 1.6000000000000001 1 4 16 2400 2.8584073464102069 4.7034385204315186 53 1 0.94599999999999995 1
 3 1 28 0 1 4 16 2000 2.8584073464102069 1.1154232025146484 53 1 1.1459999999999999 1
 4 1 436 1.6000000000000001 2 3 16 2000 2.8584073464102069 1.012138843536377 59 0 1.0760000000000001 0.69999999999999996
 5 1 25 0 1 4 16 2000 1.8584073464102069 0.96654438972473145 53 1 0.93999999999999995 0.69999999999999996
 6 1 300 1.2 1 3 16 2400 -1.1415926535897931 35.80005145072937 59 0 1.085 1
 7 1 539 3 2 3 16 2400 0.85840734641020688 1.1560037136077881 59 0 1.1339999999999999 1
 8 1 10 0 1 3 16 2400 1.8584073464102069 0.92943382263183594 59 0 1.0980000000000001 1
 9 1 535 3 2 3 16 2200 -1.1415926535897931 4.2051072120666504 59 0 0.82599999999999996 0.89999999999999991
 10 1 50 0 2 3 16 2000 -3.1415926535897931 1.4817252159118652 59 0 0.94999999999999996 0.79999999999999993
 11 1 476 1.6000000000000001 2 4 20 2200 -1.1415926535897931 2.8794798851013184 53 1 0.80300000000000005 0.79999999999999993
 12 1 357 1.2 2 3 20 2400 0.85840734641020688 1.3646614551544189 59 0 1.131 1
 13 1 520 3 1 4 20 2000 -3.1415926535897931 1.4494764804840088 53 1 1.052 0.89999999999999991
 14 1 479 1.6000000000000001 2 4 20 2400 -2.1415926535897931 2.0961356163024902 53 1 1.097 0.79999999999999993
 15 1 366 1.2 2 4 16 2200 0.85840734641020688 1.8371734619140625 53 1 1.151 0.79999999999999993
 16 1 272 0.80000000000000004 2 4 16 2200 0.85840734641020688 1.9929375648498535 53 1 0.83499999999999996 1
 17 1 217 0.80000000000000004 1 4 16 2000 1.8584073464102069 1.654144287109375 53 1 0.99099999999999999 1
 18 1 544 3 2 3 20 2000 1.8584073464102069 1.3398957252502441 59 0 1.0229999999999999 0.69999999999999996
 19 1 467 1.6000000000000001 2 4 16 2400 0.85840734641020688 1.7051749229431152 53 1 1.0680000000000001 0.89999999999999991
 20 1 341 1.2 2 3 16 2200 -1.1415926535897931 1.3568496704101562 59 0 1.0700000000000001 0.69999999999999996
 21 1 448 1.6000000000000001 2 3 20 2000 -0.14159265358979312 1.417637825012207 59 0 1.151 0.89999999999999991
 22 1 404 1.6000000000000001 1 3 20 2200 1.8584073464102069 1.1469106674194336 59 0 0.91600000000000004 1
 23 1 384 1.2 2 4 20 2400 -0.14159265358979312 1.088160514831543 53 1 1.016 0.89999999999999991
 24 1 146 0.40000000000000002 2 3 16 2000 1.8584073464102069 1.095205545425415 59 0 1.1679999999999999 0.89999999999999991
 25 1 22 0 1 3 20 2400 -1.1415926535897931 1.1293168067932129 59 0 0.95399999999999996 0.69999999999999996
 26 1 571 3 2 4 20 2200 0.85840734641020688 1.2481818199157715 53 1 1.0169999999999999 1
 27 1 392 1.6000000000000001 1 3 16 2200 -0.14159265358979312 1.4243612289428711 59 0 1.0620000000000001 1
 28 1 510 3 1 4 16 2200 1.8584073464102069 1.0583317279815674 53 1 1.0549999999999999 0.69999999999999996
 29 1 359 1.2 2 3 20 2400 2.8584073464102069 1.1081032752990723 59 0 0.85499999999999998 0.79999999999999993
 30 1 332 1.2 1 4 20 2200 -2.1415926535897931 1.2978665828704834 53 1 1.028 0.69999999999999996
 31 1 103 0.40000000000000002 1 3 16 2200 -2.1415926535897931 1.3194277286529541 59 0 0.82199999999999995 0.79999999999999993
 32 1 259 0.80000000000000004 2 3 20 2200 -0.14159265358979312 1.2366635799407959 59 0 0.95899999999999996 1
 33 1 78 0 2 4 16 2200 1.8584073464102069 1.0047907829284668 53 1 0.84099999999999997 0.79999999999999993
 34 1 475 1.6000000000000001 2 4 20 2200 -2.1415926535897931 1.0431511402130127 53 1 1.1839999999999999 0.79999999999999993
 35 1 254 0.80000000000000004 2 3 20 2000 -1.1415926535897931 1.0556507110595703 59 0 1.1819999999999999 0.89999999999999991
 36 1 263 0.80000000000000004 2 3 20 2400 2.8584073464102069 1.256450891494751 59 0 0.95699999999999996 0.89999999999999991
 37 1 16 0 1 3 20 2000 -3.1415926535897931 1.374708890914917 59 0 1.171 0.79999999999999993
 38 1 408 1.6000000000000001 1 3 20 2400 0.85840734641020688 1.4278736114501953 59 0 1.1499999999999999 0.79999999999999993
 39 1 38 0 1 4 20 2000 0.85840734641020688 1.1217367649078369 53 1 1.137 0.79999999999999993
 40 1 105 0.40000000000000002 1 3 16 2400 2.8584073464102069 1.1493709087371826 59 0 1.087 0.69999999999999996
 41 1 19 0 1 3 20 2200 -0.14159265358979312 1.1816561222076416 59 0 0.89900000000000002 0.89999999999999991
 42 1 553 3 2 4 16 2000 -2.1415926535897931 1.2646849155426025 53 1 1.1890000000000001 1
 43 1 13 0 1 3 20 2000 -2.1415926535897931 1.0608072280883789 59 0 0.92300000000000004 1
 44 1 492 3 1 3 16 2400 -3.1415926535897931 1.124847412109375 59 0 0.995 0.69999999999999996
 45 1 345 1.2 2 3 16 2400 0.85840734641020688 1.1645936965942383 59 0 0.872 0.89999999999999991
 46 1 98 0.40000000000000002 1 3 16 2000 -0.14159265358979312 1.0992074012756348 59 0 1.069 0.79999999999999993
 47 1 425 1.6000000000000001 1 4 20 2200 -2.1415926535897931 0.86110568046569824 53 1 1.0009999999999999 0.69999999999999996
 48 1 360 1.2 2 3 20 2400 -0.14159265358979312 0.97211909294128418 59 0 0.83599999999999997 0.89999999999999991


# name: resolution
# type: matrix
# rows: 1
# columns: 2
 1366 768


# name: hz
# type: scalar
60


# name: pc
# type: sq_string
# elements: 1
# length: 21
gregor-Latitude-E6320


# name: experiment
# type: sq_string
# elements: 1
# length: 4
RFPb


# name: isOctave
# type: bool
1




