# Created by Octave 5.2.0, Thu Mar 31 20:38:48 2022 CEST <student@gregor-Latitude-E6320>
# name: RFP
# type: scalar struct
# ndims: 2
 1 1
# length: 10
# name: vp
# type: sq_string
# elements: 1
# length: 3
V13


# name: mapping
# type: scalar
1


# name: date
# type: sq_string
# elements: 1
# length: 15
20220331T203657


# name: block
# type: scalar
2


# name: outmat
# type: matrix
# rows: 48
# columns: 14
 1 2 231 0.80000000000000004 1 4 20 2000 0.85840734641020688 1.304161548614502 53 1 1.1020000000000001 0.79999999999999993
 2 2 79 0 2 4 16 2200 -2.1415926535897931 1.1204402446746826 53 1 1.155 1
 3 2 26 0 1 4 16 2000 -2.1415926535897931 1.1733601093292236 53 1 0.98699999999999999 0.79999999999999993
 4 2 113 0.40000000000000002 1 3 20 2200 1.8584073464102069 1.1126587390899658 59 0 0.97299999999999998 0.69999999999999996
 5 2 304 1.2 1 3 20 2000 0.85840734641020688 1.007526159286499 59 0 1.0529999999999999 0.79999999999999993
 6 2 205 0.80000000000000004 1 3 20 2000 -0.14159265358979312 1.1073994636535645 59 0 0.83499999999999996 0.89999999999999991
 7 2 434 1.6000000000000001 2 3 16 2000 -3.1415926535897931 1.1849541664123535 59 0 1.151 0.79999999999999993
 8 2 90 0 2 4 20 2200 -2.1415926535897931 1.0098886489868164 53 1 0.90000000000000002 0.79999999999999993
 9 2 81 0 2 4 16 2400 -2.1415926535897931 1.1892325878143311 53 1 0.80900000000000005 0.89999999999999991
 10 2 182 0.40000000000000002 2 4 20 2000 -3.1415926535897931 1.2170286178588867 53 1 0.88400000000000001 0.79999999999999993
 11 2 35 0 1 4 16 2400 2.8584073464102069 1.0557794570922852 53 1 0.88100000000000001 0.89999999999999991
 12 2 206 0.80000000000000004 1 3 20 2000 -3.1415926535897931 1.0609922409057617 59 0 0.98999999999999999 0.79999999999999993
 13 2 499 3 1 3 20 2200 -3.1415926535897931 1.0685617923736572 59 0 1.145 0.79999999999999993
 14 2 411 1.6000000000000001 1 4 16 2000 -0.14159265358979312 1.018749475479126 53 1 0.92500000000000004 0.89999999999999991
 15 2 311 1.2 1 3 20 2400 -0.14159265358979312 1.0965950489044189 59 0 0.82799999999999996 1
 16 2 244 0.80000000000000004 2 3 16 2000 -3.1415926535897931 1.053464412689209 59 0 0.84599999999999997 0.69999999999999996
 17 2 178 0.40000000000000002 2 4 16 2400 2.8584073464102069 1.4381463527679443 53 1 0.90400000000000003 0.69999999999999996
 18 2 122 0.40000000000000002 1 4 16 2000 -2.1415926535897931 1.5825042724609375 53 1 0.86299999999999999 1
 19 2 132 0.40000000000000002 1 4 16 2400 -1.1415926535897931 1.2304277420043945 53 1 0.89000000000000001 0.69999999999999996
 20 2 168 0.40000000000000002 2 3 20 2400 -1.1415926535897931 1.4096651077270508 59 0 0.97099999999999997 1
 21 2 321 1.2 1 4 16 2400 0.85840734641020688 1.6595695018768311 53 1 1.0429999999999999 0.79999999999999993
 22 2 3 0 1 3 16 2000 -0.14159265358979312 1.8906574249267578 59 0 1.0149999999999999 0.69999999999999996
 23 2 64 0 2 3 20 2000 1.8584073464102069 1.4858658313751221 59 0 0.84199999999999997 0.79999999999999993
 24 2 550 3 2 3 20 2400 2.8584073464102069 1.2605657577514648 59 0 1.0920000000000001 0.89999999999999991
 25 2 576 3 2 4 20 2400 -2.1415926535897931 1.0186364650726318 53 1 1.038 0.89999999999999991
 26 2 318 1.2 1 4 16 2200 2.8584073464102069 1.0862388610839844 53 1 1.081 0.69999999999999996
 27 2 402 1.6000000000000001 1 3 20 2200 2.8584073464102069 0.85885047912597656 59 0 0.91100000000000003 1
 28 2 229 0.80000000000000004 1 4 20 2000 -2.1415926535897931 0.90219950675964355 53 1 0.94299999999999995 0.79999999999999993
 29 2 174 0.40000000000000002 2 4 16 2200 -2.1415926535897931 1.2391796112060547 53 1 0.94099999999999995 1
 30 2 169 0.40000000000000002 2 4 16 2000 -0.14159265358979312 1.3027968406677246 53 1 0.91900000000000004 1
 31 2 110 0.40000000000000002 1 3 20 2000 1.8584073464102069 1.1150109767913818 59 0 0.85199999999999998 0.79999999999999993
 32 2 450 1.6000000000000001 2 3 20 2200 -1.1415926535897931 1.0082828998565674 59 0 0.85399999999999998 0.89999999999999991
 33 2 415 1.6000000000000001 1 4 16 2200 1.8584073464102069 1.1105248928070068 53 1 0.91900000000000004 0.79999999999999993
 34 2 20 0 1 3 20 2200 0.85840734641020688 1.0772943496704102 59 0 0.80600000000000005 0.69999999999999996
 35 2 41 0 1 4 20 2200 -3.1415926535897931 1.1817107200622559 53 1 1.1990000000000001 1
 36 2 540 3 2 3 16 2400 -1.1415926535897931 0.96631383895874023 59 0 0.95799999999999996 0.69999999999999996
 37 2 548 3 2 3 20 2200 2.8584073464102069 1.0418965816497803 59 0 0.94599999999999995 0.89999999999999991
 38 2 262 0.80000000000000004 2 3 20 2400 -3.1415926535897931 1.0178189277648926 59 0 1.0600000000000001 0.69999999999999996
 39 2 383 1.2 2 4 20 2400 -1.1415926535897931 0.99313068389892578 53 1 1.1679999999999999 0.89999999999999991
 40 2 506 3 1 4 16 2000 0.85840734641020688 1.4306998252868652 53 1 0.97099999999999997 1
 41 2 99 0.40000000000000002 1 3 16 2000 0.85840734641020688 2.9942684173583984 59 0 1.002 1
 42 2 426 1.6000000000000001 1 4 20 2200 1.8584073464102069 1.1844394207000732 53 1 1.048 0.79999999999999993
 43 2 108 0.40000000000000002 1 3 16 2400 0.85840734641020688 3.8270053863525391 59 0 1.0229999999999999 0.89999999999999991
 44 2 500 3 1 3 20 2200 -3.1415926535897931 1.3861920833587646 59 0 0.80000000000000004 1
 45 2 489 3 1 3 16 2400 -0.14159265358979312 1.1228864192962646 59 0 1 0.89999999999999991
 46 2 432 1.6000000000000001 1 4 20 2400 -2.1415926535897931 1.0466313362121582 53 1 1.113 0.69999999999999996
 47 2 302 1.2 1 3 20 2000 -0.14159265358979312 1.6915168762207031 59 0 1.1220000000000001 0.69999999999999996
 48 2 161 0.40000000000000002 2 3 20 2200 1.8584073464102069 1.6291930675506592 59 0 1.0840000000000001 0.89999999999999991


# name: resolution
# type: matrix
# rows: 1
# columns: 2
 1366 768


# name: hz
# type: scalar
60


# name: pc
# type: sq_string
# elements: 1
# length: 21
gregor-Latitude-E6320


# name: experiment
# type: sq_string
# elements: 1
# length: 4
RFPb


# name: isOctave
# type: bool
1




