# Created by Octave 5.2.0, Sat Apr 02 15:08:10 2022 CEST <student@gregor-Latitude-E6320>
# name: RFP
# type: scalar struct
# ndims: 2
 1 1
# length: 10
# name: vp
# type: sq_string
# elements: 1
# length: 3
V14


# name: mapping
# type: scalar
1


# name: date
# type: sq_string
# elements: 1
# length: 15
20220402T150628


# name: block
# type: scalar
9


# name: outmat
# type: matrix
# rows: 48
# columns: 14
 1 9 558 3 2 4 16 2200 2.8584073464102069 0.82224321365356445 59 0 0.81699999999999995 0.79999999999999993
 2 9 145 0.40000000000000002 2 3 16 2000 -2.1415926535897931 1.0004780292510986 53 1 1.016 0.69999999999999996
 3 9 5 0 1 3 16 2200 -2.1415926535897931 1.0242905616760254 53 1 1.1299999999999999 0.89999999999999991
 4 9 95 0 2 4 20 2400 -1.1415926535897931 0.94613242149353027 53 1 0.96699999999999997 0.79999999999999993
 5 9 274 0.80000000000000004 2 4 16 2400 1.8584073464102069 1.2112381458282471 59 0 0.85699999999999998 1
 6 9 530 3 2 3 16 2000 -1.1415926535897931 0.98563742637634277 59 0 1.1419999999999999 1
 7 9 406 1.6000000000000001 1 3 20 2400 -0.14159265358979312 0.99415349960327148 59 0 1.024 0.79999999999999993
 8 9 231 0.80000000000000004 1 4 20 2000 2.8584073464102069 0.92859911918640137 59 0 1.0580000000000001 0.79999999999999993
 9 9 415 1.6000000000000001 1 4 16 2200 -2.1415926535897931 1.0168294906616211 59 0 1.1899999999999999 0.69999999999999996
 10 9 418 1.6000000000000001 1 4 16 2400 1.8584073464102069 0.96909713745117188 59 0 1.1759999999999999 1
 11 9 88 0 2 4 20 2000 -2.1415926535897931 1.0414454936981201 53 1 1.1719999999999999 0.69999999999999996
 12 9 324 1.2 1 4 16 2400 2.8584073464102069 1.4284138679504395 59 0 0.93600000000000005 0.79999999999999993
 13 9 396 1.6000000000000001 1 3 16 2400 2.8584073464102069 1.1139423847198486 59 0 0.88200000000000001 0.69999999999999996
 14 9 139 0.40000000000000002 1 4 20 2200 -0.14159265358979312 1.6671028137207031 53 1 0.97499999999999998 1
 15 9 69 0 2 3 20 2400 2.8584073464102069 1.2001411914825439 53 1 0.81799999999999995 0.69999999999999996
 16 9 443 1.6000000000000001 2 3 16 2400 0.85840734641020688 1.0057430267333984 59 0 0.88300000000000001 1
 17 9 140 0.40000000000000002 1 4 20 2200 0.85840734641020688 1.1629848480224609 59 0 0.97399999999999998 0.69999999999999996
 18 9 566 3 2 4 20 2000 1.8584073464102069 0.92135715484619141 59 0 0.93000000000000005 0.79999999999999993
 19 9 545 3 2 3 20 2200 -2.1415926535897931 0.96251177787780762 59 0 1.179 0.89999999999999991
 20 9 298 1.2 1 3 16 2400 -0.14159265358979312 0.96500539779663086 59 0 1.0940000000000001 0.89999999999999991
 21 9 185 0.40000000000000002 2 4 20 2200 1.8584073464102069 1.0406005382537842 59 0 1.167 0.69999999999999996
 22 9 210 0.80000000000000004 1 3 20 2200 -3.1415926535897931 1.0165174007415771 59 0 0.85999999999999999 1
 23 9 498 3 1 3 20 2200 -3.1415926535897931 0.97442030906677246 59 0 0.93300000000000005 0.69999999999999996
 24 9 451 1.6000000000000001 2 3 20 2200 -2.1415926535897931 0.92919015884399414 59 0 1.028 1
 25 9 425 1.6000000000000001 1 4 20 2200 -2.1415926535897931 0.89084839820861816 59 0 1.073 0.89999999999999991
 26 9 29 0 1 4 16 2200 -2.1415926535897931 1.0565185546875 53 1 0.80100000000000005 0.79999999999999993
 27 9 104 0.40000000000000002 1 3 16 2200 -3.1415926535897931 1.0378003120422363 53 1 0.88800000000000001 0.89999999999999991
 28 9 78 0 2 4 16 2200 1.8584073464102069 1.0563218593597412 53 1 1.095 0.69999999999999996
 29 9 15 0 1 3 20 2000 2.8584073464102069 1.0592429637908936 53 1 0.89500000000000002 0.89999999999999991
 30 9 100 0.40000000000000002 1 3 16 2000 -2.1415926535897931 0.96089386940002441 53 1 1.0589999999999999 0.89999999999999991
 31 9 47 0 1 4 20 2400 0.85840734641020688 1.0068633556365967 53 1 0.92000000000000004 0.79999999999999993
 32 9 248 0.80000000000000004 2 3 16 2200 -0.14159265358979312 1.7781493663787842 59 0 1.022 0.89999999999999991
 33 9 504 3 1 3 20 2400 -0.14159265358979312 0.95142197608947754 59 0 0.98799999999999999 0.89999999999999991
 34 9 478 1.6000000000000001 2 4 20 2400 -2.1415926535897931 0.95029163360595703 59 0 1.157 0.79999999999999993
 35 9 541 3 2 3 20 2000 2.8584073464102069 0.92654275894165039 59 0 0.96999999999999997 0.79999999999999993
 36 9 518 3 1 4 20 2000 2.8584073464102069 0.89833807945251465 59 0 1.157 1
 37 9 524 3 1 4 20 2200 0.85840734641020688 1.0013720989227295 59 0 1.046 1
 38 9 26 0 1 4 16 2000 -2.1415926535897931 1.0354530811309814 53 1 1.0780000000000001 0.89999999999999991
 39 9 243 0.80000000000000004 2 3 16 2000 -3.1415926535897931 1.7530839443206787 53 1 0.95599999999999996 1
 40 9 249 0.80000000000000004 2 3 16 2400 -1.1415926535897931 1.2004456520080566 59 0 0.99299999999999999 0.69999999999999996
 41 9 181 0.40000000000000002 2 4 20 2000 2.8584073464102069 1.264164924621582 53 1 1.1759999999999999 0.79999999999999993
 42 9 449 1.6000000000000001 2 3 20 2200 0.85840734641020688 1.0380964279174805 59 0 1.01 0.79999999999999993
 43 9 435 1.6000000000000001 2 3 16 2000 2.8584073464102069 1.0509963035583496 59 0 0.89900000000000002 0.89999999999999991
 44 9 271 0.80000000000000004 2 4 16 2200 -2.1415926535897931 1.5162725448608398 59 0 1.046 0.69999999999999996
 45 9 307 1.2 1 3 20 2200 0.85840734641020688 1.0521543025970459 59 0 1.091 0.89999999999999991
 46 9 116 0.40000000000000002 1 3 20 2200 -1.1415926535897931 1.2563674449920654 59 0 0.96399999999999997 0.69999999999999996
 47 9 115 0.40000000000000002 1 3 20 2200 -0.14159265358979312 1.7052071094512939 59 0 0.91300000000000003 1
 48 9 419 1.6000000000000001 1 4 16 2400 2.8584073464102069 1.0215520858764648 59 0 0.84999999999999998 0.79999999999999993


# name: resolution
# type: matrix
# rows: 1
# columns: 2
 1366 768


# name: hz
# type: scalar
60


# name: pc
# type: sq_string
# elements: 1
# length: 21
gregor-Latitude-E6320


# name: experiment
# type: sq_string
# elements: 1
# length: 4
RFPb


# name: isOctave
# type: bool
1




