# Created by Octave 5.2.0, Sat Apr 02 15:06:11 2022 CEST <student@gregor-Latitude-E6320>
# name: RFP
# type: scalar struct
# ndims: 2
 1 1
# length: 10
# name: vp
# type: sq_string
# elements: 1
# length: 3
V14


# name: mapping
# type: scalar
1


# name: date
# type: sq_string
# elements: 1
# length: 15
20220402T150419


# name: block
# type: scalar
8


# name: outmat
# type: matrix
# rows: 48
# columns: 14
 1 8 163 0.40000000000000002 2 3 20 2200 -2.1415926535897931 1.0552420616149902 59 0 0.90900000000000003 1
 2 8 486 3 1 3 16 2200 2.8584073464102069 0.8407597541809082 59 0 0.80300000000000005 0.79999999999999993
 3 8 179 0.40000000000000002 2 4 16 2400 0.85840734641020688 0.99048542976379395 53 1 0.97499999999999998 0.89999999999999991
 4 8 51 0 2 3 16 2000 -1.1415926535897931 1.0257794857025146 53 1 0.85199999999999998 0.79999999999999993
 5 8 218 0.80000000000000004 1 4 16 2000 -0.14159265358979312 1.014979362487793 59 0 0.95899999999999996 0.79999999999999993
 6 8 9 0 1 3 16 2400 -1.1415926535897931 1.0190432071685791 53 1 1.1319999999999999 0.89999999999999991
 7 8 135 0.40000000000000002 1 4 20 2000 -0.14159265358979312 1.332667350769043 53 1 0.85199999999999998 0.79999999999999993
 8 8 436 1.6000000000000001 2 3 16 2000 0.85840734641020688 1.0511312484741211 59 0 1.145 1
 9 8 359 1.2 2 3 20 2400 0.85840734641020688 0.99365448951721191 59 0 0.98399999999999999 0.79999999999999993
 10 8 123 0.40000000000000002 1 4 16 2000 -3.1415926535897931 1.0122475624084473 53 1 1.0649999999999999 1
 11 8 487 3 1 3 16 2200 2.8584073464102069 0.94107890129089355 59 0 0.98599999999999999 0.79999999999999993
 12 8 39 0 1 4 20 2000 2.8584073464102069 1.7317984104156494 53 1 1.1839999999999999 0.89999999999999991
 13 8 119 0.40000000000000002 1 3 20 2400 2.8584073464102069 1.842660665512085 53 1 0.80800000000000005 0.69999999999999996
 14 8 174 0.40000000000000002 2 4 16 2200 -1.1415926535897931 5.8486955165863037 53 1 0.82499999999999996 0.79999999999999993
 15 8 65 0 2 3 20 2200 -1.1415926535897931 1.0326571464538574 53 1 1.097 1
 16 8 53 0 2 3 16 2200 -2.1415926535897931 0.9919123649597168 53 1 1.1020000000000001 0.69999999999999996
 17 8 508 3 1 4 16 2000 0.85840734641020688 3.9438812732696533 59 0 0.99399999999999999 0.69999999999999996
 18 8 448 1.6000000000000001 2 3 20 2000 -0.14159265358979312 1.1698489189147949 59 0 1.194 0.79999999999999993
 19 8 540 3 2 3 16 2400 -3.1415926535897931 1.1366572380065918 59 0 0.96699999999999997 1
 20 8 575 3 2 4 20 2400 2.8584073464102069 1.0397815704345703 59 0 0.93700000000000006 0.89999999999999991
 21 8 352 1.2 2 3 20 2000 2.8584073464102069 0.97678422927856445 59 0 1.1899999999999999 0.89999999999999991
 22 8 21 0 1 3 20 2400 -2.1415926535897931 1.3436126708984375 53 1 1.121 0.79999999999999993
 23 8 521 3 1 4 20 2200 0.85840734641020688 1.0196635723114014 59 0 0.92500000000000004 0.89999999999999991
 24 8 18 0 1 3 20 2200 -2.1415926535897931 1.1516542434692383 53 1 1.0329999999999999 1
 25 8 290 1.2 1 3 16 2000 1.8584073464102069 1.0404930114746094 59 0 0.95399999999999996 0.89999999999999991
 26 8 277 0.80000000000000004 2 4 20 2000 0.85840734641020688 1.5939176082611084 59 0 0.98099999999999998 1
 27 8 405 1.6000000000000001 1 3 20 2400 -2.1415926535897931 1.0030086040496826 59 0 1.03 0.89999999999999991
 28 8 473 1.6000000000000001 2 4 20 2200 2.8584073464102069 0.99147439002990723 59 0 0.91500000000000004 0.79999999999999993
 29 8 71 0 2 3 20 2400 -0.14159265358979312 1.0327253341674805 53 1 1.1519999999999999 0.89999999999999991
 30 8 155 0.40000000000000002 2 3 16 2400 1.8584073464102069 1.0517301559448242 53 1 1.165 0.79999999999999993
 31 8 441 1.6000000000000001 2 3 16 2400 -1.1415926535897931 1.07757568359375 59 0 0.88400000000000001 0.79999999999999993
 32 8 10 0 1 3 16 2400 -1.1415926535897931 1.0621955394744873 53 1 0.998 1
 33 8 80 0 2 4 16 2200 -0.14159265358979312 1.1075179576873779 53 1 1.1499999999999999 1
 34 8 73 0 2 4 16 2000 -1.1415926535897931 0.96417856216430664 53 1 0.96799999999999997 0.89999999999999991
 35 8 252 0.80000000000000004 2 3 16 2400 -2.1415926535897931 1.0312235355377197 59 0 1.1240000000000001 0.89999999999999991
 36 8 339 1.2 2 3 16 2000 0.85840734641020688 0.96421122550964355 59 0 0.871 0.89999999999999991
 37 8 423 1.6000000000000001 1 4 20 2000 -2.1415926535897931 3.1064155101776123 59 0 0.86199999999999999 1
 38 8 338 1.2 2 3 16 2000 -1.1415926535897931 1.083336353302002 59 0 0.93200000000000005 0.69999999999999996
 39 8 207 0.80000000000000004 1 3 20 2000 0.85840734641020688 1.0580034255981445 59 0 1.125 0.89999999999999991
 40 8 550 3 2 3 20 2400 2.8584073464102069 1.0064432621002197 59 0 0.91100000000000003 0.89999999999999991
 41 8 377 1.2 2 4 20 2200 -1.1415926535897931 0.98070120811462402 59 0 0.91600000000000004 0.89999999999999991
 42 8 67 0 2 3 20 2200 -3.1415926535897931 1.0117008686065674 53 1 1.1779999999999999 0.89999999999999991
 43 8 402 1.6000000000000001 1 3 20 2200 -3.1415926535897931 0.99038004875183105 59 0 1.091 0.79999999999999993
 44 8 520 3 1 4 20 2000 0.85840734641020688 0.98872089385986328 59 0 0.99199999999999999 1
 45 8 528 3 1 4 20 2400 2.8584073464102069 0.95644664764404297 59 0 1.056 0.79999999999999993
 46 8 291 1.2 1 3 16 2000 -1.1415926535897931 0.95100736618041992 59 0 0.85299999999999998 0.69999999999999996
 47 8 235 0.80000000000000004 1 4 20 2200 -0.14159265358979312 0.90122556686401367 59 0 0.996 0.69999999999999996
 48 8 354 1.2 2 3 20 2200 2.8584073464102069 0.93211841583251953 59 0 0.99299999999999999 0.69999999999999996


# name: resolution
# type: matrix
# rows: 1
# columns: 2
 1366 768


# name: hz
# type: scalar
60


# name: pc
# type: sq_string
# elements: 1
# length: 21
gregor-Latitude-E6320


# name: experiment
# type: sq_string
# elements: 1
# length: 4
RFPb


# name: isOctave
# type: bool
1




