# Created by Octave 5.2.0, Sat Apr 02 14:58:43 2022 CEST <student@gregor-Latitude-E6320>
# name: RFP
# type: scalar struct
# ndims: 2
 1 1
# length: 10
# name: vp
# type: sq_string
# elements: 1
# length: 3
V14


# name: mapping
# type: scalar
1


# name: date
# type: sq_string
# elements: 1
# length: 15
20220402T145654


# name: block
# type: scalar
4


# name: outmat
# type: matrix
# rows: 48
# columns: 14
 1 4 313 1.2 1 4 16 2000 2.8584073464102069 2.0276548862457275 59 0 1.1910000000000001 0.79999999999999993
 2 4 132 0.40000000000000002 1 4 16 2400 -0.14159265358979312 1.0758535861968994 53 1 1.121 0.79999999999999993
 3 4 97 0.40000000000000002 1 3 16 2000 -0.14159265358979312 1.0403730869293213 53 1 0.84199999999999997 1
 4 4 496 3 1 3 20 2000 -2.1415926535897931 1.0416576862335205 59 0 0.92200000000000004 0.79999999999999993
 5 4 201 0.80000000000000004 1 3 16 2400 0.85840734641020688 1.0697896480560303 59 0 0.99199999999999999 0.79999999999999993
 6 4 383 1.2 2 4 20 2400 1.8584073464102069 1.0279943943023682 59 0 1.1699999999999999 0.79999999999999993
 7 4 355 1.2 2 3 20 2200 2.8584073464102069 1.0230989456176758 59 0 0.92500000000000004 0.69999999999999996
 8 4 91 0 2 4 20 2200 2.8584073464102069 2.1274375915527344 53 1 0.82199999999999995 0.89999999999999991
 9 4 325 1.2 1 4 20 2000 -3.1415926535897931 1.4531693458557129 59 0 1.1040000000000001 1
 10 4 253 0.80000000000000004 2 3 20 2000 2.8584073464102069 1.022050142288208 59 0 0.84899999999999998 0.79999999999999993
 11 4 44 0 1 4 20 2200 -2.1415926535897931 1.0303068161010742 53 1 1.1120000000000001 0.89999999999999991
 12 4 459 1.6000000000000001 2 4 16 2000 -0.14159265358979312 1.2466206550598145 59 0 0.89300000000000002 0.79999999999999993
 13 4 474 1.6000000000000001 2 4 20 2200 -1.1415926535897931 1.0674693584442139 59 0 0.995 0.89999999999999991
 14 4 562 3 2 4 16 2400 0.85840734641020688 1.0459723472595215 59 0 0.98999999999999999 0.79999999999999993
 15 4 172 0.40000000000000002 2 4 16 2000 -0.14159265358979312 1.5776848793029785 53 1 1.028 0.89999999999999991
 16 4 150 0.40000000000000002 2 3 16 2200 -0.14159265358979312 1.8332576751708984 53 1 1.1579999999999999 0.79999999999999993
 17 4 532 3 2 3 16 2000 -2.1415926535897931 1.0897743701934814 59 0 0.85599999999999998 0.89999999999999991
 18 4 510 3 1 4 16 2200 2.8584073464102069 1.0053105354309082 59 0 0.80200000000000005 0.89999999999999991
 19 4 364 1.2 2 4 16 2000 -1.1415926535897931 1.345073938369751 59 0 1.03 0.79999999999999993
 20 4 424 1.6000000000000001 1 4 20 2000 0.85840734641020688 1.1164090633392334 59 0 0.91200000000000003 1
 21 4 397 1.6000000000000001 1 3 20 2000 -0.14159265358979312 0.9997560977935791 59 0 1.135 0.79999999999999993
 22 4 126 0.40000000000000002 1 4 16 2200 -2.1415926535897931 1.1009385585784912 53 1 0.80700000000000005 0.69999999999999996
 23 4 192 0.40000000000000002 2 4 20 2400 1.8584073464102069 1.9298081398010254 59 0 1.125 0.89999999999999991
 24 4 394 1.6000000000000001 1 3 16 2400 -0.14159265358979312 1.1577813625335693 59 0 0.83899999999999997 1
 25 4 362 1.2 2 4 16 2000 -1.1415926535897931 1.4124083518981934 59 0 0.86499999999999999 0.69999999999999996
 26 4 554 3 2 4 16 2000 0.85840734641020688 1.0252480506896973 59 0 1.0680000000000001 0.69999999999999996
 27 4 560 3 2 4 16 2200 1.8584073464102069 1.021277904510498 59 0 0.91700000000000004 0.79999999999999993
 28 4 409 1.6000000000000001 1 4 16 2000 0.85840734641020688 1.063723087310791 59 0 0.98299999999999998 0.69999999999999996
 29 4 281 0.80000000000000004 2 4 20 2200 -2.1415926535897931 1.0096254348754883 59 0 0.82999999999999996 0.79999999999999993
 30 4 373 1.2 2 4 20 2000 -0.14159265358979312 1.0219993591308594 59 0 0.876 0.79999999999999993
 31 4 20 0 1 3 20 2200 2.8584073464102069 1.0476884841918945 59 0 0.88200000000000001 0.69999999999999996
 32 4 269 0.80000000000000004 2 4 16 2200 -3.1415926535897931 1.4902169704437256 59 0 1.0629999999999999 0.79999999999999993
 33 4 176 0.40000000000000002 2 4 16 2200 -0.14159265358979312 3.9673769474029541 53 1 1.153 0.69999999999999996
 34 4 439 1.6000000000000001 2 3 16 2200 2.8584073464102069 1.0540132522583008 59 0 1.1899999999999999 0.89999999999999991
 35 4 120 0.40000000000000002 1 3 20 2400 -1.1415926535897931 1.0506112575531006 59 0 1.073 0.69999999999999996
 36 4 227 0.80000000000000004 1 4 16 2400 -2.1415926535897931 1.43033766746521 59 0 0.999 0.89999999999999991
 37 4 202 0.80000000000000004 1 3 16 2400 0.85840734641020688 1.3038499355316162 59 0 1.157 0.69999999999999996
 38 4 551 3 2 3 20 2400 -2.1415926535897931 1.0942525863647461 59 0 1.1240000000000001 0.89999999999999991
 39 4 537 3 2 3 16 2400 1.8584073464102069 1.1045246124267578 59 0 1.0589999999999999 0.89999999999999991
 40 4 154 0.40000000000000002 2 3 16 2400 1.8584073464102069 1.644923210144043 53 1 0.97199999999999998 0.89999999999999991
 41 4 429 1.6000000000000001 1 4 20 2400 2.8584073464102069 1.0355846881866455 59 0 0.80200000000000005 0.79999999999999993
 42 4 567 3 2 4 20 2000 1.8584073464102069 0.93851470947265625 59 0 1.006 0.69999999999999996
 43 4 4 0 1 3 16 2000 -0.14159265358979312 1.0252754688262939 53 1 1.1719999999999999 0.89999999999999991
 44 4 232 0.80000000000000004 1 4 20 2000 1.8584073464102069 0.97220563888549805 59 0 1.131 0.89999999999999991
 45 4 183 0.40000000000000002 2 4 20 2000 -0.14159265358979312 1.1103522777557373 59 0 0.97199999999999998 0.69999999999999996
 46 4 360 1.2 2 3 20 2400 -3.1415926535897931 0.99284005165100098 59 0 1.0860000000000001 0.79999999999999993
 47 4 301 1.2 1 3 20 2000 -1.1415926535897931 1.0566108226776123 59 0 0.80500000000000005 0.69999999999999996
 48 4 539 3 2 3 16 2400 0.85840734641020688 1.0377042293548584 59 0 0.97199999999999998 0.89999999999999991


# name: resolution
# type: matrix
# rows: 1
# columns: 2
 1366 768


# name: hz
# type: scalar
60


# name: pc
# type: sq_string
# elements: 1
# length: 21
gregor-Latitude-E6320


# name: experiment
# type: sq_string
# elements: 1
# length: 4
RFPb


# name: isOctave
# type: bool
1




