# Created by Octave 5.2.0, Sat Apr 02 15:02:17 2022 CEST <student@gregor-Latitude-E6320>
# name: RFP
# type: scalar struct
# ndims: 2
 1 1
# length: 10
# name: vp
# type: sq_string
# elements: 1
# length: 3
V14


# name: mapping
# type: scalar
1


# name: date
# type: sq_string
# elements: 1
# length: 15
20220402T150035


# name: block
# type: scalar
6


# name: outmat
# type: matrix
# rows: 48
# columns: 14
 1 6 102 0.40000000000000002 1 3 16 2200 -1.1415926535897931 1.6674036979675293 53 1 0.91800000000000004 0.89999999999999991
 2 6 188 0.40000000000000002 2 4 20 2200 0.85840734641020688 0.97332382202148438 59 0 1.0509999999999999 0.89999999999999991
 3 6 225 0.80000000000000004 1 4 16 2400 -1.1415926535897931 1.1991672515869141 59 0 1.2 1
 4 6 497 3 1 3 20 2200 -0.14159265358979312 1.0687973499298096 59 0 0.81499999999999995 1
 5 6 122 0.40000000000000002 1 4 16 2000 -2.1415926535897931 1.0538294315338135 53 1 0.90800000000000003 0.89999999999999991
 6 6 2 0 1 3 16 2000 -1.1415926535897931 1.0559070110321045 53 1 0.94899999999999995 0.89999999999999991
 7 6 531 3 2 3 16 2000 -0.14159265358979312 1.0246915817260742 59 0 0.83699999999999997 0.79999999999999993
 8 6 77 0 2 4 16 2200 0.85840734641020688 1.036487340927124 53 1 0.97599999999999998 0.89999999999999991
 9 6 569 3 2 4 20 2200 -0.14159265358979312 0.99861049652099609 59 0 0.90000000000000002 0.69999999999999996
 10 6 45 0 1 4 20 2400 -3.1415926535897931 1.4480476379394531 53 1 0.996 0.69999999999999996
 11 6 299 1.2 1 3 16 2400 1.8584073464102069 1.2990162372589111 59 0 0.96999999999999997 0.79999999999999993
 12 6 34 0 1 4 16 2400 2.8584073464102069 1.0705564022064209 53 1 0.81899999999999995 1
 13 6 367 1.2 2 4 16 2200 -3.1415926535897931 1.38643479347229 59 0 0.84699999999999998 0.69999999999999996
 14 6 87 0 2 4 20 2000 -3.1415926535897931 1.5231392383575439 53 1 0.997 0.69999999999999996
 15 6 216 0.80000000000000004 1 3 20 2400 0.85840734641020688 1.1163334846496582 59 0 1.1120000000000001 0.89999999999999991
 16 6 182 0.40000000000000002 2 4 20 2000 -1.1415926535897931 1.323040246963501 53 1 1.0289999999999999 1
 17 6 477 1.6000000000000001 2 4 20 2400 -2.1415926535897931 1.0728433132171631 59 0 0.81200000000000006 0.69999999999999996
 18 6 382 1.2 2 4 20 2400 1.8584073464102069 1.0682520866394043 59 0 1.1970000000000001 0.69999999999999996
 19 6 509 3 1 4 16 2200 -0.14159265358979312 1.0514316558837891 59 0 0.90600000000000003 0.69999999999999996
 20 6 60 0 2 3 16 2400 -0.14159265358979312 1.1106321811676025 53 1 1.071 0.69999999999999996
 21 6 463 1.6000000000000001 2 4 16 2200 -0.14159265358979312 0.9868474006652832 59 0 1.159 0.69999999999999996
 22 6 427 1.6000000000000001 1 4 20 2200 -3.1415926535897931 1.0063834190368652 59 0 0.91100000000000003 0.79999999999999993
 23 6 453 1.6000000000000001 2 3 20 2400 -0.14159265358979312 1.03995680809021 59 0 0.93700000000000006 0.89999999999999991
 24 6 263 0.80000000000000004 2 3 20 2400 0.85840734641020688 1.0548703670501709 53 1 1.1850000000000001 0.79999999999999993
 25 6 13 0 1 3 20 2000 -3.1415926535897931 1.3221132755279541 53 1 1.1719999999999999 0.89999999999999991
 26 6 542 3 2 3 20 2000 2.8584073464102069 1.0725853443145752 59 0 0.80300000000000005 0.89999999999999991
 27 6 57 0 2 3 16 2400 1.8584073464102069 1.0383505821228027 53 1 1.0680000000000001 1
 28 6 217 0.80000000000000004 1 4 16 2000 -1.1415926535897931 1.0682346820831299 59 0 0.92500000000000004 0.69999999999999996
 29 6 105 0.40000000000000002 1 3 16 2400 -2.1415926535897931 1.0578060150146484 53 1 0.83599999999999997 1
 30 6 323 1.2 1 4 16 2400 -3.1415926535897931 0.99694442749023438 53 1 1.0629999999999999 1
 31 6 138 0.40000000000000002 1 4 20 2200 0.85840734641020688 1.0202076435089111 53 1 1.054 1
 32 6 133 0.40000000000000002 1 4 20 2000 0.85840734641020688 1.2148644924163818 53 1 1.1379999999999999 1
 33 6 107 0.40000000000000002 1 3 16 2400 -1.1415926535897931 1.0241961479187012 53 1 1.002 1
 34 6 346 1.2 2 3 16 2400 -3.1415926535897931 1.0808634757995605 59 0 0.90100000000000002 0.69999999999999996
 35 6 224 0.80000000000000004 1 4 16 2200 1.8584073464102069 1.0472877025604248 59 0 0.89900000000000002 0.69999999999999996
 36 6 297 1.2 1 3 16 2400 -2.1415926535897931 1.0269241333007812 59 0 0.81899999999999995 0.79999999999999993
 37 6 330 1.2 1 4 20 2200 1.8584073464102069 1.0463476181030273 59 0 1.1990000000000001 0.79999999999999993
 38 6 221 0.80000000000000004 1 4 16 2200 1.8584073464102069 1.0067932605743408 59 0 1.0129999999999999 1
 39 6 561 3 2 4 16 2400 0.85840734641020688 0.99975085258483887 59 0 1.177 0.89999999999999991
 40 6 31 0 1 4 16 2200 2.8584073464102069 1.0267670154571533 53 1 0.80500000000000005 1
 41 6 374 1.2 2 4 20 2000 -1.1415926535897931 1.0226624011993408 59 0 0.92900000000000005 0.69999999999999996
 42 6 242 0.80000000000000004 2 3 16 2000 -3.1415926535897931 1.2427287101745605 59 0 1.161 0.89999999999999991
 43 6 261 0.80000000000000004 2 3 20 2400 0.85840734641020688 1.063629150390625 59 0 1.127 1
 44 6 490 3 1 3 16 2400 -3.1415926535897931 0.99079370498657227 59 0 0.98999999999999999 1
 45 6 136 0.40000000000000002 1 4 20 2000 -3.1415926535897931 1.0474834442138672 59 0 0.95699999999999996 0.89999999999999991
 46 6 293 1.2 1 3 16 2200 0.85840734641020688 1.1088376045227051 59 0 0.89900000000000002 0.79999999999999993
 47 6 90 0 2 4 20 2200 -2.1415926535897931 1.0511481761932373 53 1 0.81200000000000006 0.69999999999999996
 48 6 238 0.80000000000000004 1 4 20 2400 1.8584073464102069 1.1644716262817383 59 0 1.0629999999999999 0.89999999999999991


# name: resolution
# type: matrix
# rows: 1
# columns: 2
 1366 768


# name: hz
# type: scalar
60


# name: pc
# type: sq_string
# elements: 1
# length: 21
gregor-Latitude-E6320


# name: experiment
# type: sq_string
# elements: 1
# length: 4
RFPb


# name: isOctave
# type: bool
1




