# Created by Octave 5.2.0, Sat Apr 02 14:51:45 2022 CEST <student@gregor-Latitude-E6320>
# name: RFP
# type: scalar struct
# ndims: 2
 1 1
# length: 10
# name: vp
# type: sq_string
# elements: 1
# length: 3
V14


# name: mapping
# type: scalar
1


# name: date
# type: sq_string
# elements: 1
# length: 15
20220402T144849


# name: block
# type: scalar
1


# name: outmat
# type: matrix
# rows: 48
# columns: 14
 1 1 254 0.80000000000000004 2 3 20 2000 -2.1415926535897931 6.2289462089538574 59 0 1.198 0.79999999999999993
 2 1 267 0.80000000000000004 2 4 16 2000 0.85840734641020688 2.1364455223083496 59 0 0.86799999999999999 0.79999999999999993
 3 1 198 0.80000000000000004 1 3 16 2200 0.85840734641020688 5.5926530361175537 53 1 0.83699999999999997 0.89999999999999991
 4 1 49 0 2 3 16 2000 1.8584073464102069 1.6843745708465576 53 1 1.1040000000000001 0.79999999999999993
 5 1 506 3 1 4 16 2000 -0.14159265358979312 1.5508575439453125 59 0 1.0509999999999999 0.79999999999999993
 6 1 76 0 2 4 16 2000 1.8584073464102069 12.551944494247437 59 0 1.006 0.89999999999999991
 7 1 282 0.80000000000000004 2 4 20 2200 -1.1415926535897931 4.7494091987609863 59 0 0.88700000000000001 0.69999999999999996
 8 1 311 1.2 1 3 20 2400 -2.1415926535897931 3.191253662109375 59 0 1.048 1
 9 1 469 1.6000000000000001 2 4 20 2000 2.8584073464102069 1.6034033298492432 59 0 0.92600000000000005 0.79999999999999993
 10 1 398 1.6000000000000001 1 3 20 2000 2.8584073464102069 1.3724884986877441 59 0 1.145 0.79999999999999993
 11 1 555 3 2 4 16 2000 -2.1415926535897931 1.4961905479431152 59 0 1.006 0.79999999999999993
 12 1 503 3 1 3 20 2400 -1.1415926535897931 3.1080384254455566 59 0 1.1359999999999999 1
 13 1 431 1.6000000000000001 1 4 20 2400 1.8584073464102069 1.6895279884338379 59 0 1.1379999999999999 0.69999999999999996
 14 1 317 1.2 1 4 16 2200 -2.1415926535897931 1.9645767211914062 59 0 1.004 1
 15 1 438 1.6000000000000001 2 3 16 2200 -3.1415926535897931 2.2454960346221924 59 0 0.81200000000000006 1
 16 1 246 0.80000000000000004 2 3 16 2200 -2.1415926535897931 21.24879789352417 59 0 1.0249999999999999 0.69999999999999996
 17 1 466 1.6000000000000001 2 4 16 2400 2.8584073464102069 3.8119456768035889 59 0 0.89300000000000002 1
 18 1 525 3 1 4 20 2400 -2.1415926535897931 1.9186315536499023 59 0 0.96899999999999997 1
 19 1 426 1.6000000000000001 1 4 20 2200 -2.1415926535897931 2.0554482936859131 59 0 1.1839999999999999 0.79999999999999993
 20 1 194 0.80000000000000004 1 3 16 2000 -0.14159265358979312 1.9532945156097412 53 1 1.153 0.69999999999999996
 21 1 336 1.2 1 4 20 2400 -2.1415926535897931 1.1368696689605713 59 0 1.1990000000000001 0.79999999999999993
 22 1 42 0 1 4 20 2200 1.8584073464102069 1.4752740859985352 59 0 1.0369999999999999 0.69999999999999996
 23 1 196 0.80000000000000004 1 3 16 2000 -3.1415926535897931 1.1929457187652588 53 1 0.82099999999999995 1
 24 1 495 3 1 3 20 2000 2.8584073464102069 1.1118032932281494 59 0 0.93999999999999995 0.69999999999999996
 25 1 265 0.80000000000000004 2 4 16 2000 -3.1415926535897931 1.614201545715332 53 1 0.88900000000000001 1
 26 1 386 1.6000000000000001 1 3 16 2000 2.8584073464102069 1.2991611957550049 59 0 0.86699999999999999 0.89999999999999991
 27 1 212 0.80000000000000004 1 3 20 2200 2.8584073464102069 1.0186934471130371 59 0 1.181 0.79999999999999993
 28 1 533 3 2 3 16 2200 -1.1415926535897931 1.1726365089416504 59 0 1.1870000000000001 0.79999999999999993
 29 1 568 3 2 4 20 2000 -3.1415926535897931 1.4588034152984619 59 0 1.081 0.79999999999999993
 30 1 515 3 1 4 16 2400 0.85840734641020688 1.658172607421875 59 0 0.89600000000000002 0.89999999999999991
 31 1 206 0.80000000000000004 1 3 20 2000 -2.1415926535897931 1.3932127952575684 59 0 1.036 0.89999999999999991
 32 1 468 1.6000000000000001 2 4 16 2400 -3.1415926535897931 4.5686056613922119 59 0 0.83499999999999996 0.89999999999999991
 33 1 250 0.80000000000000004 2 3 16 2400 -1.1415926535897931 2.5556399822235107 59 0 1.155 0.69999999999999996
 34 1 516 3 1 4 16 2400 2.8584073464102069 1.2950572967529297 59 0 0.86599999999999999 0.79999999999999993
 35 1 363 1.2 2 4 16 2000 -2.1415926535897931 5.3553667068481445 59 0 1.0860000000000001 0.69999999999999996
 36 1 536 3 2 3 16 2200 -3.1415926535897931 1.6139028072357178 59 0 0.95199999999999996 0.79999999999999993
 37 1 559 3 2 4 16 2200 -1.1415926535897931 1.0844728946685791 59 0 1.155 0.89999999999999991
 38 1 312 1.2 1 3 20 2400 1.8584073464102069 1.2562770843505859 59 0 0.94199999999999995 0.79999999999999993
 39 1 83 0 2 4 16 2400 0.85840734641020688 1.0730922222137451 53 1 0.88200000000000001 0.79999999999999993
 40 1 514 3 1 4 16 2400 2.8584073464102069 1.0700361728668213 59 0 1.179 1
 41 1 416 1.6000000000000001 1 4 16 2200 -2.1415926535897931 1.1158812046051025 59 0 0.80900000000000005 0.79999999999999993
 42 1 370 1.2 2 4 16 2400 1.8584073464102069 1.5478031635284424 59 0 0.89100000000000001 0.89999999999999991
 43 1 353 1.2 2 3 20 2200 -2.1415926535897931 1.3410108089447021 59 0 0.99099999999999999 0.89999999999999991
 44 1 255 0.80000000000000004 2 3 20 2000 -2.1415926535897931 1.2839765548706055 59 0 0.95599999999999996 0.89999999999999991
 45 1 350 1.2 2 3 20 2000 -1.1415926535897931 1.0280930995941162 59 0 0.90000000000000002 1
 46 1 576 3 2 4 20 2400 -2.1415926535897931 1.1515927314758301 59 0 0.93000000000000005 0.69999999999999996
 47 1 460 1.6000000000000001 2 4 16 2000 -3.1415926535897931 1.1053535938262939 59 0 1.1339999999999999 0.79999999999999993
 48 1 417 1.6000000000000001 1 4 16 2400 -0.14159265358979312 1.3477640151977539 59 0 1.1479999999999999 0.79999999999999993


# name: resolution
# type: matrix
# rows: 1
# columns: 2
 1366 768


# name: hz
# type: scalar
60


# name: pc
# type: sq_string
# elements: 1
# length: 21
gregor-Latitude-E6320


# name: experiment
# type: sq_string
# elements: 1
# length: 4
RFPb


# name: isOctave
# type: bool
1




