# Created by Octave 5.2.0, Sat Apr 02 15:00:33 2022 CEST <student@gregor-Latitude-E6320>
# name: RFP
# type: scalar struct
# ndims: 2
 1 1
# length: 10
# name: vp
# type: sq_string
# elements: 1
# length: 3
V14


# name: mapping
# type: scalar
1


# name: date
# type: sq_string
# elements: 1
# length: 15
20220402T145849


# name: block
# type: scalar
5


# name: outmat
# type: matrix
# rows: 48
# columns: 14
 1 5 195 0.80000000000000004 1 3 16 2000 1.8584073464102069 1.4820578098297119 59 0 0.97999999999999998 0.79999999999999993
 2 5 357 1.2 2 3 20 2400 -1.1415926535897931 1.0742757320404053 59 0 0.97399999999999998 0.69999999999999996
 3 5 332 1.2 1 4 20 2200 -2.1415926535897931 1.1603469848632812 59 0 0.92500000000000004 0.89999999999999991
 4 5 59 0 2 3 16 2400 -2.1415926535897931 1.0842821598052979 53 1 0.90000000000000002 0.89999999999999991
 5 5 214 0.80000000000000004 1 3 20 2400 2.8584073464102069 0.95793890953063965 59 0 1.1899999999999999 0.89999999999999991
 6 5 403 1.6000000000000001 1 3 20 2200 -2.1415926535897931 0.98531150817871094 59 0 0.85599999999999998 1
 7 5 328 1.2 1 4 20 2000 -2.1415926535897931 1.0223479270935059 59 0 1.0800000000000001 1
 8 5 208 0.80000000000000004 1 3 20 2000 -0.14159265358979312 0.92976951599121094 59 0 0.93799999999999994 0.69999999999999996
 9 5 442 1.6000000000000001 2 3 16 2400 -1.1415926535897931 1.0503249168395996 59 0 0.97399999999999998 0.79999999999999993
 10 5 505 3 1 4 16 2000 0.85840734641020688 1.2446894645690918 59 0 1.133 0.89999999999999991
 11 5 219 0.80000000000000004 1 4 16 2000 -0.14159265358979312 1.1605954170227051 59 0 0.873 0.79999999999999993
 12 5 266 0.80000000000000004 2 4 16 2000 0.85840734641020688 1.0334782600402832 59 0 1.05 0.79999999999999993
 13 5 197 0.80000000000000004 1 3 16 2200 2.8584073464102069 1.3679015636444092 59 0 0.86299999999999999 1
 14 5 215 0.80000000000000004 1 3 20 2400 0.85840734641020688 1.1423876285552979 59 0 0.93300000000000005 0.79999999999999993
 15 5 573 3 2 4 20 2400 0.85840734641020688 0.98671054840087891 59 0 1.056 1
 16 5 213 0.80000000000000004 1 3 20 2400 1.8584073464102069 0.88429641723632812 59 0 1.1160000000000001 0.79999999999999993
 17 5 175 0.40000000000000002 2 4 16 2200 1.8584073464102069 1.0920603275299072 53 1 0.80500000000000005 1
 18 5 475 1.6000000000000001 2 4 20 2200 -3.1415926535897931 1.0594339370727539 59 0 0.94099999999999995 1
 19 5 230 0.80000000000000004 1 4 20 2000 1.8584073464102069 0.98698568344116211 59 0 0.80900000000000005 0.69999999999999996
 20 5 148 0.40000000000000002 2 3 16 2000 -0.14159265358979312 1.1041066646575928 53 1 1.0680000000000001 1
 21 5 381 1.2 2 4 20 2400 0.85840734641020688 1.0352785587310791 59 0 1.1240000000000001 0.79999999999999993
 22 5 310 1.2 1 3 20 2400 0.85840734641020688 1.0264511108398438 59 0 1.095 0.79999999999999993
 23 5 35 0 1 4 16 2400 -2.1415926535897931 1.2877819538116455 53 1 0.92600000000000005 0.89999999999999991
 24 5 485 3 1 3 16 2200 -2.1415926535897931 0.95892095565795898 59 0 1.0429999999999999 0.79999999999999993
 25 5 12 0 1 3 16 2400 1.8584073464102069 1.0267035961151123 53 1 0.88100000000000001 0.69999999999999996
 26 5 251 0.80000000000000004 2 3 16 2400 0.85840734641020688 0.99776268005371094 59 0 0.94599999999999995 0.69999999999999996
 27 5 462 1.6000000000000001 2 4 16 2200 1.8584073464102069 1.2055525779724121 59 0 1.1000000000000001 0.89999999999999991
 28 5 543 3 2 3 20 2000 -1.1415926535897931 1.0350961685180664 59 0 1.03 1
 29 5 99 0.40000000000000002 1 3 16 2000 0.85840734641020688 1.0565280914306641 53 1 1.0529999999999999 0.79999999999999993
 30 5 63 0 2 3 20 2000 -3.1415926535897931 1.0770635604858398 53 1 1.069 1
 31 5 494 3 1 3 20 2000 1.8584073464102069 1.0454702377319336 59 0 1.1739999999999999 0.69999999999999996
 32 5 233 0.80000000000000004 1 4 20 2200 -2.1415926535897931 1.2577402591705322 59 0 0.96699999999999997 0.89999999999999991
 33 5 276 0.80000000000000004 2 4 16 2400 1.8584073464102069 1.4733314514160156 59 0 1.022 0.79999999999999993
 34 5 574 3 2 4 20 2400 0.85840734641020688 1.1523087024688721 59 0 1.046 0.89999999999999991
 35 5 153 0.40000000000000002 2 3 16 2400 -2.1415926535897931 1.100806713104248 53 1 1.117 1
 36 5 86 0 2 4 20 2000 -3.1415926535897931 1.1857187747955322 53 1 1.085 0.69999999999999996
 37 5 476 1.6000000000000001 2 4 20 2200 -2.1415926535897931 1.3663711547851562 59 0 1.101 0.69999999999999996
 38 5 149 0.40000000000000002 2 3 16 2200 -0.14159265358979312 1.5982687473297119 53 1 0.876 1
 39 5 384 1.2 2 4 20 2400 -1.1415926535897931 1.2539558410644531 59 0 1.157 0.89999999999999991
 40 5 408 1.6000000000000001 1 3 20 2400 -3.1415926535897931 1.0673484802246094 59 0 1.016 0.69999999999999996
 41 5 178 0.40000000000000002 2 4 16 2400 2.8584073464102069 1.4517779350280762 53 1 0.87 1
 42 5 501 3 1 3 20 2400 -2.1415926535897931 1.0636649131774902 59 0 1.0369999999999999 1
 43 5 226 0.80000000000000004 1 4 16 2400 -1.1415926535897931 1.4828689098358154 53 1 1.1519999999999999 0.79999999999999993
 44 5 300 1.2 1 3 16 2400 -2.1415926535897931 1.0689437389373779 59 0 0.82599999999999996 1
 45 5 315 1.2 1 4 16 2000 -3.1415926535897931 1.2473230361938477 59 0 1.099 0.79999999999999993
 46 5 211 0.80000000000000004 1 3 20 2200 -1.1415926535897931 1.0463175773620605 59 0 1.1240000000000001 0.89999999999999991
 47 5 492 3 1 3 16 2400 -3.1415926535897931 1.0886714458465576 59 0 0.85499999999999998 0.89999999999999991
 48 5 259 0.80000000000000004 2 3 20 2200 1.8584073464102069 0.97805309295654297 59 0 0.84999999999999998 0.69999999999999996


# name: resolution
# type: matrix
# rows: 1
# columns: 2
 1366 768


# name: hz
# type: scalar
60


# name: pc
# type: sq_string
# elements: 1
# length: 21
gregor-Latitude-E6320


# name: experiment
# type: sq_string
# elements: 1
# length: 4
RFPb


# name: isOctave
# type: bool
1




