# Created by Octave 5.2.0, Sat Apr 02 14:54:32 2022 CEST <student@gregor-Latitude-E6320>
# name: RFP
# type: scalar struct
# ndims: 2
 1 1
# length: 10
# name: vp
# type: sq_string
# elements: 1
# length: 3
V14


# name: mapping
# type: scalar
1


# name: date
# type: sq_string
# elements: 1
# length: 15
20220402T145239


# name: block
# type: scalar
2


# name: outmat
# type: matrix
# rows: 48
# columns: 14
 1 2 445 1.6000000000000001 2 3 20 2000 -1.1415926535897931 2.0556240081787109 59 0 0.89200000000000002 1
 2 2 167 0.40000000000000002 2 3 20 2400 -3.1415926535897931 2.1523597240447998 53 1 0.98299999999999998 0.79999999999999993
 3 2 16 0 1 3 20 2000 -1.1415926535897931 1.2687745094299316 53 1 0.81599999999999995 0.79999999999999993
 4 2 372 1.2 2 4 16 2400 0.85840734641020688 1.1150505542755127 59 0 1.1000000000000001 0.69999999999999996
 5 2 371 1.2 2 4 16 2400 -1.1415926535897931 1.0374493598937988 59 0 0.91600000000000004 1
 6 2 55 0 2 3 16 2200 -0.14159265358979312 0.83752155303955078 53 1 1.0800000000000001 1
 7 2 454 1.6000000000000001 2 3 20 2400 0.85840734641020688 1.2790424823760986 59 0 1.026 0.79999999999999993
 8 2 393 1.6000000000000001 1 3 16 2400 -1.1415926535897931 1.1881468296051025 59 0 0.84399999999999997 0.79999999999999993
 9 2 292 1.2 1 3 16 2000 -3.1415926535897931 1.1543805599212646 59 0 1.1910000000000001 0.69999999999999996
 10 2 356 1.2 2 3 20 2200 -3.1415926535897931 1.1333239078521729 59 0 0.90300000000000002 1
 11 2 432 1.6000000000000001 1 4 20 2400 1.8584073464102069 1.1195340156555176 59 0 0.84099999999999997 0.79999999999999993
 12 2 308 1.2 1 3 20 2200 1.8584073464102069 1.0526666641235352 59 0 1.0269999999999999 0.79999999999999993
 13 2 22 0 1 3 20 2400 -2.1415926535897931 1.3382232189178467 59 0 0.88800000000000001 0.69999999999999996
 14 2 450 1.6000000000000001 2 3 20 2200 0.85840734641020688 1.3341865539550781 59 0 0.94999999999999996 1
 15 2 379 1.2 2 4 20 2200 -2.1415926535897931 1.2415463924407959 59 0 0.93200000000000005 0.69999999999999996
 16 2 316 1.2 1 4 16 2000 2.8584073464102069 1.2433195114135742 59 0 0.94499999999999995 0.89999999999999991
 17 2 110 0.40000000000000002 1 3 20 2000 0.85840734641020688 3.2037413120269775 53 1 1.151 1
 18 2 203 0.80000000000000004 1 3 16 2400 0.85840734641020688 1.1556801795959473 59 0 1.1899999999999999 0.69999999999999996
 19 2 446 1.6000000000000001 2 3 20 2000 1.8584073464102069 1.2249114513397217 59 0 1.016 1
 20 2 46 0 1 4 20 2400 1.8584073464102069 1.2445237636566162 53 1 1.069 1
 21 2 262 0.80000000000000004 2 3 20 2400 2.8584073464102069 1.3071784973144531 59 0 1.175 0.89999999999999991
 22 2 96 0 2 4 20 2400 0.85840734641020688 1.5823264122009277 53 1 0.99099999999999999 1
 23 2 365 1.2 2 4 16 2200 -0.14159265358979312 1.1693542003631592 59 0 1.038 0.69999999999999996
 24 2 480 1.6000000000000001 2 4 20 2400 2.8584073464102069 1.1326959133148193 59 0 0.96799999999999997 0.69999999999999996
 25 2 6 0 1 3 16 2200 -3.1415926535897931 1.1528005599975586 53 1 0.93700000000000006 0.79999999999999993
 26 2 160 0.40000000000000002 2 3 20 2000 1.8584073464102069 1.1894502639770508 59 0 1.1879999999999999 0.79999999999999993
 27 2 557 3 2 4 16 2200 0.85840734641020688 1.1061773300170898 59 0 1.125 0.89999999999999991
 28 2 164 0.40000000000000002 2 3 20 2200 -3.1415926535897931 1.2125701904296875 59 0 0.95799999999999996 0.69999999999999996
 29 2 465 1.6000000000000001 2 4 16 2400 -2.1415926535897931 1.1363279819488525 59 0 1.028 1
 30 2 428 1.6000000000000001 1 4 20 2200 1.8584073464102069 1.0700597763061523 59 0 1.0009999999999999 0.89999999999999991
 31 2 334 1.2 1 4 20 2400 -3.1415926535897931 1.0339052677154541 59 0 1.0189999999999999 0.69999999999999996
 32 2 199 0.80000000000000004 1 3 16 2200 -3.1415926535897931 1.1140613555908203 59 0 1.085 0.69999999999999996
 33 2 54 0 2 3 16 2200 -3.1415926535897931 1.1343040466308594 53 1 0.94799999999999995 0.79999999999999993
 34 2 302 1.2 1 3 20 2000 -3.1415926535897931 1.1314637660980225 59 0 0.90200000000000002 0.79999999999999993
 35 2 8 0 1 3 16 2200 -0.14159265358979312 1.1188778877258301 53 1 1.1990000000000001 1
 36 2 318 1.2 1 4 16 2200 -2.1415926535897931 1.3819715976715088 59 0 1.0149999999999999 0.69999999999999996
 37 2 452 1.6000000000000001 2 3 20 2200 2.8584073464102069 1.1230652332305908 59 0 1.0529999999999999 0.69999999999999996
 38 2 1 0 1 3 16 2000 1.8584073464102069 1.1504402160644531 53 1 0.96999999999999997 0.69999999999999996
 39 2 43 0 1 4 20 2200 0.85840734641020688 1.9130408763885498 53 1 1.163 1
 40 2 64 0 2 3 20 2000 -2.1415926535897931 1.2722876071929932 53 1 1.1859999999999999 0.69999999999999996
 41 2 527 3 1 4 20 2400 -1.1415926535897931 1.145423412322998 59 0 1.149 1
 42 2 260 0.80000000000000004 2 3 20 2200 -0.14159265358979312 1.5353405475616455 53 1 1.0680000000000001 1
 43 2 337 1.2 2 3 16 2000 0.85840734641020688 1.2666094303131104 59 0 1.127 0.89999999999999991
 44 2 81 0 2 4 16 2400 0.85840734641020688 1.2874705791473389 53 1 1.0429999999999999 0.89999999999999991
 45 2 456 1.6000000000000001 2 3 20 2400 1.8584073464102069 1.1055445671081543 59 0 0.88200000000000001 0.79999999999999993
 46 2 162 0.40000000000000002 2 3 20 2200 -2.1415926535897931 1.4627668857574463 53 1 1.181 0.69999999999999996
 47 2 549 3 2 3 20 2400 -0.14159265358979312 1.1541256904602051 59 0 1.177 0.79999999999999993
 48 2 61 0 2 3 20 2000 0.85840734641020688 1.3015806674957275 53 1 1.1459999999999999 0.79999999999999993


# name: resolution
# type: matrix
# rows: 1
# columns: 2
 1366 768


# name: hz
# type: scalar
60


# name: pc
# type: sq_string
# elements: 1
# length: 21
gregor-Latitude-E6320


# name: experiment
# type: sq_string
# elements: 1
# length: 4
RFPb


# name: isOctave
# type: bool
1




