# Created by Octave 5.2.0, Sat Apr 02 15:14:12 2022 CEST <student@gregor-Latitude-E6320>
# name: RFP
# type: scalar struct
# ndims: 2
 1 1
# length: 10
# name: vp
# type: sq_string
# elements: 1
# length: 3
V14


# name: mapping
# type: scalar
1


# name: date
# type: sq_string
# elements: 1
# length: 15
20220402T151229


# name: block
# type: scalar
12


# name: outmat
# type: matrix
# rows: 48
# columns: 14
 1 12 186 0.40000000000000002 2 4 20 2200 2.8584073464102069 1.7682740688323975 59 0 1.0169999999999999 0.69999999999999996
 2 12 36 0 1 4 16 2400 1.8584073464102069 1.0141105651855469 53 1 1.0609999999999999 0.69999999999999996
 3 12 121 0.40000000000000002 1 4 16 2000 -0.14159265358979312 0.93042469024658203 53 1 0.83299999999999996 1
 4 12 412 1.6000000000000001 1 4 16 2000 0.85840734641020688 1.0219345092773438 59 0 0.98499999999999999 1
 5 12 103 0.40000000000000002 1 3 16 2200 -3.1415926535897931 1.0105564594268799 53 1 0.91000000000000003 0.89999999999999991
 6 12 309 1.2 1 3 20 2400 1.8584073464102069 1.0537259578704834 59 0 1.048 0.79999999999999993
 7 12 411 1.6000000000000001 1 4 16 2000 -0.14159265358979312 1.0601115226745605 59 0 1.1679999999999999 0.89999999999999991
 8 12 331 1.2 1 4 20 2200 -1.1415926535897931 1.0733485221862793 59 0 0.91500000000000004 0.89999999999999991
 9 12 326 1.2 1 4 20 2000 1.8584073464102069 1.028902530670166 59 0 1.046 1
 10 12 404 1.6000000000000001 1 3 20 2200 -0.14159265358979312 1.0036373138427734 59 0 1.0840000000000001 0.89999999999999991
 11 12 151 0.40000000000000002 2 3 16 2200 -1.1415926535897931 1.2756128311157227 53 1 1.1499999999999999 0.69999999999999996
 12 12 489 3 1 3 16 2400 -1.1415926535897931 0.9896700382232666 59 0 1.0469999999999999 0.79999999999999993
 13 12 228 0.80000000000000004 1 4 16 2400 -0.14159265358979312 1.3806965351104736 53 1 1.0269999999999999 1
 14 12 85 0 2 4 20 2000 2.8584073464102069 1.0615971088409424 53 1 1.022 1
 15 12 72 0 2 3 20 2400 -0.14159265358979312 1.0258018970489502 53 1 1.044 0.89999999999999991
 16 12 165 0.40000000000000002 2 3 20 2400 1.8584073464102069 1.2742421627044678 53 1 1.109 1
 17 12 128 0.40000000000000002 1 4 16 2200 2.8584073464102069 1.027890682220459 53 1 0.88700000000000001 0.69999999999999996
 18 12 407 1.6000000000000001 1 3 20 2400 -3.1415926535897931 0.95044732093811035 59 0 1.1850000000000001 0.79999999999999993
 19 12 390 1.6000000000000001 1 3 16 2200 -0.14159265358979312 1.0133688449859619 59 0 1.1559999999999999 1
 20 12 98 0.40000000000000002 1 3 16 2000 -2.1415926535897931 1.0327222347259521 53 1 1.171 1
 21 12 305 1.2 1 3 20 2200 -3.1415926535897931 1.1675050258636475 59 0 0.96499999999999997 0.89999999999999991
 22 12 168 0.40000000000000002 2 3 20 2400 2.8584073464102069 1.3092985153198242 53 1 0.999 0.89999999999999991
 23 12 483 3 1 3 16 2000 1.8584073464102069 1.0301480293273926 59 0 0.872 0.89999999999999991
 24 12 491 3 1 3 16 2400 -3.1415926535897931 1.0780298709869385 59 0 1.0900000000000001 0.79999999999999993
 25 12 101 0.40000000000000002 1 3 16 2200 1.8584073464102069 1.0972115993499756 53 1 1.147 0.79999999999999993
 26 12 333 1.2 1 4 20 2400 0.85840734641020688 0.98375439643859863 59 0 0.92800000000000005 0.69999999999999996
 27 12 517 3 1 4 20 2000 -3.1415926535897931 0.98521161079406738 59 0 1.117 1
 28 12 322 1.2 1 4 16 2400 -1.1415926535897931 1.0016374588012695 59 0 1.0009999999999999 0.69999999999999996
 29 12 349 1.2 2 3 20 2000 -2.1415926535897931 0.96915769577026367 59 0 1.194 1
 30 12 529 3 2 3 16 2000 -3.1415926535897931 1.0279927253723145 59 0 1.165 0.69999999999999996
 31 12 513 3 1 4 16 2400 2.8584073464102069 0.98408770561218262 59 0 0.89700000000000002 0.79999999999999993
 32 12 118 0.40000000000000002 1 3 20 2400 2.8584073464102069 1.6825432777404785 53 1 1.012 0.79999999999999993
 33 12 241 0.80000000000000004 2 3 16 2000 0.85840734641020688 1.2086555957794189 59 0 0.86599999999999999 0.69999999999999996
 34 12 131 0.40000000000000002 1 4 16 2400 -0.14159265358979312 1.0335447788238525 53 1 1.0940000000000001 1
 35 12 380 1.2 2 4 20 2200 0.85840734641020688 0.99677324295043945 59 0 0.82499999999999996 0.79999999999999993
 36 12 256 0.80000000000000004 2 3 20 2000 1.8584073464102069 1.0385367870330811 59 0 0.88700000000000001 1
 37 12 526 3 1 4 20 2400 -1.1415926535897931 0.98351025581359863 59 0 1.1559999999999999 0.69999999999999996
 38 12 571 3 2 4 20 2200 -3.1415926535897931 1.0370790958404541 59 0 0.996 0.69999999999999996
 39 12 127 0.40000000000000002 1 4 16 2200 1.8584073464102069 1.0705981254577637 53 1 1.1830000000000001 0.69999999999999996
 40 12 535 3 2 3 16 2200 1.8584073464102069 1.0650217533111572 59 0 1.1970000000000001 1
 41 12 444 1.6000000000000001 2 3 16 2400 2.8584073464102069 1.0267958641052246 59 0 0.96999999999999997 1
 42 12 319 1.2 1 4 16 2200 1.8584073464102069 0.86299324035644531 59 0 0.81599999999999995 0.69999999999999996
 43 12 564 3 2 4 16 2400 -3.1415926535897931 0.89943933486938477 59 0 1.1419999999999999 0.69999999999999996
 44 12 341 1.2 2 3 16 2200 -3.1415926535897931 0.98591470718383789 59 0 1.1100000000000001 0.79999999999999993
 45 12 280 0.80000000000000004 2 4 20 2000 -2.1415926535897931 0.89373278617858887 59 0 1.0089999999999999 1
 46 12 401 1.6000000000000001 1 3 20 2200 0.85840734641020688 0.97145867347717285 59 0 1.1160000000000001 1
 47 12 482 3 1 3 16 2000 -2.1415926535897931 0.90583181381225586 59 0 0.88 0.79999999999999993
 48 12 92 0 2 4 20 2200 1.8584073464102069 0.99109435081481934 53 1 1.0600000000000001 0.89999999999999991


# name: resolution
# type: matrix
# rows: 1
# columns: 2
 1366 768


# name: hz
# type: scalar
60


# name: pc
# type: sq_string
# elements: 1
# length: 21
gregor-Latitude-E6320


# name: experiment
# type: sq_string
# elements: 1
# length: 4
RFPb


# name: isOctave
# type: bool
1




