# Created by Octave 5.2.0, Sat Apr 02 15:12:07 2022 CEST <student@gregor-Latitude-E6320>
# name: RFP
# type: scalar struct
# ndims: 2
 1 1
# length: 10
# name: vp
# type: sq_string
# elements: 1
# length: 3
V14


# name: mapping
# type: scalar
1


# name: date
# type: sq_string
# elements: 1
# length: 15
20220402T151021


# name: block
# type: scalar
11


# name: outmat
# type: matrix
# rows: 48
# columns: 14
 1 11 472 1.6000000000000001 2 4 20 2000 -3.1415926535897931 1.0170705318450928 59 0 0.98299999999999998 0.89999999999999991
 2 11 113 0.40000000000000002 1 3 20 2200 0.85840734641020688 1.4031500816345215 59 0 0.84599999999999997 0.79999999999999993
 3 11 399 1.6000000000000001 1 3 20 2000 0.85840734641020688 1.0020205974578857 59 0 1.196 0.69999999999999996
 4 11 306 1.2 1 3 20 2200 -1.1415926535897931 0.9988861083984375 59 0 0.86299999999999999 0.89999999999999991
 5 11 278 0.80000000000000004 2 4 20 2000 -3.1415926535897931 1.0410597324371338 59 0 0.80200000000000005 0.89999999999999991
 6 11 286 0.80000000000000004 2 4 20 2400 -2.1415926535897931 0.96112966537475586 59 0 0.98699999999999999 1
 7 11 52 0 2 3 16 2000 -2.1415926535897931 1.0391380786895752 53 1 0.93100000000000005 0.89999999999999991
 8 11 376 1.2 2 4 20 2000 -3.1415926535897931 1.0212469100952148 59 0 0.82699999999999996 0.69999999999999996
 9 11 345 1.2 2 3 16 2400 -1.1415926535897931 0.93164634704589844 59 0 0.81299999999999994 0.89999999999999991
 10 11 184 0.40000000000000002 2 4 20 2000 2.8584073464102069 0.95194077491760254 59 0 0.94899999999999995 0.69999999999999996
 11 11 144 0.40000000000000002 1 4 20 2400 -0.14159265358979312 1.8536019325256348 59 0 1.0629999999999999 0.79999999999999993
 12 11 205 0.80000000000000004 1 3 20 2000 2.8584073464102069 1.0060453414916992 59 0 1.1599999999999999 0.69999999999999996
 13 11 193 0.80000000000000004 1 3 16 2000 -1.1415926535897931 1.6314558982849121 53 1 0.82099999999999995 1
 14 11 156 0.40000000000000002 2 3 16 2400 0.85840734641020688 1.210364818572998 53 1 0.84699999999999998 0.69999999999999996
 15 11 17 0 1 3 20 2200 0.85840734641020688 1.3277604579925537 59 0 1.022 0.89999999999999991
 16 11 209 0.80000000000000004 1 3 20 2200 -1.1415926535897931 0.9767911434173584 59 0 0.94899999999999995 0.69999999999999996
 17 11 40 0 1 4 20 2000 -0.14159265358979312 1.1213841438293457 53 1 0.82599999999999996 0.89999999999999991
 18 11 157 0.40000000000000002 2 3 20 2000 -2.1415926535897931 1.0708177089691162 53 1 0.94299999999999995 0.69999999999999996
 19 11 499 3 1 3 20 2200 1.8584073464102069 1.0331385135650635 59 0 0.93400000000000005 1
 20 11 368 1.2 2 4 16 2200 0.85840734641020688 1.0752043724060059 59 0 0.96799999999999997 0.89999999999999991
 21 11 124 0.40000000000000002 1 4 16 2000 0.85840734641020688 1.8770279884338379 53 1 0.94399999999999995 0.69999999999999996
 22 11 191 0.40000000000000002 2 4 20 2400 0.85840734641020688 1.0603396892547607 53 1 0.84099999999999997 1
 23 11 553 3 2 4 16 2000 -1.1415926535897931 1.0402090549468994 59 0 0.92300000000000004 0.69999999999999996
 24 11 434 1.6000000000000001 2 3 16 2000 0.85840734641020688 0.95339655876159668 59 0 0.83299999999999996 0.89999999999999991
 25 11 222 0.80000000000000004 1 4 16 2200 0.85840734641020688 1.0399231910705566 53 1 1.117 1
 26 11 38 0 1 4 20 2000 -1.1415926535897931 1.0675621032714844 53 1 0.89300000000000002 0.79999999999999993
 27 11 158 0.40000000000000002 2 3 20 2000 1.8584073464102069 1.586869478225708 59 0 1.1879999999999999 0.79999999999999993
 28 11 245 0.80000000000000004 2 3 16 2200 0.85840734641020688 1.734851598739624 53 1 0.83199999999999996 1
 29 11 420 1.6000000000000001 1 4 16 2400 -1.1415926535897931 0.99933934211730957 59 0 0.96099999999999997 0.69999999999999996
 30 11 117 0.40000000000000002 1 3 20 2400 -2.1415926535897931 1.4978048801422119 53 1 0.96099999999999997 0.69999999999999996
 31 11 395 1.6000000000000001 1 3 16 2400 -0.14159265358979312 1.4375569820404053 59 0 0.873 0.69999999999999996
 32 11 229 0.80000000000000004 1 4 20 2000 1.8584073464102069 1.2891063690185547 59 0 0.80100000000000005 0.79999999999999993
 33 11 30 0 1 4 16 2200 0.85840734641020688 1.0463204383850098 53 1 0.90600000000000003 0.89999999999999991
 34 11 141 0.40000000000000002 1 4 20 2400 -2.1415926535897931 1.3929562568664551 59 0 0.93600000000000005 0.79999999999999993
 35 11 289 1.2 1 3 16 2000 -3.1415926535897931 4.5106270313262939 59 0 0.86299999999999999 0.69999999999999996
 36 11 7 0 1 3 16 2200 0.85840734641020688 0.89238166809082031 53 1 1.1579999999999999 0.79999999999999993
 37 11 236 0.80000000000000004 1 4 20 2200 -3.1415926535897931 1.0100677013397217 59 0 1.083 0.69999999999999996
 38 11 511 3 1 4 16 2200 -0.14159265358979312 1.0282940864562988 59 0 0.81200000000000006 0.89999999999999991
 39 11 134 0.40000000000000002 1 4 20 2000 -0.14159265358979312 1.0463099479675293 59 0 1.181 0.79999999999999993
 40 11 430 1.6000000000000001 1 4 20 2400 1.8584073464102069 0.95023965835571289 59 0 0.98499999999999999 1
 41 11 272 0.80000000000000004 2 4 16 2200 1.8584073464102069 1.1549782752990723 59 0 1.1950000000000001 0.89999999999999991
 42 11 58 0 2 3 16 2400 -0.14159265358979312 1.0722799301147461 53 1 0.90200000000000002 0.79999999999999993
 43 11 464 1.6000000000000001 2 4 16 2200 1.8584073464102069 0.96187734603881836 59 0 0.86099999999999999 0.79999999999999993
 44 11 258 0.80000000000000004 2 3 20 2200 -0.14159265358979312 0.97376132011413574 59 0 1.123 0.89999999999999991
 45 11 565 3 2 4 20 2000 1.8584073464102069 0.96106314659118652 59 0 0.88900000000000001 1
 46 11 414 1.6000000000000001 1 4 16 2200 -2.1415926535897931 1.0703756809234619 59 0 0.95899999999999996 0.89999999999999991
 47 11 169 0.40000000000000002 2 4 16 2000 0.85840734641020688 1.1055934429168701 53 1 1.0409999999999999 0.79999999999999993
 48 11 534 3 2 3 16 2200 -2.1415926535897931 1.0539484024047852 59 0 1.0700000000000001 1


# name: resolution
# type: matrix
# rows: 1
# columns: 2
 1366 768


# name: hz
# type: scalar
60


# name: pc
# type: sq_string
# elements: 1
# length: 21
gregor-Latitude-E6320


# name: experiment
# type: sq_string
# elements: 1
# length: 4
RFPb


# name: isOctave
# type: bool
1




