# Created by Octave 5.2.0, Sat Apr 02 15:10:06 2022 CEST <student@gregor-Latitude-E6320>
# name: RFP
# type: scalar struct
# ndims: 2
 1 1
# length: 10
# name: vp
# type: sq_string
# elements: 1
# length: 3
V14


# name: mapping
# type: scalar
1


# name: date
# type: sq_string
# elements: 1
# length: 15
20220402T150821


# name: block
# type: scalar
10


# name: outmat
# type: matrix
# rows: 48
# columns: 14
 1 10 493 3 1 3 20 2000 -0.14159265358979312 0.96964550018310547 59 0 0.98899999999999999 1
 2 10 108 0.40000000000000002 1 3 16 2400 0.85840734641020688 0.98570442199707031 53 1 1.05 0.79999999999999993
 3 10 84 0 2 4 16 2400 1.8584073464102069 1.0068488121032715 53 1 1.0529999999999999 0.69999999999999996
 4 10 500 3 1 3 20 2200 0.85840734641020688 1.052908182144165 59 0 0.90100000000000002 1
 5 10 239 0.80000000000000004 1 4 20 2400 2.8584073464102069 1.0660035610198975 59 0 0.85099999999999998 0.89999999999999991
 6 10 295 1.2 1 3 16 2200 0.85840734641020688 1.0421605110168457 59 0 1.0109999999999999 0.69999999999999996
 7 10 32 0 1 4 16 2200 -0.14159265358979312 1.1160542964935303 53 1 1.02 0.69999999999999996
 8 10 270 0.80000000000000004 2 4 16 2200 1.8584073464102069 1.6086764335632324 59 0 0.91900000000000004 0.79999999999999993
 9 10 89 0 2 4 20 2200 -3.1415926535897931 1.1297659873962402 53 1 1.02 0.89999999999999991
 10 10 548 3 2 3 20 2200 -1.1415926535897931 1.0649499893188477 59 0 1.1850000000000001 0.69999999999999996
 11 10 457 1.6000000000000001 2 4 16 2000 1.8584073464102069 1.6410157680511475 53 1 1.1180000000000001 1
 12 10 74 0 2 4 16 2000 2.8584073464102069 1.0296034812927246 53 1 0.98099999999999998 0.69999999999999996
 13 10 187 0.40000000000000002 2 4 20 2200 -1.1415926535897931 1.147118091583252 59 0 1.1259999999999999 0.79999999999999993
 14 10 3 0 1 3 16 2000 -2.1415926535897931 1.0350139141082764 53 1 0.98599999999999999 1
 15 10 447 1.6000000000000001 2 3 20 2000 -2.1415926535897931 1.0020511150360107 59 0 0.97899999999999998 1
 16 10 257 0.80000000000000004 2 3 20 2200 0.85840734641020688 0.97229838371276855 59 0 1.196 1
 17 10 234 0.80000000000000004 1 4 20 2200 -3.1415926535897931 1.010380744934082 59 0 1.0389999999999999 0.69999999999999996
 18 10 519 3 1 4 20 2000 -1.1415926535897931 1.0444893836975098 59 0 0.92300000000000004 1
 19 10 279 0.80000000000000004 2 4 20 2000 -3.1415926535897931 1.041252613067627 59 0 1.0800000000000001 1
 20 10 75 0 2 4 16 2000 -3.1415926535897931 1.0188612937927246 53 1 0.81299999999999994 0.69999999999999996
 21 10 523 3 1 4 20 2200 1.8584073464102069 1.0083916187286377 59 0 1.1870000000000001 0.89999999999999991
 22 10 385 1.6000000000000001 1 3 16 2000 -2.1415926535897931 0.86366772651672363 59 0 1.135 0.89999999999999991
 23 10 94 0 2 4 20 2400 0.85840734641020688 1.7698252201080322 53 1 0.80500000000000005 0.69999999999999996
 24 10 572 3 2 4 20 2200 -2.1415926535897931 1.0805702209472656 59 0 1.141 1
 25 10 79 0 2 4 16 2200 -2.1415926535897931 1.0889332294464111 53 1 1.1000000000000001 0.79999999999999993
 26 10 264 0.80000000000000004 2 3 20 2400 0.85840734641020688 1.0403115749359131 59 0 1.125 1
 27 10 284 0.80000000000000004 2 4 20 2200 1.8584073464102069 1.0285465717315674 59 0 1.0149999999999999 0.69999999999999996
 28 10 93 0 2 4 20 2400 -3.1415926535897931 1.0530927181243896 53 1 1.1699999999999999 0.79999999999999993
 29 10 433 1.6000000000000001 2 3 16 2000 -2.1415926535897931 1.0528573989868164 59 0 1.157 0.89999999999999991
 30 10 48 0 1 4 20 2400 1.8584073464102069 1.0522782802581787 53 1 1.091 1
 31 10 24 0 1 3 20 2400 1.8584073464102069 1.0784506797790527 53 1 0.84699999999999998 0.89999999999999991
 32 10 112 0.40000000000000002 1 3 20 2000 -1.1415926535897931 1.0238356590270996 53 1 1.091 0.89999999999999991
 33 10 461 1.6000000000000001 2 4 16 2200 0.85840734641020688 1.1131820678710938 59 0 0.89000000000000001 0.79999999999999993
 34 10 288 0.80000000000000004 2 4 20 2400 0.85840734641020688 1.1604337692260742 59 0 1.119 0.89999999999999991
 35 10 27 0 1 4 16 2000 -1.1415926535897931 1.0536682605743408 53 1 0.84599999999999997 0.89999999999999991
 36 10 114 0.40000000000000002 1 3 20 2200 1.8584073464102069 1.1016905307769775 53 1 1.0620000000000001 1
 37 10 143 0.40000000000000002 1 4 20 2400 -3.1415926535897931 1.1311686038970947 53 1 0.89000000000000001 1
 38 10 392 1.6000000000000001 1 3 16 2200 2.8584073464102069 1.0429177284240723 59 0 1.0800000000000001 0.79999999999999993
 39 10 391 1.6000000000000001 1 3 16 2200 1.8584073464102069 1.1618905067443848 59 0 0.94199999999999995 0.89999999999999991
 40 10 400 1.6000000000000001 1 3 20 2000 2.8584073464102069 1.1886932849884033 59 0 1.0589999999999999 0.79999999999999993
 41 10 244 0.80000000000000004 2 3 16 2000 2.8584073464102069 1.1052522659301758 59 0 1.1240000000000001 0.79999999999999993
 42 10 563 3 2 4 16 2400 -1.1415926535897931 1.1078884601593018 59 0 1.0489999999999999 0.89999999999999991
 43 10 68 0 2 3 20 2200 2.8584073464102069 1.0083346366882324 53 1 0.90200000000000002 0.69999999999999996
 44 10 556 3 2 4 16 2000 -2.1415926535897931 1.0001187324523926 59 0 0.97599999999999998 0.79999999999999993
 45 10 82 0 2 4 16 2400 -3.1415926535897931 0.98498868942260742 53 1 1.0489999999999999 0.79999999999999993
 46 10 387 1.6000000000000001 1 3 16 2000 0.85840734641020688 1.0189473628997803 59 0 1.173 0.89999999999999991
 47 10 177 0.40000000000000002 2 4 16 2400 -0.14159265358979312 2.5222351551055908 59 0 1.0920000000000001 0.69999999999999996
 48 10 273 0.80000000000000004 2 4 16 2400 -2.1415926535897931 1.1730694770812988 59 0 0.83199999999999996 0.79999999999999993


# name: resolution
# type: matrix
# rows: 1
# columns: 2
 1366 768


# name: hz
# type: scalar
60


# name: pc
# type: sq_string
# elements: 1
# length: 21
gregor-Latitude-E6320


# name: experiment
# type: sq_string
# elements: 1
# length: 4
RFPb


# name: isOctave
# type: bool
1




