# Created by Octave 5.2.0, Sat Apr 02 15:04:06 2022 CEST <student@gregor-Latitude-E6320>
# name: RFP
# type: scalar struct
# ndims: 2
 1 1
# length: 10
# name: vp
# type: sq_string
# elements: 1
# length: 3
V14


# name: mapping
# type: scalar
1


# name: date
# type: sq_string
# elements: 1
# length: 15
20220402T150223


# name: block
# type: scalar
7


# name: outmat
# type: matrix
# rows: 48
# columns: 14
 1 7 137 0.40000000000000002 1 4 20 2200 -3.1415926535897931 1.9657354354858398 59 0 0.91700000000000004 1
 2 7 502 3 1 3 20 2400 0.85840734641020688 0.96351218223571777 59 0 0.82299999999999995 0.89999999999999991
 3 7 538 3 2 3 16 2400 -0.14159265358979312 0.98981165885925293 59 0 1.137 0.89999999999999991
 4 7 180 0.40000000000000002 2 4 16 2400 1.8584073464102069 0.99739670753479004 53 1 0.98399999999999999 1
 5 7 14 0 1 3 20 2000 1.8584073464102069 0.97435688972473145 53 1 1.1259999999999999 1
 6 7 570 3 2 4 20 2200 1.8584073464102069 0.98518490791320801 59 0 0.98499999999999999 0.89999999999999991
 7 7 329 1.2 1 4 20 2200 1.8584073464102069 0.97879767417907715 59 0 0.878 1
 8 7 314 1.2 1 4 16 2000 2.8584073464102069 1.0590178966522217 59 0 0.98099999999999998 0.79999999999999993
 9 7 268 0.80000000000000004 2 4 16 2000 -2.1415926535897931 1.1765542030334473 53 1 0.94299999999999995 0.89999999999999991
 10 7 37 0 1 4 20 2000 -0.14159265358979312 1.0403628349304199 53 1 0.92000000000000004 0.89999999999999991
 11 7 28 0 1 4 16 2000 1.8584073464102069 1.0252375602722168 53 1 1.171 0.89999999999999991
 12 7 200 0.80000000000000004 1 3 16 2200 -1.1415926535897931 1.6968765258789062 59 0 0.93500000000000005 1
 13 7 109 0.40000000000000002 1 3 20 2000 -0.14159265358979312 1.0449597835540771 53 1 0.98199999999999998 0.79999999999999993
 14 7 340 1.2 2 3 16 2000 -2.1415926535897931 1.1226487159729004 59 0 0.98099999999999998 0.69999999999999996
 15 7 125 0.40000000000000002 1 4 16 2200 -2.1415926535897931 1.0133621692657471 53 1 1.135 0.79999999999999993
 16 7 488 3 1 3 16 2200 -0.14159265358979312 1.0145964622497559 59 0 0.90500000000000003 0.89999999999999991
 17 7 455 1.6000000000000001 2 3 20 2400 -0.14159265358979312 0.98828768730163574 59 0 0.84899999999999998 0.79999999999999993
 18 7 481 3 1 3 16 2000 0.85840734641020688 0.91492843627929688 59 0 1.127 0.89999999999999991
 19 7 56 0 2 3 16 2200 -3.1415926535897931 1.0263166427612305 53 1 1.163 1
 20 7 11 0 1 3 16 2400 -0.14159265358979312 0.95440077781677246 53 1 1.022 0.79999999999999993
 21 7 189 0.40000000000000002 2 4 20 2400 -0.14159265358979312 1.0020022392272949 59 0 1.1930000000000001 0.69999999999999996
 22 7 159 0.40000000000000002 2 3 20 2000 2.8584073464102069 0.94460463523864746 59 0 0.96699999999999997 0.79999999999999993
 23 7 437 1.6000000000000001 2 3 16 2200 -3.1415926535897931 0.92745661735534668 59 0 0.90000000000000002 1
 24 7 321 1.2 1 4 16 2400 1.8584073464102069 0.96456646919250488 59 0 1.032 0.89999999999999991
 25 7 507 3 1 4 16 2000 -1.1415926535897931 1.0259356498718262 59 0 0.93600000000000005 0.89999999999999991
 26 7 33 0 1 4 16 2400 0.85840734641020688 1.0103073120117188 53 1 0.89500000000000002 1
 27 7 484 3 1 3 16 2000 -1.1415926535897931 0.98220682144165039 59 0 0.80600000000000005 1
 28 7 223 0.80000000000000004 1 4 16 2200 -3.1415926535897931 0.87802886962890625 59 0 1.125 0.69999999999999996
 29 7 358 1.2 2 3 20 2400 -3.1415926535897931 0.98945283889770508 59 0 1.175 0.89999999999999991
 30 7 421 1.6000000000000001 1 4 20 2000 -0.14159265358979312 0.95439815521240234 59 0 1.0700000000000001 0.79999999999999993
 31 7 378 1.2 2 4 20 2200 -0.14159265358979312 0.96331596374511719 59 0 0.81299999999999994 1
 32 7 375 1.2 2 4 20 2000 -1.1415926535897931 1.0393457412719727 59 0 1.0780000000000001 0.79999999999999993
 33 7 347 1.2 2 3 16 2400 -1.1415926535897931 0.9237971305847168 59 0 0.95799999999999996 0.69999999999999996
 34 7 422 1.6000000000000001 1 4 20 2000 -1.1415926535897931 0.95219516754150391 59 0 1.032 0.89999999999999991
 35 7 285 0.80000000000000004 2 4 20 2400 -0.14159265358979312 1.0289435386657715 59 0 0.88300000000000001 1
 36 7 413 1.6000000000000001 1 4 16 2200 -0.14159265358979312 1.7360196113586426 59 0 1.1699999999999999 1
 37 7 294 1.2 1 3 16 2200 1.8584073464102069 0.94755864143371582 59 0 1.0289999999999999 0.69999999999999996
 38 7 161 0.40000000000000002 2 3 20 2200 -1.1415926535897931 1.7275795936584473 53 1 1.0449999999999999 1
 39 7 220 0.80000000000000004 1 4 16 2000 -2.1415926535897931 1.1335086822509766 59 0 0.82299999999999995 0.69999999999999996
 40 7 204 0.80000000000000004 1 3 16 2400 -1.1415926535897931 0.94414949417114258 59 0 0.94199999999999995 0.79999999999999993
 41 7 19 0 1 3 20 2200 2.8584073464102069 1.0620174407958984 53 1 1.1439999999999999 0.69999999999999996
 42 7 106 0.40000000000000002 1 3 16 2400 2.8584073464102069 1.0140144824981689 53 1 0.93300000000000005 0.69999999999999996
 43 7 361 1.2 2 4 16 2000 -1.1415926535897931 3.1524398326873779 53 1 0.88 0.79999999999999993
 44 7 327 1.2 1 4 20 2000 2.8584073464102069 1.0616238117218018 59 0 1.111 1
 45 7 247 0.80000000000000004 2 3 16 2200 2.8584073464102069 1.4580953121185303 59 0 0.98999999999999999 1
 46 7 410 1.6000000000000001 1 4 16 2000 -3.1415926535897931 1.3110132217407227 59 0 0.93899999999999995 0.69999999999999996
 47 7 366 1.2 2 4 16 2200 0.85840734641020688 0.98258733749389648 59 0 0.83199999999999996 0.89999999999999991
 48 7 62 0 2 3 20 2000 -3.1415926535897931 1.0069372653961182 53 1 1.1859999999999999 0.79999999999999993


# name: resolution
# type: matrix
# rows: 1
# columns: 2
 1366 768


# name: hz
# type: scalar
60


# name: pc
# type: sq_string
# elements: 1
# length: 21
gregor-Latitude-E6320


# name: experiment
# type: sq_string
# elements: 1
# length: 4
RFPb


# name: isOctave
# type: bool
1




