# Created by Octave 5.2.0, Sat Apr 02 14:56:37 2022 CEST <student@gregor-Latitude-E6320>
# name: RFP
# type: scalar struct
# ndims: 2
 1 1
# length: 10
# name: vp
# type: sq_string
# elements: 1
# length: 3
V14


# name: mapping
# type: scalar
1


# name: date
# type: sq_string
# elements: 1
# length: 15
20220402T145440


# name: block
# type: scalar
3


# name: outmat
# type: matrix
# rows: 48
# columns: 14
 1 3 369 1.2 2 4 16 2400 1.8584073464102069 1.699995756149292 53 1 0.90100000000000002 0.89999999999999991
 2 3 23 0 1 3 20 2400 1.8584073464102069 1.0625791549682617 53 1 1.0509999999999999 1
 3 3 237 0.80000000000000004 1 4 20 2400 -1.1415926535897931 1.1573781967163086 59 0 1.1899999999999999 0.89999999999999991
 4 3 173 0.40000000000000002 2 4 16 2200 -1.1415926535897931 1.0589895248413086 53 1 0.99199999999999999 0.79999999999999993
 5 3 50 0 2 3 16 2000 -0.14159265358979312 1.0519039630889893 53 1 1.0740000000000001 1
 6 3 130 0.40000000000000002 1 4 16 2400 -2.1415926535897931 1.0392458438873291 53 1 0.93600000000000005 0.69999999999999996
 7 3 479 1.6000000000000001 2 4 20 2400 1.8584073464102069 1.0988264083862305 59 0 0.998 0.79999999999999993
 8 3 348 1.2 2 3 16 2400 -0.14159265358979312 1.0494954586029053 59 0 1.1499999999999999 0.89999999999999991
 9 3 467 1.6000000000000001 2 4 16 2400 -3.1415926535897931 1.0113973617553711 59 0 1.2 0.89999999999999991
 10 3 471 1.6000000000000001 2 4 20 2000 -1.1415926535897931 0.99664735794067383 59 0 0.90100000000000002 0.79999999999999993
 11 3 458 1.6000000000000001 2 4 16 2000 -2.1415926535897931 2.6657116413116455 59 0 1.1120000000000001 0.89999999999999991
 12 3 351 1.2 2 3 20 2000 2.8584073464102069 1.0760941505432129 59 0 1.1970000000000001 0.79999999999999993
 13 3 344 1.2 2 3 16 2200 -0.14159265358979312 1.4709069728851318 59 0 0.98399999999999999 1
 14 3 388 1.6000000000000001 1 3 16 2000 -3.1415926535897931 1.2035348415374756 59 0 1.1870000000000001 0.89999999999999991
 15 3 522 3 1 4 20 2200 -2.1415926535897931 1.2124207019805908 59 0 0.80600000000000005 0.89999999999999991
 16 3 440 1.6000000000000001 2 3 16 2200 -1.1415926535897931 1.0884249210357666 59 0 0.94599999999999995 0.69999999999999996
 17 3 470 1.6000000000000001 2 4 20 2000 1.8584073464102069 1.2972953319549561 59 0 1.0600000000000001 0.89999999999999991
 18 3 283 0.80000000000000004 2 4 20 2200 -0.14159265358979312 1.1532351970672607 59 0 1.1120000000000001 0.89999999999999991
 19 3 342 1.2 2 3 16 2200 0.85840734641020688 1.0591347217559814 59 0 0.92800000000000005 0.69999999999999996
 20 3 512 3 1 4 16 2200 1.8584073464102069 1.1681814193725586 59 0 0.95699999999999996 1
 21 3 240 0.80000000000000004 1 4 20 2400 0.85840734641020688 1.2772097587585449 59 0 0.81399999999999995 1
 22 3 25 0 1 4 16 2000 -3.1415926535897931 1.190009593963623 53 1 0.88100000000000001 0.69999999999999996
 23 3 303 1.2 1 3 20 2000 2.8584073464102069 1.0562021732330322 59 0 0.82199999999999995 0.89999999999999991
 24 3 304 1.2 1 3 20 2000 2.8584073464102069 1.0656931400299072 59 0 1.069 0.69999999999999996
 25 3 111 0.40000000000000002 1 3 20 2000 0.85840734641020688 1.7741799354553223 53 1 0.96099999999999997 0.89999999999999991
 26 3 190 0.40000000000000002 2 4 20 2400 -3.1415926535897931 3.8704731464385986 59 0 1.1200000000000001 0.89999999999999991
 27 3 142 0.40000000000000002 1 4 20 2400 2.8584073464102069 1.2763926982879639 53 1 1.2 1
 28 3 171 0.40000000000000002 2 4 16 2000 2.8584073464102069 1.2560043334960938 53 1 1.125 0.79999999999999993
 29 3 166 0.40000000000000002 2 3 20 2400 2.8584073464102069 1.3656299114227295 59 0 0.88500000000000001 0.79999999999999993
 30 3 129 0.40000000000000002 1 4 16 2400 0.85840734641020688 1.1290757656097412 53 1 1.0720000000000001 1
 31 3 544 3 2 3 20 2000 -2.1415926535897931 1.082359790802002 59 0 0.89900000000000002 0.69999999999999996
 32 3 389 1.6000000000000001 1 3 16 2200 0.85840734641020688 1.1221780776977539 59 0 1.1299999999999999 1
 33 3 287 0.80000000000000004 2 4 20 2400 2.8584073464102069 1.1653203964233398 59 0 0.92100000000000004 0.89999999999999991
 34 3 546 3 2 3 20 2200 -2.1415926535897931 1.0554113388061523 59 0 1.1890000000000001 1
 35 3 320 1.2 1 4 16 2200 -2.1415926535897931 1.5093941688537598 53 1 0.93000000000000005 0.89999999999999991
 36 3 70 0 2 3 20 2400 1.8584073464102069 1.0491032600402832 59 0 0.83099999999999996 0.79999999999999993
 37 3 547 3 2 3 20 2200 -2.1415926535897931 1.0790534019470215 59 0 0.873 0.79999999999999993
 38 3 152 0.40000000000000002 2 3 16 2200 -1.1415926535897931 4.3691058158874512 59 0 0.94999999999999996 1
 39 3 296 1.2 1 3 16 2200 -2.1415926535897931 1.1801035404205322 59 0 1.004 0.69999999999999996
 40 3 170 0.40000000000000002 2 4 16 2000 -1.1415926535897931 2.0197632312774658 53 1 0.98199999999999998 0.69999999999999996
 41 3 275 0.80000000000000004 2 4 16 2400 2.8584073464102069 3.0726540088653564 53 1 0.81100000000000005 1
 42 3 41 0 1 4 20 2200 2.8584073464102069 1.3953473567962646 53 1 1.0629999999999999 0.89999999999999991
 43 3 335 1.2 1 4 20 2400 2.8584073464102069 1.2640852928161621 59 0 0.92200000000000004 0.89999999999999991
 44 3 147 0.40000000000000002 2 3 16 2000 1.8584073464102069 1.193739652633667 53 1 1.1020000000000001 1
 45 3 146 0.40000000000000002 2 3 16 2000 1.8584073464102069 1.1079673767089844 53 1 1.0029999999999999 0.89999999999999991
 46 3 66 0 2 3 20 2200 -3.1415926535897931 1.0854396820068359 59 0 1.1739999999999999 0.79999999999999993
 47 3 552 3 2 3 20 2400 0.85840734641020688 1.023127555847168 59 0 1.1419999999999999 0.79999999999999993
 48 3 343 1.2 2 3 16 2200 -2.1415926535897931 1.0905888080596924 59 0 0.93700000000000006 0.69999999999999996


# name: resolution
# type: matrix
# rows: 1
# columns: 2
 1366 768


# name: hz
# type: scalar
60


# name: pc
# type: sq_string
# elements: 1
# length: 21
gregor-Latitude-E6320


# name: experiment
# type: sq_string
# elements: 1
# length: 4
RFPb


# name: isOctave
# type: bool
1




