# Created by Octave 5.2.0, Sat Apr 02 15:35:29 2022 CEST <student@gregor-Latitude-E6320>
# name: RFP
# type: scalar struct
# ndims: 2
 1 1
# length: 10
# name: vp
# type: sq_string
# elements: 1
# length: 3
V15


# name: mapping
# type: scalar
1


# name: date
# type: sq_string
# elements: 1
# length: 15
20220402T153343


# name: block
# type: scalar
9


# name: outmat
# type: matrix
# rows: 48
# columns: 14
 1 9 10 0 1 3 16 2400 -1.1415926535897931 1.2971062660217285 53 1 1.044 1
 2 9 120 0.40000000000000002 1 3 20 2400 -0.14159265358979312 1.027198314666748 59 0 0.91300000000000003 0.79999999999999993
 3 9 418 1.6000000000000001 1 4 16 2400 1.8584073464102069 1.035686731338501 59 0 1.1120000000000001 0.69999999999999996
 4 9 516 3 1 4 16 2400 1.8584073464102069 0.93688750267028809 59 0 0.872 0.89999999999999991
 5 9 537 3 2 3 16 2400 -2.1415926535897931 1.7171247005462646 59 0 1.109 0.79999999999999993
 6 9 29 0 1 4 16 2200 1.8584073464102069 1.1940555572509766 59 0 1.165 1
 7 9 499 3 1 3 20 2200 -3.1415926535897931 1.0377204418182373 59 0 1.1259999999999999 0.89999999999999991
 8 9 394 1.6000000000000001 1 3 16 2400 -1.1415926535897931 1.1109704971313477 59 0 1.0620000000000001 1
 9 9 503 3 1 3 20 2400 -0.14159265358979312 1.0650312900543213 59 0 0.80200000000000005 1
 10 9 212 0.80000000000000004 1 3 20 2200 -0.14159265358979312 1.5672693252563477 53 1 1.0029999999999999 0.69999999999999996
 11 9 524 3 1 4 20 2200 -3.1415926535897931 0.95313310623168945 59 0 0.83799999999999997 1
 12 9 543 3 2 3 20 2000 0.85840734641020688 0.97580552101135254 59 0 1.099 0.79999999999999993
 13 9 237 0.80000000000000004 1 4 20 2400 1.8584073464102069 0.99347543716430664 59 0 1.0680000000000001 0.69999999999999996
 14 9 483 3 1 3 16 2000 -0.14159265358979312 1.0376696586608887 59 0 1.0309999999999999 0.79999999999999993
 15 9 48 0 1 4 20 2400 -3.1415926535897931 1.082118034362793 59 0 0.871 1
 16 9 103 0.40000000000000002 1 3 16 2200 -1.1415926535897931 1.0444025993347168 59 0 0.93600000000000005 0.69999999999999996
 17 9 41 0 1 4 20 2200 1.8584073464102069 1.0728952884674072 59 0 0.89500000000000002 0.89999999999999991
 18 9 137 0.40000000000000002 1 4 20 2200 -2.1415926535897931 0.98880767822265625 59 0 1.135 0.89999999999999991
 19 9 318 1.2 1 4 16 2200 2.8584073464102069 0.92491579055786133 59 0 1.1240000000000001 0.79999999999999993
 20 9 348 1.2 2 3 16 2400 1.8584073464102069 0.98514008522033691 59 0 0.85699999999999998 1
 21 9 192 0.40000000000000002 2 4 20 2400 0.85840734641020688 2.8252758979797363 59 0 1.1639999999999999 0.69999999999999996
 22 9 297 1.2 1 3 16 2400 1.8584073464102069 0.8694148063659668 53 1 0.82999999999999996 0.69999999999999996
 23 9 92 0 2 4 20 2200 0.85840734641020688 0.86323809623718262 59 0 0.85999999999999999 0.69999999999999996
 24 9 7 0 1 3 16 2200 -3.1415926535897931 2.6977694034576416 53 1 0.99399999999999999 1
 25 9 160 0.40000000000000002 2 3 20 2000 -3.1415926535897931 0.98198628425598145 53 1 1.0940000000000001 0.79999999999999993
 26 9 458 1.6000000000000001 2 4 16 2000 2.8584073464102069 2.8376505374908447 59 0 0.95399999999999996 0.69999999999999996
 27 9 507 3 1 4 16 2000 -1.1415926535897931 1.0618832111358643 59 0 1.054 0.79999999999999993
 28 9 526 3 1 4 20 2400 -0.14159265358979312 0.82933664321899414 59 0 0.996 0.89999999999999991
 29 9 485 3 1 3 16 2200 -0.14159265358979312 1.1361417770385742 59 0 1.105 0.79999999999999993
 30 9 201 0.80000000000000004 1 3 16 2400 -3.1415926535897931 1.5543506145477295 59 0 0.97399999999999998 1
 31 9 322 1.2 1 4 16 2400 -0.14159265358979312 0.84514307975769043 59 0 1.2 0.79999999999999993
 32 9 26 0 1 4 16 2000 -1.1415926535897931 0.91683125495910645 59 0 0.97099999999999997 0.69999999999999996
 33 9 528 3 1 4 20 2400 -3.1415926535897931 0.99606704711914062 59 0 1.181 0.89999999999999991
 34 9 538 3 2 3 16 2400 -0.14159265358979312 1.1245336532592773 59 0 0.90000000000000002 0.79999999999999993
 35 9 477 1.6000000000000001 2 4 20 2400 2.8584073464102069 0.9933474063873291 59 0 1.153 1
 36 9 324 1.2 1 4 16 2400 0.85840734641020688 1.0277202129364014 59 0 0.92600000000000005 0.89999999999999991
 37 9 513 3 1 4 16 2400 1.8584073464102069 1.017667293548584 59 0 0.86899999999999999 0.79999999999999993
 38 9 440 1.6000000000000001 2 3 16 2200 1.8584073464102069 0.98752689361572266 53 1 1.1739999999999999 0.69999999999999996
 39 9 295 1.2 1 3 16 2200 -3.1415926535897931 1.1116783618927002 53 1 0.93700000000000006 0.89999999999999991
 40 9 197 0.80000000000000004 1 3 16 2200 -1.1415926535897931 0.95492005348205566 53 1 0.91000000000000003 0.79999999999999993
 41 9 470 1.6000000000000001 2 4 20 2000 -0.14159265358979312 1.0012176036834717 59 0 1.0569999999999999 0.79999999999999993
 42 9 401 1.6000000000000001 1 3 20 2200 1.8584073464102069 0.97681617736816406 53 1 1.1459999999999999 0.79999999999999993
 43 9 328 1.2 1 4 20 2000 2.8584073464102069 0.9721224308013916 59 0 0.98199999999999998 0.89999999999999991
 44 9 433 1.6000000000000001 2 3 16 2000 -2.1415926535897931 1.0159964561462402 53 1 1.016 0.79999999999999993
 45 9 398 1.6000000000000001 1 3 20 2000 1.8584073464102069 0.93457722663879395 59 0 1.1080000000000001 0.69999999999999996
 46 9 53 0 2 3 16 2200 1.8584073464102069 1.0660555362701416 53 1 0.878 1
 47 9 334 1.2 1 4 20 2400 0.85840734641020688 0.91986751556396484 59 0 1.0429999999999999 0.79999999999999993
 48 9 215 0.80000000000000004 1 3 20 2400 -0.14159265358979312 0.93585538864135742 53 1 1.123 1


# name: resolution
# type: matrix
# rows: 1
# columns: 2
 1366 768


# name: hz
# type: scalar
60


# name: pc
# type: sq_string
# elements: 1
# length: 21
gregor-Latitude-E6320


# name: experiment
# type: sq_string
# elements: 1
# length: 4
RFPb


# name: isOctave
# type: bool
1




