# Created by Octave 5.2.0, Sat Apr 02 15:37:15 2022 CEST <student@gregor-Latitude-E6320>
# name: RFP
# type: scalar struct
# ndims: 2
 1 1
# length: 10
# name: vp
# type: sq_string
# elements: 1
# length: 3
V15


# name: mapping
# type: scalar
1


# name: date
# type: sq_string
# elements: 1
# length: 15
20220402T153530


# name: block
# type: scalar
10


# name: outmat
# type: matrix
# rows: 48
# columns: 14
 1 10 561 3 2 4 16 2400 -3.1415926535897931 1.0694026947021484 59 0 1.01 0.69999999999999996
 2 10 249 0.80000000000000004 2 3 16 2400 -1.1415926535897931 1.058523416519165 59 0 1.109 0.89999999999999991
 3 10 399 1.6000000000000001 1 3 20 2000 -0.14159265358979312 0.96431159973144531 59 0 1.175 0.79999999999999993
 4 10 66 0 2 3 20 2200 -2.1415926535897931 1.1220061779022217 59 0 0.97199999999999998 0.69999999999999996
 5 10 271 0.80000000000000004 2 4 16 2200 -2.1415926535897931 1.0745348930358887 59 0 0.92200000000000004 0.69999999999999996
 6 10 275 0.80000000000000004 2 4 16 2400 0.85840734641020688 0.98790621757507324 59 0 1.117 0.69999999999999996
 7 10 233 0.80000000000000004 1 4 20 2200 1.8584073464102069 1.0398190021514893 59 0 1.093 0.89999999999999991
 8 10 121 0.40000000000000002 1 4 16 2000 1.8584073464102069 0.82002997398376465 59 0 0.92900000000000005 0.69999999999999996
 9 10 227 0.80000000000000004 1 4 16 2400 0.85840734641020688 1.1521124839782715 59 0 1.167 0.89999999999999991
 10 10 454 1.6000000000000001 2 3 20 2400 1.8584073464102069 1.0473723411560059 53 1 1.0569999999999999 0.79999999999999993
 11 10 142 0.40000000000000002 1 4 20 2400 2.8584073464102069 0.96027517318725586 59 0 0.879 0.89999999999999991
 12 10 439 1.6000000000000001 2 3 16 2200 1.8584073464102069 1.0998101234436035 59 0 0.88100000000000001 0.69999999999999996
 13 10 374 1.2 2 4 20 2000 -0.14159265358979312 1.0796480178833008 59 0 1.0580000000000001 1
 14 10 36 0 1 4 16 2400 -0.14159265358979312 1.0685939788818359 59 0 1.133 0.69999999999999996
 15 10 139 0.40000000000000002 1 4 20 2200 0.85840734641020688 1.1598377227783203 59 0 0.98299999999999998 0.89999999999999991
 16 10 58 0 2 3 16 2400 -3.1415926535897931 1.2713248729705811 59 0 0.878 0.69999999999999996
 17 10 488 3 1 3 16 2200 0.85840734641020688 2.6148965358734131 53 1 1.1259999999999999 1
 18 10 504 3 1 3 20 2400 1.8584073464102069 1.0587420463562012 53 1 1.0269999999999999 0.69999999999999996
 19 10 154 0.40000000000000002 2 3 16 2400 -3.1415926535897931 1.0789666175842285 53 1 0.997 0.69999999999999996
 20 10 491 3 1 3 16 2400 1.8584073464102069 0.85859465599060059 53 1 1.028 1
 21 10 175 0.40000000000000002 2 4 16 2200 0.85840734641020688 0.99795198440551758 59 0 1.056 1
 22 10 408 1.6000000000000001 1 3 20 2400 -1.1415926535897931 1.0604617595672607 59 0 1.0720000000000001 0.79999999999999993
 23 10 326 1.2 1 4 20 2000 2.8584073464102069 0.97997164726257324 59 0 0.81799999999999995 0.69999999999999996
 24 10 190 0.40000000000000002 2 4 20 2400 -2.1415926535897931 1.0635101795196533 59 0 0.85499999999999998 0.89999999999999991
 25 10 287 0.80000000000000004 2 4 20 2400 -2.1415926535897931 0.86169791221618652 59 0 1.1799999999999999 0.79999999999999993
 26 10 564 3 2 4 16 2400 0.85840734641020688 0.88444876670837402 59 0 0.82599999999999996 1
 27 10 134 0.40000000000000002 1 4 20 2000 -2.1415926535897931 0.91220855712890625 59 0 0.91100000000000003 0.69999999999999996
 28 10 449 1.6000000000000001 2 3 20 2200 -0.14159265358979312 1.128126859664917 59 0 0.81499999999999995 1
 29 10 451 1.6000000000000001 2 3 20 2200 -1.1415926535897931 0.8333277702331543 53 1 1.0680000000000001 1
 30 10 222 0.80000000000000004 1 4 16 2200 2.8584073464102069 1.0256123542785645 59 0 1.1120000000000001 1
 31 10 484 3 1 3 16 2000 0.85840734641020688 1.0544092655181885 53 1 1.143 1
 32 10 127 0.40000000000000002 1 4 16 2200 -1.1415926535897931 0.98678231239318848 59 0 0.82499999999999996 0.69999999999999996
 33 10 158 0.40000000000000002 2 3 20 2000 -0.14159265358979312 0.99366998672485352 53 1 1.194 0.89999999999999991
 34 10 327 1.2 1 4 20 2000 -1.1415926535897931 1.1611621379852295 59 0 1.1799999999999999 0.69999999999999996
 35 10 299 1.2 1 3 16 2400 0.85840734641020688 1.1321854591369629 59 0 0.878 0.89999999999999991
 36 10 189 0.40000000000000002 2 4 20 2400 -2.1415926535897931 0.99903249740600586 59 0 1.083 0.69999999999999996
 37 10 493 3 1 3 20 2000 -3.1415926535897931 1.017786979675293 59 0 0.85099999999999998 0.79999999999999993
 38 10 466 1.6000000000000001 2 4 16 2400 1.8584073464102069 0.81685924530029297 59 0 0.90800000000000003 1
 39 10 383 1.2 2 4 20 2400 -0.14159265358979312 1.124398946762085 59 0 0.93200000000000005 1
 40 10 32 0 1 4 16 2200 0.85840734641020688 1.0471556186676025 59 0 0.90000000000000002 1
 41 10 382 1.2 2 4 20 2400 -2.1415926535897931 0.97046017646789551 59 0 1.1459999999999999 0.69999999999999996
 42 10 170 0.40000000000000002 2 4 16 2000 0.85840734641020688 1.4624714851379395 59 0 1.054 0.89999999999999991
 43 10 460 1.6000000000000001 2 4 16 2000 -3.1415926535897931 0.85933995246887207 59 0 1.1599999999999999 1
 44 10 57 0 2 3 16 2400 2.8584073464102069 1.6794939041137695 59 0 0.95299999999999996 0.79999999999999993
 45 10 129 0.40000000000000002 1 4 16 2400 -3.1415926535897931 2.9366905689239502 59 0 1.0149999999999999 0.89999999999999991
 46 10 165 0.40000000000000002 2 3 20 2400 -0.14159265358979312 1.0608422756195068 59 0 0.81599999999999995 0.79999999999999993
 47 10 243 0.80000000000000004 2 3 16 2000 1.8584073464102069 0.90256023406982422 53 1 1.0229999999999999 0.89999999999999991
 48 10 379 1.2 2 4 20 2200 2.8584073464102069 2.3804888725280762 59 0 0.95299999999999996 0.89999999999999991


# name: resolution
# type: matrix
# rows: 1
# columns: 2
 1366 768


# name: hz
# type: scalar
60


# name: pc
# type: sq_string
# elements: 1
# length: 21
gregor-Latitude-E6320


# name: experiment
# type: sq_string
# elements: 1
# length: 4
RFPb


# name: isOctave
# type: bool
1




