# Created by Octave 5.2.0, Sat Apr 02 15:24:57 2022 CEST <student@gregor-Latitude-E6320>
# name: RFP
# type: scalar struct
# ndims: 2
 1 1
# length: 10
# name: vp
# type: sq_string
# elements: 1
# length: 3
V15


# name: mapping
# type: scalar
1


# name: date
# type: sq_string
# elements: 1
# length: 15
20220402T152316


# name: block
# type: scalar
3


# name: outmat
# type: matrix
# rows: 48
# columns: 14
 1 3 527 3 1 4 20 2400 2.8584073464102069 1.0799934864044189 59 0 1.196 0.79999999999999993
 2 3 415 1.6000000000000001 1 4 16 2200 -1.1415926535897931 1.074481725692749 59 0 0.97699999999999998 1
 3 3 280 0.80000000000000004 2 4 20 2000 -3.1415926535897931 0.98477029800415039 59 0 1.002 0.89999999999999991
 4 3 223 0.80000000000000004 1 4 16 2200 -2.1415926535897931 1.0309405326843262 59 0 0.91500000000000004 0.79999999999999993
 5 3 350 1.2 2 3 20 2000 2.8584073464102069 1.0508632659912109 59 0 0.96399999999999997 0.69999999999999996
 6 3 452 1.6000000000000001 2 3 20 2200 -0.14159265358979312 1.1531827449798584 59 0 1.0820000000000001 0.69999999999999996
 7 3 238 0.80000000000000004 1 4 20 2400 0.85840734641020688 1.088665246963501 59 0 0.95299999999999996 0.79999999999999993
 8 3 279 0.80000000000000004 2 4 20 2000 -1.1415926535897931 1.0385220050811768 59 0 1.087 0.69999999999999996
 9 3 232 0.80000000000000004 1 4 20 2000 -2.1415926535897931 1.0542194843292236 59 0 1.1739999999999999 0.79999999999999993
 10 3 230 0.80000000000000004 1 4 20 2000 -2.1415926535897931 1.2479801177978516 59 0 0.89800000000000002 0.69999999999999996
 11 3 557 3 2 4 16 2200 -2.1415926535897931 1.0286922454833984 59 0 1.097 0.89999999999999991
 12 3 442 1.6000000000000001 2 3 16 2400 -1.1415926535897931 1.2826516628265381 59 0 0.91900000000000004 0.69999999999999996
 13 3 169 0.40000000000000002 2 4 16 2000 -2.1415926535897931 0.97384738922119141 59 0 1.143 0.89999999999999991
 14 3 481 3 1 3 16 2000 -0.14159265358979312 1.0460605621337891 59 0 1.0760000000000001 0.89999999999999991
 15 3 508 3 1 4 16 2000 1.8584073464102069 1.0588014125823975 59 0 1.079 1
 16 3 87 0 2 4 20 2000 -3.1415926535897931 1.3326952457427979 59 0 1.1699999999999999 0.69999999999999996
 17 3 187 0.40000000000000002 2 4 20 2200 -1.1415926535897931 1.1708502769470215 59 0 0.84899999999999998 0.79999999999999993
 18 3 56 0 2 3 16 2200 -3.1415926535897931 1.0253252983093262 59 0 0.84799999999999998 0.89999999999999991
 19 3 214 0.80000000000000004 1 3 20 2400 -1.1415926535897931 0.99104952812194824 59 0 1.1619999999999999 1
 20 3 164 0.40000000000000002 2 3 20 2200 2.8584073464102069 1.0586562156677246 59 0 1.119 1
 21 3 205 0.80000000000000004 1 3 20 2000 -1.1415926535897931 0.96508455276489258 59 0 0.96299999999999997 0.79999999999999993
 22 3 19 0 1 3 20 2200 2.8584073464102069 1.002032995223999 59 0 1.1599999999999999 0.69999999999999996
 23 3 118 0.40000000000000002 1 3 20 2400 -1.1415926535897931 1.0243473052978516 59 0 0.89400000000000002 1
 24 3 21 0 1 3 20 2400 0.85840734641020688 0.98970341682434082 59 0 1.1439999999999999 1
 25 3 191 0.40000000000000002 2 4 20 2400 0.85840734641020688 1.0043883323669434 59 0 0.98599999999999999 1
 26 3 523 3 1 4 20 2200 2.8584073464102069 1.041100025177002 59 0 1.0900000000000001 0.79999999999999993
 27 3 525 3 1 4 20 2400 0.85840734641020688 0.9975285530090332 59 0 0.92800000000000005 0.89999999999999991
 28 3 501 3 1 3 20 2400 2.8584073464102069 0.98630046844482422 59 0 1.169 0.79999999999999993
 29 3 412 1.6000000000000001 1 4 16 2000 -0.14159265358979312 1.05403733253479 59 0 0.89300000000000002 1
 30 3 549 3 2 3 20 2400 -0.14159265358979312 1.0745303630828857 59 0 1.022 0.89999999999999991
 31 3 8 0 1 3 16 2200 0.85840734641020688 1.0346486568450928 59 0 1.087 0.89999999999999991
 32 3 166 0.40000000000000002 2 3 20 2400 -1.1415926535897931 1.1567807197570801 59 0 1.018 0.79999999999999993
 33 3 109 0.40000000000000002 1 3 20 2000 -0.14159265358979312 1.0833408832550049 59 0 0.82399999999999995 0.79999999999999993
 34 3 157 0.40000000000000002 2 3 20 2000 -2.1415926535897931 1.0447597503662109 59 0 0.84999999999999998 0.79999999999999993
 35 3 316 1.2 1 4 16 2000 -2.1415926535897931 0.92683529853820801 59 0 0.80400000000000005 0.69999999999999996
 36 3 443 1.6000000000000001 2 3 16 2400 -0.14159265358979312 1.0348672866821289 59 0 1.1819999999999999 0.69999999999999996
 37 3 138 0.40000000000000002 1 4 20 2200 -1.1415926535897931 0.96917819976806641 59 0 1.119 0.69999999999999996
 38 3 434 1.6000000000000001 2 3 16 2000 2.8584073464102069 0.96480846405029297 59 0 1.0389999999999999 0.69999999999999996
 39 3 73 0 2 4 16 2000 -1.1415926535897931 0.99513506889343262 59 0 0.94799999999999995 0.69999999999999996
 40 3 535 3 2 3 16 2200 0.85840734641020688 1.0157234668731689 59 0 0.84499999999999997 1
 41 3 479 1.6000000000000001 2 4 20 2400 0.85840734641020688 1.0303146839141846 59 0 0.95299999999999996 0.69999999999999996
 42 3 357 1.2 2 3 20 2400 0.85840734641020688 1.0385599136352539 59 0 1.036 1
 43 3 475 1.6000000000000001 2 4 20 2200 -0.14159265358979312 1.0253400802612305 59 0 1.008 1
 44 3 306 1.2 1 3 20 2200 2.8584073464102069 1.050868034362793 59 0 1.081 1
 45 3 272 0.80000000000000004 2 4 16 2200 -0.14159265358979312 1.0567874908447266 59 0 0.95999999999999996 1
 46 3 476 1.6000000000000001 2 4 20 2200 -2.1415926535897931 1.1794025897979736 59 0 0.86099999999999999 0.79999999999999993
 47 3 254 0.80000000000000004 2 3 20 2000 1.8584073464102069 1.0277318954467773 59 0 1.111 1
 48 3 467 1.6000000000000001 2 4 16 2400 -0.14159265358979312 1.0538272857666016 59 0 0.83099999999999996 1


# name: resolution
# type: matrix
# rows: 1
# columns: 2
 1366 768


# name: hz
# type: scalar
60


# name: pc
# type: sq_string
# elements: 1
# length: 21
gregor-Latitude-E6320


# name: experiment
# type: sq_string
# elements: 1
# length: 4
RFPb


# name: isOctave
# type: bool
1




