# Created by Octave 5.2.0, Sat Apr 02 15:26:41 2022 CEST <student@gregor-Latitude-E6320>
# name: RFP
# type: scalar struct
# ndims: 2
 1 1
# length: 10
# name: vp
# type: sq_string
# elements: 1
# length: 3
V15


# name: mapping
# type: scalar
1


# name: date
# type: sq_string
# elements: 1
# length: 15
20220402T152459


# name: block
# type: scalar
4


# name: outmat
# type: matrix
# rows: 48
# columns: 14
 1 4 356 1.2 2 3 20 2200 2.8584073464102069 0.96319842338562012 59 0 1.0469999999999999 0.89999999999999991
 2 4 417 1.6000000000000001 1 4 16 2400 -1.1415926535897931 0.91742038726806641 59 0 0.91400000000000003 0.79999999999999993
 3 4 424 1.6000000000000001 1 4 20 2000 -3.1415926535897931 1.006300687789917 59 0 1.089 0.89999999999999991
 4 4 277 0.80000000000000004 2 4 20 2000 2.8584073464102069 1.0548629760742188 59 0 1.0720000000000001 0.79999999999999993
 5 4 341 1.2 2 3 16 2200 0.85840734641020688 1.0514357089996338 59 0 1.1200000000000001 0.89999999999999991
 6 4 108 0.40000000000000002 1 3 16 2400 1.8584073464102069 0.98487710952758789 59 0 1.194 0.79999999999999993
 7 4 331 1.2 1 4 20 2200 0.85840734641020688 0.91162872314453125 59 0 0.84699999999999998 1
 8 4 309 1.2 1 3 20 2400 1.8584073464102069 0.89717984199523926 59 0 1.0649999999999999 1
 9 4 100 0.40000000000000002 1 3 16 2000 -0.14159265358979312 2.6482210159301758 59 0 1.012 0.69999999999999996
 10 4 552 3 2 3 20 2400 2.8584073464102069 1.2920362949371338 59 0 0.98599999999999999 0.89999999999999991
 11 4 98 0.40000000000000002 1 3 16 2000 -1.1415926535897931 1.0903127193450928 59 0 1.0129999999999999 1
 12 4 296 1.2 1 3 16 2200 -1.1415926535897931 1.0606677532196045 59 0 0.93700000000000006 1
 13 4 395 1.6000000000000001 1 3 16 2400 -0.14159265358979312 0.89155960083007812 59 0 0.873 0.89999999999999991
 14 4 45 0 1 4 20 2400 -2.1415926535897931 1.0461270809173584 59 0 0.88900000000000001 0.89999999999999991
 15 4 539 3 2 3 16 2400 -3.1415926535897931 1.0144805908203125 59 0 0.81000000000000005 0.89999999999999991
 16 4 540 3 2 3 16 2400 0.85840734641020688 1.0529863834381104 59 0 0.82499999999999996 1
 17 4 268 0.80000000000000004 2 4 16 2000 -2.1415926535897931 1.0713005065917969 59 0 1.0840000000000001 1
 18 4 183 0.40000000000000002 2 4 20 2000 2.8584073464102069 1.0018563270568848 59 0 0.875 0.89999999999999991
 19 4 240 0.80000000000000004 1 4 20 2400 1.8584073464102069 0.99021410942077637 59 0 1.153 1
 20 4 284 0.80000000000000004 2 4 20 2200 0.85840734641020688 1.0309722423553467 59 0 1.1599999999999999 0.69999999999999996
 21 4 531 3 2 3 16 2000 1.8584073464102069 1.0196335315704346 59 0 1.042 0.69999999999999996
 22 4 267 0.80000000000000004 2 4 16 2000 -1.1415926535897931 0.99377131462097168 59 0 1.105 1
 23 4 17 0 1 3 20 2200 -2.1415926535897931 1.0138499736785889 59 0 1.0429999999999999 0.69999999999999996
 24 4 24 0 1 3 20 2400 -2.1415926535897931 0.96485757827758789 59 0 0.91800000000000004 1
 25 4 568 3 2 4 20 2000 -3.1415926535897931 1.0327215194702148 59 0 0.80300000000000005 0.89999999999999991
 26 4 310 1.2 1 3 20 2400 -3.1415926535897931 1.0226619243621826 59 0 1.042 0.89999999999999991
 27 4 221 0.80000000000000004 1 4 16 2200 -1.1415926535897931 1.0452535152435303 59 0 1.109 0.69999999999999996
 28 4 453 1.6000000000000001 2 3 20 2400 2.8584073464102069 1.0652151107788086 59 0 0.82699999999999996 0.69999999999999996
 29 4 111 0.40000000000000002 1 3 20 2000 -0.14159265358979312 1.0183613300323486 59 0 0.80000000000000004 0.69999999999999996
 30 4 551 3 2 3 20 2400 -0.14159265358979312 1.0325896739959717 59 0 0.81899999999999995 0.89999999999999991
 31 4 391 1.6000000000000001 1 3 16 2200 -2.1415926535897931 1.0245983600616455 59 0 0.86199999999999999 0.89999999999999991
 32 4 86 0 2 4 20 2000 -3.1415926535897931 1.0529086589813232 59 0 0.96899999999999997 0.69999999999999996
 33 4 410 1.6000000000000001 1 4 16 2000 -1.1415926535897931 1.0075564384460449 59 0 1.1000000000000001 1
 34 4 144 0.40000000000000002 1 4 20 2400 -3.1415926535897931 1.0181455612182617 59 0 1.153 0.69999999999999996
 35 4 163 0.40000000000000002 2 3 20 2200 -2.1415926535897931 0.9322502613067627 59 0 0.873 0.69999999999999996
 36 4 438 1.6000000000000001 2 3 16 2200 -1.1415926535897931 0.99413657188415527 59 0 1.036 0.69999999999999996
 37 4 498 3 1 3 20 2200 2.8584073464102069 3.1364622116088867 59 0 0.93899999999999995 1
 38 4 106 0.40000000000000002 1 3 16 2400 -3.1415926535897931 1.0171394348144531 59 0 1.083 0.69999999999999996
 39 4 15 0 1 3 20 2000 0.85840734641020688 1.0278031826019287 59 0 1.143 0.79999999999999993
 40 4 416 1.6000000000000001 1 4 16 2200 -0.14159265358979312 0.95185470581054688 59 0 0.92500000000000004 0.69999999999999996
 41 4 312 1.2 1 3 20 2400 -3.1415926535897931 1.0201680660247803 59 0 1.129 0.89999999999999991
 42 4 6 0 1 3 16 2200 -3.1415926535897931 0.99091148376464844 59 0 1.1180000000000001 0.89999999999999991
 43 4 63 0 2 3 20 2000 -0.14159265358979312 1.0048568248748779 59 0 1.1399999999999999 0.69999999999999996
 44 4 176 0.40000000000000002 2 4 16 2200 -1.1415926535897931 0.96560907363891602 59 0 1.0269999999999999 0.79999999999999993
 45 4 242 0.80000000000000004 2 3 16 2000 0.85840734641020688 0.95709896087646484 59 0 1.1839999999999999 1
 46 4 446 1.6000000000000001 2 3 20 2000 1.8584073464102069 0.97760319709777832 59 0 0.82099999999999995 0.69999999999999996
 47 4 47 0 1 4 20 2400 1.8584073464102069 1.000110387802124 59 0 1.0109999999999999 0.79999999999999993
 48 4 46 0 1 4 20 2400 1.8584073464102069 1.0149409770965576 59 0 0.91600000000000004 0.69999999999999996


# name: resolution
# type: matrix
# rows: 1
# columns: 2
 1366 768


# name: hz
# type: scalar
60


# name: pc
# type: sq_string
# elements: 1
# length: 21
gregor-Latitude-E6320


# name: experiment
# type: sq_string
# elements: 1
# length: 4
RFPb


# name: isOctave
# type: bool
1




