# Created by Octave 5.2.0, Sat Apr 02 15:39:03 2022 CEST <student@gregor-Latitude-E6320>
# name: RFP
# type: scalar struct
# ndims: 2
 1 1
# length: 10
# name: vp
# type: sq_string
# elements: 1
# length: 3
V15


# name: mapping
# type: scalar
1


# name: date
# type: sq_string
# elements: 1
# length: 15
20220402T153716


# name: block
# type: scalar
11


# name: outmat
# type: matrix
# rows: 48
# columns: 14
 1 11 77 0 2 4 16 2200 0.85840734641020688 1.1012654304504395 59 0 0.81299999999999994 0.69999999999999996
 2 11 202 0.80000000000000004 1 3 16 2400 -3.1415926535897931 0.97789835929870605 53 1 0.94899999999999995 0.69999999999999996
 3 11 367 1.2 2 4 16 2200 2.8584073464102069 1.0265841484069824 59 0 0.80400000000000005 0.89999999999999991
 4 11 81 0 2 4 16 2400 -2.1415926535897931 1.2050573825836182 59 0 1.1200000000000001 0.89999999999999991
 5 11 149 0.40000000000000002 2 3 16 2200 2.8584073464102069 1.0925562381744385 59 0 0.93799999999999994 0.79999999999999993
 6 11 95 0 2 4 20 2400 -2.1415926535897931 0.96165561676025391 59 0 0.97899999999999998 0.69999999999999996
 7 11 156 0.40000000000000002 2 3 16 2400 2.8584073464102069 1.0740997791290283 59 0 1.0229999999999999 0.79999999999999993
 8 11 245 0.80000000000000004 2 3 16 2200 -3.1415926535897931 1.0345151424407959 59 0 0.874 0.89999999999999991
 9 11 194 0.80000000000000004 1 3 16 2000 0.85840734641020688 1.1094391345977783 59 0 0.93100000000000005 0.69999999999999996
 10 11 200 0.80000000000000004 1 3 16 2200 0.85840734641020688 0.93990087509155273 59 0 0.94399999999999995 0.69999999999999996
 11 11 444 1.6000000000000001 2 3 16 2400 2.8584073464102069 1.1761293411254883 59 0 0.97199999999999998 0.69999999999999996
 12 11 381 1.2 2 4 20 2400 -0.14159265358979312 1.0378735065460205 59 0 0.96099999999999997 0.89999999999999991
 13 11 427 1.6000000000000001 1 4 20 2200 0.85840734641020688 1.0493018627166748 59 0 0.92200000000000004 0.79999999999999993
 14 11 509 3 1 4 16 2200 2.8584073464102069 1.2033677101135254 59 0 1.1579999999999999 0.79999999999999993
 15 11 502 3 1 3 20 2400 2.8584073464102069 1.1278276443481445 59 0 1.1399999999999999 0.69999999999999996
 16 11 37 0 1 4 20 2000 -3.1415926535897931 1.0704817771911621 59 0 0.82599999999999996 1
 17 11 203 0.80000000000000004 1 3 16 2400 -3.1415926535897931 1.0329833030700684 59 0 0.89000000000000001 0.79999999999999993
 18 11 429 1.6000000000000001 1 4 20 2400 0.85840734641020688 0.91918206214904785 59 0 1.1379999999999999 0.89999999999999991
 19 11 533 3 2 3 16 2200 1.8584073464102069 1.0823686122894287 59 0 0.878 0.69999999999999996
 20 11 462 1.6000000000000001 2 4 16 2200 -1.1415926535897931 0.93836116790771484 59 0 0.871 0.79999999999999993
 21 11 153 0.40000000000000002 2 3 16 2400 1.8584073464102069 0.99384379386901855 59 0 1.1919999999999999 1
 22 11 333 1.2 1 4 20 2400 -1.1415926535897931 0.99093818664550781 59 0 0.95199999999999996 0.89999999999999991
 23 11 338 1.2 2 3 16 2000 -2.1415926535897931 1.0123796463012695 59 0 0.96399999999999997 1
 24 11 229 0.80000000000000004 1 4 20 2000 -0.14159265358979312 0.97076725959777832 59 0 1.133 0.69999999999999996
 25 11 465 1.6000000000000001 2 4 16 2400 -3.1415926535897931 2.2227942943572998 59 0 1.0409999999999999 1
 26 11 285 0.80000000000000004 2 4 20 2400 1.8584073464102069 1.8225691318511963 59 0 0.81399999999999995 1
 27 11 301 1.2 1 3 20 2000 -0.14159265358979312 1.1415338516235352 59 0 1.149 1
 28 11 368 1.2 2 4 16 2200 -3.1415926535897931 2.4822258949279785 59 0 1.171 0.79999999999999993
 29 11 69 0 2 3 20 2400 1.8584073464102069 1.7672486305236816 53 1 1.0089999999999999 0.69999999999999996
 30 11 576 3 2 4 20 2400 1.8584073464102069 1.0057141780853271 59 0 0.85799999999999998 1
 31 11 198 0.80000000000000004 1 3 16 2200 1.8584073464102069 2.8274719715118408 53 1 1.0820000000000001 0.79999999999999993
 32 11 132 0.40000000000000002 1 4 16 2400 0.85840734641020688 1.1125376224517822 59 0 1.139 1
 33 11 219 0.80000000000000004 1 4 16 2000 1.8584073464102069 0.98270726203918457 59 0 1.149 0.79999999999999993
 34 11 432 1.6000000000000001 1 4 20 2400 0.85840734641020688 0.99929428100585938 59 0 0.90600000000000003 1
 35 11 456 1.6000000000000001 2 3 20 2400 -0.14159265358979312 1.0005955696105957 59 0 1.1739999999999999 0.89999999999999991
 36 11 303 1.2 1 3 20 2000 0.85840734641020688 1.0475146770477295 59 0 1.0169999999999999 0.79999999999999993
 37 11 545 3 2 3 20 2200 -1.1415926535897931 1.3675451278686523 53 1 0.83899999999999997 1
 38 11 5 0 1 3 16 2200 -3.1415926535897931 0.94003748893737793 53 1 1.048 0.89999999999999991
 39 11 315 1.2 1 4 16 2000 -3.1415926535897931 2.6444511413574219 59 0 1.1180000000000001 0.79999999999999993
 40 11 42 0 1 4 20 2200 -0.14159265358979312 0.88045549392700195 59 0 0.94899999999999995 0.89999999999999991
 41 11 151 0.40000000000000002 2 3 16 2200 -2.1415926535897931 1.04740309715271 53 1 1.1240000000000001 0.89999999999999991
 42 11 392 1.6000000000000001 1 3 16 2200 -3.1415926535897931 1.3677647113800049 53 1 0.93400000000000005 0.79999999999999993
 43 11 405 1.6000000000000001 1 3 20 2400 -2.1415926535897931 1.1677117347717285 53 1 1.04 1
 44 11 339 1.2 2 3 16 2000 -3.1415926535897931 1.0112042427062988 53 1 0.88400000000000001 0.89999999999999991
 45 11 304 1.2 1 3 20 2000 2.8584073464102069 0.91287565231323242 53 1 0.93600000000000005 0.89999999999999991
 46 11 372 1.2 2 4 16 2400 -3.1415926535897931 1.1027460098266602 59 0 1.196 0.69999999999999996
 47 11 180 0.40000000000000002 2 4 16 2400 -3.1415926535897931 1.1405618190765381 59 0 0.85599999999999998 0.79999999999999993
 48 11 246 0.80000000000000004 2 3 16 2200 -0.14159265358979312 1.0613017082214355 53 1 0.84599999999999997 0.89999999999999991


# name: resolution
# type: matrix
# rows: 1
# columns: 2
 1366 768


# name: hz
# type: scalar
60


# name: pc
# type: sq_string
# elements: 1
# length: 21
gregor-Latitude-E6320


# name: experiment
# type: sq_string
# elements: 1
# length: 4
RFPb


# name: isOctave
# type: bool
1




