# Created by Octave 5.2.0, Sat Apr 02 15:28:21 2022 CEST <student@gregor-Latitude-E6320>
# name: RFP
# type: scalar struct
# ndims: 2
 1 1
# length: 10
# name: vp
# type: sq_string
# elements: 1
# length: 3
V15


# name: mapping
# type: scalar
1


# name: date
# type: sq_string
# elements: 1
# length: 15
20220402T152642


# name: block
# type: scalar
5


# name: outmat
# type: matrix
# rows: 48
# columns: 14
 1 5 35 0 1 4 16 2400 1.8584073464102069 0.9357752799987793 59 0 1.173 0.69999999999999996
 2 5 428 1.6000000000000001 1 4 20 2200 2.8584073464102069 0.94987750053405762 59 0 1.004 0.89999999999999991
 3 5 207 0.80000000000000004 1 3 20 2000 -2.1415926535897931 0.99255728721618652 59 0 1.069 1
 4 5 31 0 1 4 16 2200 1.8584073464102069 1.0058660507202148 59 0 0.88100000000000001 0.89999999999999991
 5 5 431 1.6000000000000001 1 4 20 2400 2.8584073464102069 0.99506378173828125 59 0 1.073 1
 6 5 102 0.40000000000000002 1 3 16 2200 2.8584073464102069 1.0294508934020996 59 0 0.85799999999999998 0.79999999999999993
 7 5 75 0 2 4 16 2000 -3.1415926535897931 0.99878382682800293 59 0 1.0780000000000001 0.89999999999999991
 8 5 179 0.40000000000000002 2 4 16 2400 -2.1415926535897931 0.99671721458435059 59 0 0.81000000000000005 0.69999999999999996
 9 5 236 0.80000000000000004 1 4 20 2200 -3.1415926535897931 1.0491509437561035 59 0 1.1100000000000001 0.69999999999999996
 10 5 273 0.80000000000000004 2 4 16 2400 -1.1415926535897931 0.97377586364746094 59 0 0.80000000000000004 0.79999999999999993
 11 5 147 0.40000000000000002 2 3 16 2000 -0.14159265358979312 0.86106634140014648 59 0 0.95999999999999996 0.89999999999999991
 12 5 130 0.40000000000000002 1 4 16 2400 2.8584073464102069 0.94660377502441406 59 0 0.81599999999999995 0.69999999999999996
 13 5 70 0 2 3 20 2400 -0.14159265358979312 1.0323996543884277 59 0 0.80000000000000004 0.69999999999999996
 14 5 186 0.40000000000000002 2 4 20 2200 -2.1415926535897931 1.1608245372772217 59 0 0.90400000000000003 0.79999999999999993
 15 5 94 0 2 4 20 2400 -1.1415926535897931 1.0760829448699951 59 0 0.96999999999999997 0.79999999999999993
 16 5 390 1.6000000000000001 1 3 16 2200 2.8584073464102069 1.1471502780914307 59 0 1.034 1
 17 5 544 3 2 3 20 2000 -2.1415926535897931 1.0253081321716309 59 0 0.93100000000000005 1
 18 5 181 0.40000000000000002 2 4 20 2000 -2.1415926535897931 1.0572135448455811 59 0 1.081 1
 19 5 33 0 1 4 16 2400 -1.1415926535897931 1.0350072383880615 59 0 0.90100000000000002 0.79999999999999993
 20 5 363 1.2 2 4 16 2000 -2.1415926535897931 1.0338566303253174 59 0 1.145 0.79999999999999993
 21 5 182 0.40000000000000002 2 4 20 2000 -0.14159265358979312 1.2697358131408691 59 0 0.90100000000000002 0.89999999999999991
 22 5 27 0 1 4 16 2000 2.8584073464102069 1.0256881713867188 59 0 1.1299999999999999 0.69999999999999996
 23 5 44 0 1 4 20 2200 -0.14159265358979312 0.92732858657836914 59 0 0.83599999999999997 0.79999999999999993
 24 5 292 1.2 1 3 16 2000 -0.14159265358979312 0.8742222785949707 59 0 0.997 0.69999999999999996
 25 5 14 0 1 3 20 2000 2.8584073464102069 1.0093550682067871 59 0 0.95499999999999996 0.89999999999999991
 26 5 447 1.6000000000000001 2 3 20 2000 0.85840734641020688 1.1538858413696289 59 0 1.0740000000000001 0.69999999999999996
 27 5 266 0.80000000000000004 2 4 16 2000 -2.1415926535897931 1.0916669368743896 59 0 1.1819999999999999 1
 28 5 553 3 2 4 16 2000 -3.1415926535897931 1.0491611957550049 59 0 1.117 0.89999999999999991
 29 5 329 1.2 1 4 20 2200 -3.1415926535897931 1.0250101089477539 59 0 1.044 0.89999999999999991
 30 5 61 0 2 3 20 2000 -3.1415926535897931 1.0685687065124512 59 0 0.97199999999999998 1
 31 5 294 1.2 1 3 16 2200 1.8584073464102069 1.0682289600372314 59 0 1.056 0.89999999999999991
 32 5 85 0 2 4 20 2000 1.8584073464102069 1.0552537441253662 59 0 0.96799999999999997 0.69999999999999996
 33 5 445 1.6000000000000001 2 3 20 2000 1.8584073464102069 1.0704576969146729 59 0 0.97999999999999998 1
 34 5 265 0.80000000000000004 2 4 16 2000 1.8584073464102069 1.0028083324432373 59 0 1.1699999999999999 0.79999999999999993
 35 5 263 0.80000000000000004 2 3 20 2400 -2.1415926535897931 1.0668289661407471 59 0 1.0189999999999999 0.89999999999999991
 36 5 426 1.6000000000000001 1 4 20 2200 -1.1415926535897931 1.0156214237213135 59 0 1.036 0.69999999999999996
 37 5 409 1.6000000000000001 1 4 16 2000 2.8584073464102069 0.97762107849121094 59 0 0.91900000000000004 1
 38 5 565 3 2 4 20 2000 -3.1415926535897931 1.0099692344665527 59 0 0.81899999999999995 0.89999999999999991
 39 5 123 0.40000000000000002 1 4 16 2000 -0.14159265358979312 1.019397497177124 59 0 0.81299999999999994 1
 40 5 113 0.40000000000000002 1 3 20 2200 -1.1415926535897931 0.96941447257995605 59 0 1.026 1
 41 5 463 1.6000000000000001 2 4 16 2200 -1.1415926535897931 1.2792928218841553 59 0 0.93400000000000005 0.69999999999999996
 42 5 459 1.6000000000000001 2 4 16 2000 -1.1415926535897931 0.97665143013000488 59 0 1.109 0.89999999999999991
 43 5 448 1.6000000000000001 2 3 20 2000 1.8584073464102069 1.03340744972229 59 0 0.95899999999999996 0.79999999999999993
 44 5 425 1.6000000000000001 1 4 20 2200 0.85840734641020688 1.0654857158660889 59 0 1.175 0.69999999999999996
 45 5 384 1.2 2 4 20 2400 0.85840734641020688 0.94701671600341797 59 0 0.93200000000000005 1
 46 5 126 0.40000000000000002 1 4 16 2200 -3.1415926535897931 1.0657627582550049 59 0 0.86899999999999999 0.79999999999999993
 47 5 377 1.2 2 4 20 2200 0.85840734641020688 1.0255148410797119 59 0 1.1040000000000001 0.79999999999999993
 48 5 288 0.80000000000000004 2 4 20 2400 -3.1415926535897931 1.10318922996521 59 0 0.96099999999999997 1


# name: resolution
# type: matrix
# rows: 1
# columns: 2
 1366 768


# name: hz
# type: scalar
60


# name: pc
# type: sq_string
# elements: 1
# length: 21
gregor-Latitude-E6320


# name: experiment
# type: sq_string
# elements: 1
# length: 4
RFPb


# name: isOctave
# type: bool
1




