# Created by Octave 5.2.0, Sat Apr 02 15:33:42 2022 CEST <student@gregor-Latitude-E6320>
# name: RFP
# type: scalar struct
# ndims: 2
 1 1
# length: 10
# name: vp
# type: sq_string
# elements: 1
# length: 3
V15


# name: mapping
# type: scalar
1


# name: date
# type: sq_string
# elements: 1
# length: 15
20220402T153201


# name: block
# type: scalar
8


# name: outmat
# type: matrix
# rows: 48
# columns: 14
 1 8 65 0 2 3 20 2200 -3.1415926535897931 1.0503270626068115 53 1 0.80200000000000005 1
 2 8 397 1.6000000000000001 1 3 20 2000 2.8584073464102069 0.9013984203338623 59 0 1.0860000000000001 0.69999999999999996
 3 8 340 1.2 2 3 16 2000 0.85840734641020688 1.0371994972229004 59 0 0.98799999999999999 0.79999999999999993
 4 8 414 1.6000000000000001 1 4 16 2200 2.8584073464102069 0.97422027587890625 59 0 1.129 1
 5 8 359 1.2 2 3 20 2400 2.8584073464102069 1.0927691459655762 59 0 1.1439999999999999 1
 6 8 62 0 2 3 20 2000 0.85840734641020688 1.1477236747741699 53 1 1.0740000000000001 1
 7 8 125 0.40000000000000002 1 4 16 2200 1.8584073464102069 0.85334634780883789 59 0 0.97599999999999998 0.69999999999999996
 8 8 141 0.40000000000000002 1 4 20 2400 -2.1415926535897931 1.089458703994751 59 0 0.88900000000000001 0.89999999999999991
 9 8 195 0.80000000000000004 1 3 16 2000 0.85840734641020688 0.86704611778259277 53 1 1.04 1
 10 8 274 0.80000000000000004 2 4 16 2400 -2.1415926535897931 1.0266423225402832 59 0 1.0640000000000001 0.89999999999999991
 11 8 218 0.80000000000000004 1 4 16 2000 -0.14159265358979312 1.0031242370605469 59 0 0.90000000000000002 0.89999999999999991
 12 8 67 0 2 3 20 2200 -3.1415926535897931 1.0633900165557861 59 0 1.1799999999999999 0.69999999999999996
 13 8 4 0 1 3 16 2000 -0.14159265358979312 0.9725954532623291 53 1 1.1599999999999999 0.79999999999999993
 14 8 185 0.40000000000000002 2 4 20 2200 2.8584073464102069 1.0381357669830322 59 0 1.0009999999999999 1
 15 8 38 0 1 4 20 2000 -0.14159265358979312 0.86615443229675293 59 0 1.1850000000000001 0.89999999999999991
 16 8 365 1.2 2 4 16 2200 -1.1415926535897931 1.0743594169616699 59 0 0.997 0.79999999999999993
 17 8 558 3 2 4 16 2200 -1.1415926535897931 1.0080699920654297 59 0 1.1599999999999999 0.69999999999999996
 18 8 168 0.40000000000000002 2 3 20 2400 -1.1415926535897931 0.97099947929382324 59 0 0.92100000000000004 0.79999999999999993
 19 8 3 0 1 3 16 2000 0.85840734641020688 1.0344319343566895 59 0 0.94299999999999995 0.89999999999999991
 20 8 255 0.80000000000000004 2 3 20 2000 2.8584073464102069 1.0587246417999268 59 0 1.0549999999999999 0.79999999999999993
 21 8 228 0.80000000000000004 1 4 16 2400 2.8584073464102069 0.96258330345153809 59 0 0.96399999999999997 0.69999999999999996
 22 8 570 3 2 4 20 2200 -1.1415926535897931 1.0706100463867188 59 0 0.97999999999999998 1
 23 8 211 0.80000000000000004 1 3 20 2200 -2.1415926535897931 1.0397822856903076 59 0 0.98599999999999999 0.89999999999999991
 24 8 419 1.6000000000000001 1 4 16 2400 -3.1415926535897931 1.0566344261169434 59 0 0.83799999999999997 0.89999999999999991
 25 8 234 0.80000000000000004 1 4 20 2200 -2.1415926535897931 1.0679254531860352 59 0 1.0289999999999999 0.79999999999999993
 26 8 209 0.80000000000000004 1 3 20 2200 2.8584073464102069 1.0482816696166992 59 0 0.94499999999999995 0.69999999999999996
 27 8 256 0.80000000000000004 2 3 20 2000 0.85840734641020688 0.9300386905670166 53 1 1.012 0.69999999999999996
 28 8 336 1.2 1 4 20 2400 -0.14159265358979312 0.91129636764526367 59 0 0.92200000000000004 0.79999999999999993
 29 8 534 3 2 3 16 2200 1.8584073464102069 1.0004570484161377 53 1 1.03 0.79999999999999993
 30 8 421 1.6000000000000001 1 4 20 2000 1.8584073464102069 1.105764627456665 59 0 0.91900000000000004 0.89999999999999991
 31 8 556 3 2 4 16 2000 -0.14159265358979312 1.1626334190368652 59 0 0.88400000000000001 0.79999999999999993
 32 8 388 1.6000000000000001 1 3 16 2000 2.8584073464102069 1.1336631774902344 53 1 0.90000000000000002 0.89999999999999991
 33 8 314 1.2 1 4 16 2000 -3.1415926535897931 0.99185323715209961 59 0 1.0780000000000001 0.89999999999999991
 34 8 43 0 1 4 20 2200 -1.1415926535897931 1.0452945232391357 59 0 1.0189999999999999 1
 35 8 208 0.80000000000000004 1 3 20 2000 2.8584073464102069 1.0990395545959473 59 0 0.94699999999999995 0.89999999999999991
 36 8 286 0.80000000000000004 2 4 20 2400 -0.14159265358979312 0.9706423282623291 59 0 0.81000000000000005 0.89999999999999991
 37 8 152 0.40000000000000002 2 3 16 2200 -0.14159265358979312 1.0391583442687988 59 0 0.96999999999999997 0.79999999999999993
 38 8 122 0.40000000000000002 1 4 16 2000 0.85840734641020688 1.0831773281097412 59 0 0.89800000000000002 0.89999999999999991
 39 8 235 0.80000000000000004 1 4 20 2200 -0.14159265358979312 1.0414595603942871 59 0 1.0009999999999999 1
 40 8 174 0.40000000000000002 2 4 16 2200 -0.14159265358979312 1.0323185920715332 59 0 0.80000000000000004 0.89999999999999991
 41 8 80 0 2 4 16 2200 2.8584073464102069 1.0212228298187256 59 0 0.99399999999999999 0.79999999999999993
 42 8 519 3 1 4 20 2000 1.8584073464102069 0.91649937629699707 59 0 0.82099999999999995 0.69999999999999996
 43 8 468 1.6000000000000001 2 4 16 2400 1.8584073464102069 1.0153372287750244 59 0 0.89800000000000002 0.69999999999999996
 44 8 385 1.6000000000000001 1 3 16 2000 -0.14159265358979312 1.0403225421905518 59 0 1.113 0.89999999999999991
 45 8 562 3 2 4 16 2400 0.85840734641020688 2.6890132427215576 59 0 0.84499999999999997 0.89999999999999991
 46 8 93 0 2 4 20 2400 -0.14159265358979312 1.0098669528961182 59 0 1.1040000000000001 0.69999999999999996
 47 8 155 0.40000000000000002 2 3 16 2400 2.8584073464102069 1.222355842590332 59 0 1.149 1
 48 8 251 0.80000000000000004 2 3 16 2400 1.8584073464102069 1.1156172752380371 59 0 0.95599999999999996 0.79999999999999993


# name: resolution
# type: matrix
# rows: 1
# columns: 2
 1366 768


# name: hz
# type: scalar
60


# name: pc
# type: sq_string
# elements: 1
# length: 21
gregor-Latitude-E6320


# name: experiment
# type: sq_string
# elements: 1
# length: 4
RFPb


# name: isOctave
# type: bool
1




