# Created by Octave 5.2.0, Sat Apr 02 15:32:00 2022 CEST <student@gregor-Latitude-E6320>
# name: RFP
# type: scalar struct
# ndims: 2
 1 1
# length: 10
# name: vp
# type: sq_string
# elements: 1
# length: 3
V15


# name: mapping
# type: scalar
1


# name: date
# type: sq_string
# elements: 1
# length: 15
20220402T153012


# name: block
# type: scalar
7


# name: outmat
# type: matrix
# rows: 48
# columns: 14
 1 7 308 1.2 1 3 20 2200 -2.1415926535897931 1.0825366973876953 53 1 0.82799999999999996 1
 2 7 177 0.40000000000000002 2 4 16 2400 -0.14159265358979312 1.0483436584472656 59 0 1.1599999999999999 0.89999999999999991
 3 7 9 0 1 3 16 2400 -0.14159265358979312 0.93296194076538086 53 1 0.83299999999999996 0.79999999999999993
 4 7 79 0 2 4 16 2200 2.8584073464102069 0.87973165512084961 59 0 0.88200000000000001 0.69999999999999996
 5 7 489 3 1 3 16 2400 2.8584073464102069 0.97556543350219727 53 1 1.196 0.89999999999999991
 6 7 375 1.2 2 4 20 2000 -1.1415926535897931 3.2933144569396973 59 0 1.0029999999999999 0.79999999999999993
 7 7 515 3 1 4 16 2400 1.8584073464102069 1.1974878311157227 59 0 1.1719999999999999 0.89999999999999991
 8 7 264 0.80000000000000004 2 3 20 2400 2.8584073464102069 1.2784948348999023 59 0 1.121 0.89999999999999991
 9 7 323 1.2 1 4 16 2400 1.8584073464102069 0.92016220092773438 59 0 1.1559999999999999 0.79999999999999993
 10 7 262 0.80000000000000004 2 3 20 2400 -1.1415926535897931 0.99712872505187988 59 0 0.93100000000000005 0.79999999999999993
 11 7 370 1.2 2 4 16 2400 1.8584073464102069 1.0055441856384277 59 0 0.82899999999999996 0.69999999999999996
 12 7 290 1.2 1 3 16 2000 1.8584073464102069 0.94501566886901855 53 1 0.81299999999999994 0.79999999999999993
 13 7 91 0 2 4 20 2200 2.8584073464102069 2.2815413475036621 59 0 0.97799999999999998 0.69999999999999996
 14 7 225 0.80000000000000004 1 4 16 2400 -2.1415926535897931 1.1170024871826172 59 0 1.1459999999999999 1
 15 7 393 1.6000000000000001 1 3 16 2400 1.8584073464102069 1.0106253623962402 59 0 1.149 1
 16 7 184 0.40000000000000002 2 4 20 2000 -3.1415926535897931 0.89490938186645508 59 0 0.995 0.79999999999999993
 17 7 505 3 1 4 16 2000 -0.14159265358979312 2.5017530918121338 59 0 1.173 0.79999999999999993
 18 7 119 0.40000000000000002 1 3 20 2400 -3.1415926535897931 1.0200650691986084 53 1 1.0920000000000001 0.89999999999999991
 19 7 12 0 1 3 16 2400 0.85840734641020688 1.0732996463775635 53 1 0.89000000000000001 0.69999999999999996
 20 7 480 1.6000000000000001 2 4 20 2400 -3.1415926535897931 1.0689353942871094 59 0 0.95499999999999996 0.69999999999999996
 21 7 530 3 2 3 16 2000 -1.1415926535897931 1.0850682258605957 59 0 0.81100000000000005 0.89999999999999991
 22 7 104 0.40000000000000002 1 3 16 2200 2.8584073464102069 1.2652089595794678 59 0 1.1559999999999999 0.89999999999999991
 23 7 173 0.40000000000000002 2 4 16 2200 -1.1415926535897931 0.94888114929199219 59 0 0.873 1
 24 7 239 0.80000000000000004 1 4 20 2400 2.8584073464102069 0.9044339656829834 59 0 1.1919999999999999 1
 25 7 64 0 2 3 20 2000 0.85840734641020688 0.94427227973937988 53 1 0.88800000000000001 1
 26 7 351 1.2 2 3 20 2000 1.8584073464102069 1.0121331214904785 53 1 0.97599999999999998 0.69999999999999996
 27 7 2 0 1 3 16 2000 -2.1415926535897931 1.0095384120941162 53 1 0.98899999999999999 1
 28 7 110 0.40000000000000002 1 3 20 2000 -3.1415926535897931 0.95167946815490723 53 1 0.94799999999999995 0.69999999999999996
 29 7 28 0 1 4 16 2000 0.85840734641020688 0.99150753021240234 59 0 1.0489999999999999 0.69999999999999996
 30 7 300 1.2 1 3 16 2400 2.8584073464102069 3.9789974689483643 53 1 1.0149999999999999 0.79999999999999993
 31 7 148 0.40000000000000002 2 3 16 2000 0.85840734641020688 1.05245041847229 53 1 1.1850000000000001 0.69999999999999996
 32 7 89 0 2 4 20 2200 -0.14159265358979312 0.98842144012451172 59 0 1.0820000000000001 0.69999999999999996
 33 7 145 0.40000000000000002 2 3 16 2000 2.8584073464102069 1.2001044750213623 53 1 1.159 0.69999999999999996
 34 7 11 0 1 3 16 2400 1.8584073464102069 0.98305606842041016 53 1 1.0369999999999999 0.69999999999999996
 35 7 76 0 2 4 16 2000 -1.1415926535897931 1.0263082981109619 59 0 1.0669999999999999 0.79999999999999993
 36 7 319 1.2 1 4 16 2200 -0.14159265358979312 0.93657159805297852 59 0 1.117 0.89999999999999991
 37 7 522 3 1 4 20 2200 -2.1415926535897931 1.0654218196868896 59 0 0.98599999999999999 0.79999999999999993
 38 7 572 3 2 4 20 2200 -3.1415926535897931 1.0254354476928711 59 0 1.161 0.79999999999999993
 39 7 335 1.2 1 4 20 2400 -1.1415926535897931 0.95149087905883789 59 0 1.133 0.79999999999999993
 40 7 74 0 2 4 16 2000 0.85840734641020688 1.0072557926177979 59 0 1.1200000000000001 0.69999999999999996
 41 7 457 1.6000000000000001 2 4 16 2000 -2.1415926535897931 0.99313974380493164 59 0 0.93300000000000005 0.89999999999999991
 42 7 345 1.2 2 3 16 2400 1.8584073464102069 0.94178104400634766 53 1 1.0209999999999999 1
 43 7 349 1.2 2 3 20 2000 -1.1415926535897931 0.99389410018920898 59 0 1.107 0.79999999999999993
 44 7 278 0.80000000000000004 2 4 20 2000 2.8584073464102069 1.072474479675293 59 0 0.97399999999999998 0.89999999999999991
 45 7 253 0.80000000000000004 2 3 20 2000 -1.1415926535897931 0.95306062698364258 53 1 1.0660000000000001 0.89999999999999991
 46 7 344 1.2 2 3 16 2200 -0.14159265358979312 1.0255672931671143 53 1 1.0649999999999999 0.89999999999999991
 47 7 571 3 2 4 20 2200 -1.1415926535897931 1.0248463153839111 59 0 0.876 1
 48 7 34 0 1 4 16 2400 -3.1415926535897931 0.98577070236206055 59 0 0.82199999999999995 1


# name: resolution
# type: matrix
# rows: 1
# columns: 2
 1366 768


# name: hz
# type: scalar
60


# name: pc
# type: sq_string
# elements: 1
# length: 21
gregor-Latitude-E6320


# name: experiment
# type: sq_string
# elements: 1
# length: 4
RFPb


# name: isOctave
# type: bool
1




