# Created by Octave 5.2.0, Sat Apr 02 15:40:57 2022 CEST <student@gregor-Latitude-E6320>
# name: RFP
# type: scalar struct
# ndims: 2
 1 1
# length: 10
# name: vp
# type: sq_string
# elements: 1
# length: 3
V15


# name: mapping
# type: scalar
1


# name: date
# type: sq_string
# elements: 1
# length: 15
20220402T153905


# name: block
# type: scalar
12


# name: outmat
# type: matrix
# rows: 48
# columns: 14
 1 12 361 1.2 2 4 16 2000 -1.1415926535897931 1.0183558464050293 59 0 1.1120000000000001 1
 2 12 546 3 2 3 20 2200 2.8584073464102069 1.153104305267334 53 1 0.91300000000000003 0.69999999999999996
 3 12 402 1.6000000000000001 1 3 20 2200 -0.14159265358979312 0.9575953483581543 53 1 0.94599999999999995 0.89999999999999991
 4 12 362 1.2 2 4 16 2000 0.85840734641020688 0.85910224914550781 59 0 1.056 0.79999999999999993
 5 12 520 3 1 4 20 2000 -3.1415926535897931 0.91239523887634277 59 0 0.86099999999999999 0.79999999999999993
 6 12 107 0.40000000000000002 1 3 16 2400 0.85840734641020688 1.0670182704925537 53 1 0.91100000000000003 0.79999999999999993
 7 12 494 3 1 3 20 2000 -0.14159265358979312 0.9336390495300293 53 1 0.91800000000000004 1
 8 12 18 0 1 3 20 2200 -1.1415926535897931 0.96437287330627441 53 1 0.96599999999999997 0.89999999999999991
 9 12 455 1.6000000000000001 2 3 20 2400 2.8584073464102069 0.98121237754821777 53 1 1.1120000000000001 0.89999999999999991
 10 12 96 0 2 4 20 2400 -1.1415926535897931 0.86151218414306641 59 0 0.97499999999999998 0.69999999999999996
 11 12 347 1.2 2 3 16 2400 -3.1415926535897931 0.91984343528747559 53 1 1.075 0.79999999999999993
 12 12 404 1.6000000000000001 1 3 20 2200 -3.1415926535897931 1.027641773223877 53 1 1.091 1
 13 12 469 1.6000000000000001 2 4 20 2000 -3.1415926535897931 1.1985890865325928 59 0 0.84099999999999997 0.69999999999999996
 14 12 313 1.2 1 4 16 2000 2.8584073464102069 0.81769418716430664 59 0 1.0349999999999999 0.69999999999999996
 15 12 178 0.40000000000000002 2 4 16 2400 2.8584073464102069 1.1061227321624756 59 0 0.81999999999999995 0.69999999999999996
 16 12 60 0 2 3 16 2400 2.8584073464102069 1.5096316337585449 53 1 1.0840000000000001 0.69999999999999996
 17 12 354 1.2 2 3 20 2200 1.8584073464102069 1.9814267158508301 53 1 0.85799999999999998 0.89999999999999991
 18 12 407 1.6000000000000001 1 3 20 2400 -1.1415926535897931 0.89098048210144043 53 1 1.0840000000000001 1
 19 12 422 1.6000000000000001 1 4 20 2000 1.8584073464102069 1.0264103412628174 59 0 1.1499999999999999 0.69999999999999996
 20 12 360 1.2 2 3 20 2400 -2.1415926535897931 0.94247984886169434 53 1 0.81100000000000005 0.69999999999999996
 21 12 332 1.2 1 4 20 2200 -3.1415926535897931 0.83471250534057617 59 0 1.073 0.89999999999999991
 22 12 474 1.6000000000000001 2 4 20 2200 -2.1415926535897931 0.82841610908508301 59 0 1.042 0.89999999999999991
 23 12 270 0.80000000000000004 2 4 16 2200 -1.1415926535897931 1.1807975769042969 59 0 1.1819999999999999 0.89999999999999991
 24 12 210 0.80000000000000004 1 3 20 2200 2.8584073464102069 1.2895147800445557 53 1 1.054 1
 25 12 112 0.40000000000000002 1 3 20 2000 0.85840734641020688 2.7754673957824707 53 1 1.181 0.79999999999999993
 26 12 128 0.40000000000000002 1 4 16 2200 2.8584073464102069 0.85076737403869629 59 0 0.875 1
 27 12 352 1.2 2 3 20 2000 -0.14159265358979312 0.98820614814758301 53 1 0.96199999999999997 0.69999999999999996
 28 12 68 0 2 3 20 2200 1.8584073464102069 0.90919065475463867 53 1 0.91900000000000004 0.79999999999999993
 29 12 269 0.80000000000000004 2 4 16 2200 -2.1415926535897931 0.84764266014099121 59 0 1.0760000000000001 1
 30 12 478 1.6000000000000001 2 4 20 2400 -0.14159265358979312 0.85164427757263184 59 0 1.1619999999999999 0.79999999999999993
 31 12 389 1.6000000000000001 1 3 16 2200 -2.1415926535897931 3.5749523639678955 53 1 1.0840000000000001 0.69999999999999996
 32 12 40 0 1 4 20 2000 2.8584073464102069 3.4614193439483643 59 0 0.90600000000000003 1
 33 12 423 1.6000000000000001 1 4 20 2000 -3.1415926535897931 4.0037550926208496 59 0 1.0740000000000001 0.69999999999999996
 34 12 373 1.2 2 4 20 2000 1.8584073464102069 0.9352724552154541 59 0 0.91200000000000003 0.69999999999999996
 35 12 396 1.6000000000000001 1 3 16 2400 -0.14159265358979312 2.8502252101898193 59 0 1.075 0.79999999999999993
 36 12 71 0 2 3 20 2400 -3.1415926535897931 0.92929744720458984 53 1 1.1879999999999999 1
 37 12 283 0.80000000000000004 2 4 20 2200 2.8584073464102069 1.041123628616333 59 0 1.1779999999999999 0.69999999999999996
 38 12 52 0 2 3 16 2000 -1.1415926535897931 1.0332365036010742 53 1 1.0760000000000001 1
 39 12 547 3 2 3 20 2200 2.8584073464102069 1.2543435096740723 53 1 0.86899999999999999 1
 40 12 252 0.80000000000000004 2 3 16 2400 -2.1415926535897931 1.0686385631561279 53 1 0.87 1
 41 12 569 3 2 4 20 2200 0.85840734641020688 0.94711732864379883 59 0 1.079 0.89999999999999991
 42 12 20 0 1 3 20 2200 1.8584073464102069 0.88439488410949707 53 1 1.0289999999999999 0.69999999999999996
 43 12 566 3 2 4 20 2000 1.8584073464102069 1.0474956035614014 59 0 0.89900000000000002 0.69999999999999996
 44 12 84 0 2 4 16 2400 -1.1415926535897931 1.0185506343841553 59 0 1.143 0.69999999999999996
 45 12 413 1.6000000000000001 1 4 16 2200 -2.1415926535897931 1.0014147758483887 59 0 1.169 0.69999999999999996
 46 12 311 1.2 1 3 20 2400 -0.14159265358979312 1.3019897937774658 53 1 1.087 0.69999999999999996
 47 12 317 1.2 1 4 16 2200 -2.1415926535897931 2.3487675189971924 59 0 1.099 0.89999999999999991
 48 12 555 3 2 4 16 2000 -0.14159265358979312 1.0499908924102783 59 0 0.80000000000000004 1


# name: resolution
# type: matrix
# rows: 1
# columns: 2
 1366 768


# name: hz
# type: scalar
60


# name: pc
# type: sq_string
# elements: 1
# length: 21
gregor-Latitude-E6320


# name: experiment
# type: sq_string
# elements: 1
# length: 4
RFPb


# name: isOctave
# type: bool
1




