# Created by Octave 5.2.0, Sat Apr 02 15:30:11 2022 CEST <student@gregor-Latitude-E6320>
# name: RFP
# type: scalar struct
# ndims: 2
 1 1
# length: 10
# name: vp
# type: sq_string
# elements: 1
# length: 3
V15


# name: mapping
# type: scalar
1


# name: date
# type: sq_string
# elements: 1
# length: 15
20220402T152824


# name: block
# type: scalar
6


# name: outmat
# type: matrix
# rows: 48
# columns: 14
 1 6 514 3 1 4 16 2400 -2.1415926535897931 0.99237179756164551 59 0 0.86199999999999999 1
 2 6 250 0.80000000000000004 2 3 16 2400 2.8584073464102069 1.0463671684265137 59 0 1.1970000000000001 0.69999999999999996
 3 6 369 1.2 2 4 16 2400 -0.14159265358979312 1.0264382362365723 59 0 0.95299999999999996 1
 4 6 450 1.6000000000000001 2 3 20 2200 -2.1415926535897931 0.98611664772033691 59 0 0.88600000000000001 0.79999999999999993
 5 6 199 0.80000000000000004 1 3 16 2200 -1.1415926535897931 1.0634145736694336 59 0 0.97699999999999998 0.79999999999999993
 6 6 337 1.2 2 3 16 2000 1.8584073464102069 1.0646817684173584 59 0 0.95599999999999996 0.69999999999999996
 7 6 436 1.6000000000000001 2 3 16 2000 -0.14159265358979312 1.0210044384002686 59 0 1.177 1
 8 6 231 0.80000000000000004 1 4 20 2000 -1.1415926535897931 1.0138938426971436 59 0 0.86099999999999999 0.69999999999999996
 9 6 1 0 1 3 16 2000 -0.14159265358979312 1.0426883697509766 59 0 1.032 0.79999999999999993
 10 6 114 0.40000000000000002 1 3 20 2200 -1.1415926535897931 0.95221328735351562 59 0 1.036 0.79999999999999993
 11 6 575 3 2 4 20 2400 -0.14159265358979312 0.97170019149780273 59 0 1.1850000000000001 0.69999999999999996
 12 6 124 0.40000000000000002 1 4 16 2000 -3.1415926535897931 0.97372341156005859 59 0 1 0.69999999999999996
 13 6 371 1.2 2 4 16 2400 -1.1415926535897931 0.91156530380249023 59 0 0.88100000000000001 0.89999999999999991
 14 6 105 0.40000000000000002 1 3 16 2400 -1.1415926535897931 0.85459041595458984 59 0 1.0369999999999999 0.89999999999999991
 15 6 23 0 1 3 20 2400 0.85840734641020688 0.96712779998779297 59 0 0.98799999999999999 0.79999999999999993
 16 6 492 3 1 3 16 2400 -0.14159265358979312 0.98124456405639648 59 0 0.96899999999999997 0.69999999999999996
 17 6 461 1.6000000000000001 2 4 16 2200 2.8584073464102069 0.96333026885986328 59 0 1.147 1
 18 6 282 0.80000000000000004 2 4 20 2200 -0.14159265358979312 1.088214635848999 59 0 0.90400000000000003 0.79999999999999993
 19 6 364 1.2 2 4 16 2000 -2.1415926535897931 1.051471471786499 59 0 1.0740000000000001 1
 20 6 131 0.40000000000000002 1 4 16 2400 -2.1415926535897931 1.1199753284454346 59 0 1.1779999999999999 0.69999999999999996
 21 6 49 0 2 3 16 2000 -1.1415926535897931 1.6081974506378174 59 0 1.1719999999999999 0.79999999999999993
 22 6 150 0.40000000000000002 2 3 16 2200 -2.1415926535897931 2.3985941410064697 59 0 1.1339999999999999 0.89999999999999991
 23 6 22 0 1 3 20 2400 1.8584073464102069 0.99917340278625488 59 0 1.03 0.89999999999999991
 24 6 573 3 2 4 20 2400 -2.1415926535897931 1.0680811405181885 59 0 0.97499999999999998 1
 25 6 101 0.40000000000000002 1 3 16 2200 -3.1415926535897931 1.0111696720123291 59 0 0.94799999999999995 1
 26 6 366 1.2 2 4 16 2200 -0.14159265358979312 1.0286211967468262 59 0 0.86699999999999999 1
 27 6 196 0.80000000000000004 1 3 16 2000 -3.1415926535897931 2.7599823474884033 59 0 0.95199999999999996 0.79999999999999993
 28 6 39 0 1 4 20 2000 -2.1415926535897931 1.3960108757019043 59 0 0.82799999999999996 0.69999999999999996
 29 6 497 3 1 3 20 2200 2.8584073464102069 0.9638674259185791 59 0 1.026 0.69999999999999996
 30 6 563 3 2 4 16 2400 -3.1415926535897931 0.90386486053466797 59 0 0.97899999999999998 0.69999999999999996
 31 6 172 0.40000000000000002 2 4 16 2000 2.8584073464102069 0.90404486656188965 59 0 0.92400000000000004 0.79999999999999993
 32 6 567 3 2 4 20 2000 -1.1415926535897931 0.9441370964050293 59 0 1.03 0.69999999999999996
 33 6 420 1.6000000000000001 1 4 16 2400 2.8584073464102069 1.0429978370666504 59 0 0.80100000000000005 0.69999999999999996
 34 6 116 0.40000000000000002 1 3 20 2200 -2.1415926535897931 1.0167336463928223 59 0 0.99099999999999999 0.79999999999999993
 35 6 13 0 1 3 20 2000 0.85840734641020688 0.98955631256103516 59 0 1.069 1
 36 6 281 0.80000000000000004 2 4 20 2200 1.8584073464102069 0.96541976928710938 59 0 1.0720000000000001 0.69999999999999996
 37 6 518 3 1 4 20 2000 -2.1415926535897931 0.89510726928710938 59 0 1.1439999999999999 0.69999999999999996
 38 6 471 1.6000000000000001 2 4 20 2000 1.8584073464102069 0.97365736961364746 59 0 0.91800000000000004 1
 39 6 140 0.40000000000000002 1 4 20 2200 -1.1415926535897931 1.036360502243042 59 0 1.1140000000000001 0.89999999999999991
 40 6 353 1.2 2 3 20 2200 -3.1415926535897931 1.0976293087005615 59 0 1.119 0.69999999999999996
 41 6 521 3 1 4 20 2200 -1.1415926535897931 1.0329077243804932 59 0 1.0920000000000001 0.79999999999999993
 42 6 259 0.80000000000000004 2 3 20 2200 -3.1415926535897931 1.08193039894104 53 1 0.91000000000000003 0.79999999999999993
 43 6 435 1.6000000000000001 2 3 16 2000 -3.1415926535897931 0.91421246528625488 53 1 1.1659999999999999 0.79999999999999993
 44 6 325 1.2 1 4 20 2000 2.8584073464102069 3.8128125667572021 59 0 1.1559999999999999 1
 45 6 441 1.6000000000000001 2 3 16 2400 1.8584073464102069 1.0205473899841309 53 1 1.0209999999999999 0.69999999999999996
 46 6 143 0.40000000000000002 1 4 20 2400 1.8584073464102069 0.87330293655395508 59 0 1.0700000000000001 0.89999999999999991
 47 6 560 3 2 4 16 2200 2.8584073464102069 0.88544440269470215 59 0 0.90100000000000002 0.79999999999999993
 48 6 78 0 2 4 16 2200 2.8584073464102069 2.8617396354675293 59 0 1.097 1


# name: resolution
# type: matrix
# rows: 1
# columns: 2
 1366 768


# name: hz
# type: scalar
60


# name: pc
# type: sq_string
# elements: 1
# length: 21
gregor-Latitude-E6320


# name: experiment
# type: sq_string
# elements: 1
# length: 4
RFPb


# name: isOctave
# type: bool
1




