# Created by Octave 5.2.0, Sat Apr 02 15:23:14 2022 CEST <student@gregor-Latitude-E6320>
# name: RFP
# type: scalar struct
# ndims: 2
 1 1
# length: 10
# name: vp
# type: sq_string
# elements: 1
# length: 3
V15


# name: mapping
# type: scalar
1


# name: date
# type: sq_string
# elements: 1
# length: 15
20220402T152130


# name: block
# type: scalar
2


# name: outmat
# type: matrix
# rows: 48
# columns: 14
 1 2 217 0.80000000000000004 1 4 16 2000 -2.1415926535897931 1.3388524055480957 59 0 1.1579999999999999 0.89999999999999991
 2 2 224 0.80000000000000004 1 4 16 2200 -2.1415926535897931 1.2832736968994141 59 0 0.96199999999999997 0.79999999999999993
 3 2 536 3 2 3 16 2200 1.8584073464102069 1.0719892978668213 59 0 0.94699999999999995 0.89999999999999991
 4 2 291 1.2 1 3 16 2000 -2.1415926535897931 1.0639810562133789 59 0 0.84499999999999997 0.79999999999999993
 5 2 330 1.2 1 4 20 2200 0.85840734641020688 1.0367851257324219 59 0 1.137 1
 6 2 542 3 2 3 20 2000 2.8584073464102069 1.0606420040130615 59 0 1.081 0.79999999999999993
 7 2 559 3 2 4 16 2200 -3.1415926535897931 1.2564189434051514 59 0 1.026 0.69999999999999996
 8 2 99 0.40000000000000002 1 3 16 2000 -2.1415926535897931 1.3390617370605469 59 0 1.0549999999999999 1
 9 2 496 3 1 3 20 2000 -2.1415926535897931 1.096872091293335 59 0 1.0860000000000001 1
 10 2 305 1.2 1 3 20 2200 -1.1415926535897931 1.0624980926513672 59 0 1.042 0.79999999999999993
 11 2 133 0.40000000000000002 1 4 20 2000 1.8584073464102069 1.0597000122070312 59 0 1.097 0.69999999999999996
 12 2 554 3 2 4 16 2000 2.8584073464102069 1.1765553951263428 59 0 0.96499999999999997 0.89999999999999991
 13 2 343 1.2 2 3 16 2200 2.8584073464102069 1.075305700302124 59 0 0.89800000000000002 0.89999999999999991
 14 2 406 1.6000000000000001 1 3 20 2400 -0.14159265358979312 1.3452863693237305 59 0 0.96699999999999997 0.69999999999999996
 15 2 574 3 2 4 20 2400 2.8584073464102069 1.0191817283630371 59 0 1.0369999999999999 1
 16 2 159 0.40000000000000002 2 3 20 2000 -1.1415926535897931 1.0265767574310303 59 0 0.92000000000000004 0.79999999999999993
 17 2 50 0 2 3 16 2000 0.85840734641020688 1.1449880599975586 59 0 0.93000000000000005 0.69999999999999996
 18 2 257 0.80000000000000004 2 3 20 2200 2.8584073464102069 2.232231616973877 59 0 0.92800000000000005 0.89999999999999991
 19 2 83 0 2 4 16 2400 -3.1415926535897931 1.0452518463134766 59 0 1.087 0.89999999999999991
 20 2 188 0.40000000000000002 2 4 20 2200 -2.1415926535897931 1.0710368156433105 59 0 1.155 0.89999999999999991
 21 2 213 0.80000000000000004 1 3 20 2400 2.8584073464102069 1.0443601608276367 59 0 0.96999999999999997 0.79999999999999993
 22 2 90 0 2 4 20 2200 -2.1415926535897931 1.0467004776000977 59 0 1.1259999999999999 0.79999999999999993
 23 2 88 0 2 4 20 2000 -1.1415926535897931 1.2860631942749023 59 0 0.81299999999999994 0.79999999999999993
 24 2 298 1.2 1 3 16 2400 2.8584073464102069 1.0564267635345459 59 0 1.042 0.69999999999999996
 25 2 206 0.80000000000000004 1 3 20 2000 -3.1415926535897931 1.0847442150115967 59 0 0.96699999999999997 0.79999999999999993
 26 2 193 0.80000000000000004 1 3 16 2000 2.8584073464102069 1.1036005020141602 59 0 0.81100000000000005 1
 27 2 510 3 1 4 16 2200 -0.14159265358979312 0.94812107086181641 59 0 1.038 1
 28 2 30 0 1 4 16 2200 1.8584073464102069 0.99396681785583496 59 0 1.032 0.79999999999999993
 29 2 486 3 1 3 16 2200 -1.1415926535897931 0.99973273277282715 59 0 0.90800000000000003 1
 30 2 261 0.80000000000000004 2 3 20 2400 -0.14159265358979312 0.94465446472167969 59 0 1.151 1
 31 2 346 1.2 2 3 16 2400 -3.1415926535897931 0.96209573745727539 59 0 0.86699999999999999 0.69999999999999996
 32 2 355 1.2 2 3 20 2200 -3.1415926535897931 2.6853065490722656 59 0 1.03 0.79999999999999993
 33 2 97 0.40000000000000002 1 3 16 2000 2.8584073464102069 1.2888085842132568 59 0 1.0229999999999999 0.69999999999999996
 34 2 386 1.6000000000000001 1 3 16 2000 -0.14159265358979312 1.0204775333404541 59 0 1.0529999999999999 0.79999999999999993
 35 2 72 0 2 3 20 2400 -0.14159265358979312 1.0228738784790039 59 0 1.0660000000000001 0.79999999999999993
 36 2 411 1.6000000000000001 1 4 16 2000 -3.1415926535897931 1.0083973407745361 59 0 0.98199999999999998 1
 37 2 302 1.2 1 3 20 2000 1.8584073464102069 1.0442228317260742 59 0 0.92500000000000004 0.89999999999999991
 38 2 482 3 1 3 16 2000 1.8584073464102069 0.96788525581359863 59 0 0.94799999999999995 0.69999999999999996
 39 2 146 0.40000000000000002 2 3 16 2000 2.8584073464102069 1.02085280418396 59 0 0.83699999999999997 0.69999999999999996
 40 2 115 0.40000000000000002 1 3 20 2200 -2.1415926535897931 1.0047411918640137 59 0 0.92600000000000005 0.69999999999999996
 41 2 529 3 2 3 16 2000 1.8584073464102069 1.0213046073913574 59 0 0.92300000000000004 0.79999999999999993
 42 2 495 3 1 3 20 2000 -2.1415926535897931 0.99156832695007324 59 0 0.90500000000000003 0.89999999999999991
 43 2 473 1.6000000000000001 2 4 20 2200 1.8584073464102069 1.0811517238616943 59 0 0.80100000000000005 1
 44 2 59 0 2 3 16 2400 -3.1415926535897931 1.0088672637939453 59 0 0.89300000000000002 0.79999999999999993
 45 2 403 1.6000000000000001 1 3 20 2200 -2.1415926535897931 1.0192165374755859 59 0 0.95699999999999996 0.89999999999999991
 46 2 293 1.2 1 3 16 2200 -0.14159265358979312 1.0466501712799072 59 0 1.1080000000000001 0.89999999999999991
 47 2 161 0.40000000000000002 2 3 20 2200 1.8584073464102069 1.1435883045196533 59 0 1.1870000000000001 0.89999999999999991
 48 2 464 1.6000000000000001 2 4 16 2200 -3.1415926535897931 1.1477491855621338 59 0 1.141 0.79999999999999993


# name: resolution
# type: matrix
# rows: 1
# columns: 2
 1366 768


# name: hz
# type: scalar
60


# name: pc
# type: sq_string
# elements: 1
# length: 21
gregor-Latitude-E6320


# name: experiment
# type: sq_string
# elements: 1
# length: 4
RFPb


# name: isOctave
# type: bool
1




