# Created by Octave 5.2.0, Sat Apr 02 15:21:28 2022 CEST <student@gregor-Latitude-E6320>
# name: RFP
# type: scalar struct
# ndims: 2
 1 1
# length: 10
# name: vp
# type: sq_string
# elements: 1
# length: 3
V15


# name: mapping
# type: scalar
1


# name: date
# type: sq_string
# elements: 1
# length: 15
20220402T151926


# name: block
# type: scalar
1


# name: outmat
# type: matrix
# rows: 48
# columns: 14
 1 1 226 0.80000000000000004 1 4 16 2400 0.85840734641020688 2.1821322441101074 59 0 1.117 0.79999999999999993
 2 1 548 3 2 3 20 2200 -1.1415926535897931 5.1506361961364746 59 0 1.0169999999999999 0.69999999999999996
 3 1 387 1.6000000000000001 1 3 16 2000 0.85840734641020688 2.2985701560974121 59 0 1.1319999999999999 0.89999999999999991
 4 1 307 1.2 1 3 20 2200 2.8584073464102069 1.8591842651367188 59 0 0.82299999999999995 1
 5 1 117 0.40000000000000002 1 3 20 2400 1.8584073464102069 2.1391873359680176 59 0 0.999 0.89999999999999991
 6 1 437 1.6000000000000001 2 3 16 2200 -1.1415926535897931 1.7415523529052734 59 0 0.98799999999999999 0.79999999999999993
 7 1 51 0 2 3 16 2000 -0.14159265358979312 1.2770061492919922 59 0 1.0229999999999999 1
 8 1 400 1.6000000000000001 1 3 20 2000 -3.1415926535897931 1.5430302619934082 59 0 1.1100000000000001 0.89999999999999991
 9 1 321 1.2 1 4 16 2400 -0.14159265358979312 1.1120688915252686 59 0 1.1970000000000001 0.69999999999999996
 10 1 506 3 1 4 16 2000 -1.1415926535897931 8.4466588497161865 59 0 1.1439999999999999 0.89999999999999991
 11 1 512 3 1 4 16 2200 1.8584073464102069 2.3938007354736328 59 0 1.091 0.69999999999999996
 12 1 541 3 2 3 20 2000 -2.1415926535897931 1.7585387229919434 59 0 1.071 0.79999999999999993
 13 1 260 0.80000000000000004 2 3 20 2200 -1.1415926535897931 1.6489031314849854 59 0 0.93400000000000005 1
 14 1 55 0 2 3 16 2200 0.85840734641020688 1.9084403514862061 59 0 1.115 0.89999999999999991
 15 1 517 3 1 4 20 2000 -1.1415926535897931 1.3921291828155518 59 0 0.94099999999999995 0.79999999999999993
 16 1 258 0.80000000000000004 2 3 20 2200 -1.1415926535897931 1.0887851715087891 59 0 0.81299999999999994 0.69999999999999996
 17 1 171 0.40000000000000002 2 4 16 2000 1.8584073464102069 1.1089963912963867 59 0 0.81299999999999994 0.89999999999999991
 18 1 532 3 2 3 16 2000 -2.1415926535897931 1.0432553291320801 59 0 1.1439999999999999 0.69999999999999996
 19 1 487 3 1 3 16 2200 0.85840734641020688 1.0384676456451416 59 0 1.028 1
 20 1 320 1.2 1 4 16 2200 2.8584073464102069 1.030987024307251 59 0 1.073 0.69999999999999996
 21 1 16 0 1 3 20 2000 0.85840734641020688 1.0994162559509277 59 0 1.006 0.79999999999999993
 22 1 135 0.40000000000000002 1 4 20 2000 2.8584073464102069 1.0498600006103516 59 0 0.95799999999999996 0.89999999999999991
 23 1 167 0.40000000000000002 2 3 20 2400 0.85840734641020688 0.9720919132232666 59 0 0.86399999999999999 0.89999999999999991
 24 1 247 0.80000000000000004 2 3 16 2200 0.85840734641020688 1.0401582717895508 59 0 1.135 0.89999999999999991
 25 1 342 1.2 2 3 16 2200 -2.1415926535897931 1.025233268737793 59 0 0.90900000000000003 1
 26 1 54 0 2 3 16 2200 -1.1415926535897931 1.0110135078430176 59 0 1.1659999999999999 0.89999999999999991
 27 1 82 0 2 4 16 2400 -0.14159265358979312 1.0062174797058105 59 0 0.96099999999999997 0.89999999999999991
 28 1 244 0.80000000000000004 2 3 16 2000 -1.1415926535897931 1.0092344284057617 59 0 0.94799999999999995 0.89999999999999991
 29 1 25 0 1 4 16 2000 -0.14159265358979312 1.018895149230957 59 0 1.081 0.69999999999999996
 30 1 378 1.2 2 4 20 2200 -0.14159265358979312 1.1166350841522217 59 0 1.034 0.79999999999999993
 31 1 430 1.6000000000000001 1 4 20 2400 -2.1415926535897931 1.045689582824707 59 0 0.82899999999999996 0.69999999999999996
 32 1 289 1.2 1 3 16 2000 0.85840734641020688 0.98294830322265625 59 0 0.88800000000000001 0.69999999999999996
 33 1 220 0.80000000000000004 1 4 16 2000 -0.14159265358979312 1.0958647727966309 59 0 1.004 0.89999999999999991
 34 1 500 3 1 3 20 2200 -3.1415926535897931 1.0550858974456787 59 0 0.89700000000000002 0.69999999999999996
 35 1 241 0.80000000000000004 2 3 16 2000 1.8584073464102069 0.98525118827819824 59 0 0.93700000000000006 0.69999999999999996
 36 1 376 1.2 2 4 20 2000 2.8584073464102069 1.008378267288208 59 0 1.1990000000000001 1
 37 1 204 0.80000000000000004 1 3 16 2400 2.8584073464102069 0.99953126907348633 59 0 0.80200000000000005 1
 38 1 358 1.2 2 3 20 2400 -0.14159265358979312 1.0200822353363037 59 0 0.95599999999999996 0.89999999999999991
 39 1 162 0.40000000000000002 2 3 20 2200 0.85840734641020688 1.0161359310150146 59 0 1.1419999999999999 0.89999999999999991
 40 1 276 0.80000000000000004 2 4 16 2400 1.8584073464102069 0.98765659332275391 59 0 1.1639999999999999 0.89999999999999991
 41 1 380 1.2 2 4 20 2200 -0.14159265358979312 1.0549440383911133 59 0 0.83599999999999997 0.89999999999999991
 42 1 472 1.6000000000000001 2 4 20 2000 1.8584073464102069 1.0251779556274414 59 0 1.0549999999999999 0.79999999999999993
 43 1 511 3 1 4 16 2200 1.8584073464102069 1.0301234722137451 59 0 0.84699999999999998 0.89999999999999991
 44 1 490 3 1 3 16 2400 -1.1415926535897931 1.0266218185424805 59 0 0.90500000000000003 0.69999999999999996
 45 1 136 0.40000000000000002 1 4 20 2000 -3.1415926535897931 1.0127773284912109 59 0 1.175 0.79999999999999993
 46 1 248 0.80000000000000004 2 3 16 2200 1.8584073464102069 1.0466005802154541 59 0 1.0840000000000001 0.89999999999999991
 47 1 216 0.80000000000000004 1 3 20 2400 -3.1415926535897931 1.3287222385406494 59 0 1.018 0.69999999999999996
 48 1 550 3 2 3 20 2400 -2.1415926535897931 1.1761727333068848 59 0 0.82199999999999995 0.79999999999999993


# name: resolution
# type: matrix
# rows: 1
# columns: 2
 1366 768


# name: hz
# type: scalar
60


# name: pc
# type: sq_string
# elements: 1
# length: 21
gregor-Latitude-E6320


# name: experiment
# type: sq_string
# elements: 1
# length: 4
RFPb


# name: isOctave
# type: bool
1




