# Created by Octave 5.2.0, Mon Apr 04 12:00:19 2022 CEST <student@gregor-Latitude-E6320>
# name: RFP
# type: scalar struct
# ndims: 2
 1 1
# length: 10
# name: vp
# type: sq_string
# elements: 1
# length: 3
V16


# name: mapping
# type: scalar
1


# name: date
# type: sq_string
# elements: 1
# length: 15
20220404T115833


# name: block
# type: scalar
8


# name: outmat
# type: matrix
# rows: 48
# columns: 14
 1 8 552 3 2 3 20 2400 0.85840734641020688 1.2981925010681152 59 0 1.0609999999999999 1
 2 8 368 1.2 2 4 16 2200 1.8584073464102069 1.3655428886413574 59 0 0.98399999999999999 0.89999999999999991
 3 8 462 1.6000000000000001 2 4 16 2200 -1.1415926535897931 1.1036100387573242 59 0 0.95199999999999996 0.79999999999999993
 4 8 541 3 2 3 20 2000 2.8584073464102069 1.1811094284057617 59 0 0.81200000000000006 0.69999999999999996
 5 8 161 0.40000000000000002 2 3 20 2200 2.8584073464102069 1.2588450908660889 53 1 1.0069999999999999 1
 6 8 278 0.80000000000000004 2 4 20 2000 0.85840734641020688 1.1693630218505859 59 0 1.1379999999999999 0.69999999999999996
 7 8 247 0.80000000000000004 2 3 16 2200 2.8584073464102069 1.0200455188751221 53 1 1.194 0.69999999999999996
 8 8 145 0.40000000000000002 2 3 16 2000 -2.1415926535897931 1.1011486053466797 53 1 0.93500000000000005 0.89999999999999991
 9 8 307 1.2 1 3 20 2200 -1.1415926535897931 1.4217116832733154 59 0 1.1080000000000001 1
 10 8 491 3 1 3 16 2400 1.8584073464102069 1.3041355609893799 59 0 1.1419999999999999 0.89999999999999991
 11 8 289 1.2 1 3 16 2000 2.8584073464102069 1.2696456909179688 59 0 1.159 1
 12 8 320 1.2 1 4 16 2200 -0.14159265358979312 1.8172171115875244 53 1 0.93400000000000005 1
 13 8 258 0.80000000000000004 2 3 20 2200 -0.14159265358979312 1.3149905204772949 59 0 0.82499999999999996 0.79999999999999993
 14 8 4 0 1 3 16 2000 2.8584073464102069 1.0912716388702393 53 1 1.0409999999999999 0.79999999999999993
 15 8 511 3 1 4 16 2200 0.85840734641020688 1.1256260871887207 59 0 1.1719999999999999 0.89999999999999991
 16 8 402 1.6000000000000001 1 3 20 2200 2.8584073464102069 1.1324079036712646 59 0 1.034 0.89999999999999991
 17 8 286 0.80000000000000004 2 4 20 2400 -2.1415926535897931 1.3121566772460938 59 0 0.81499999999999995 1
 18 8 352 1.2 2 3 20 2000 2.8584073464102069 1.2771265506744385 59 0 1.1659999999999999 0.69999999999999996
 19 8 526 3 1 4 20 2400 0.85840734641020688 1.1040785312652588 59 0 0.96999999999999997 0.69999999999999996
 20 8 416 1.6000000000000001 1 4 16 2200 -0.14159265358979312 1.1171848773956299 59 0 1.073 0.79999999999999993
 21 8 431 1.6000000000000001 1 4 20 2400 -0.14159265358979312 0.97178244590759277 59 0 1.0149999999999999 0.89999999999999991
 22 8 333 1.2 1 4 20 2400 -0.14159265358979312 0.94792556762695312 59 0 1.099 0.69999999999999996
 23 8 550 3 2 3 20 2400 -2.1415926535897931 1.0460090637207031 59 0 0.85899999999999999 1
 24 8 133 0.40000000000000002 1 4 20 2000 -2.1415926535897931 1.0459287166595459 53 1 0.91500000000000004 0.69999999999999996
 25 8 203 0.80000000000000004 1 3 16 2400 -3.1415926535897931 1.0288541316986084 53 1 0.81200000000000006 0.89999999999999991
 26 8 84 0 2 4 16 2400 -2.1415926535897931 1.0789215564727783 53 1 1.1539999999999999 1
 27 8 391 1.6000000000000001 1 3 16 2200 -2.1415926535897931 0.92463588714599609 59 0 0.84399999999999997 0.69999999999999996
 28 8 469 1.6000000000000001 2 4 20 2000 -3.1415926535897931 1.0678219795227051 59 0 0.83199999999999996 0.69999999999999996
 29 8 135 0.40000000000000002 1 4 20 2000 -1.1415926535897931 2.0598280429840088 53 1 0.95799999999999996 1
 30 8 517 3 1 4 20 2000 0.85840734641020688 1.1034088134765625 59 0 0.84099999999999997 0.89999999999999991
 31 8 80 0 2 4 16 2200 0.85840734641020688 1.1739263534545898 53 1 0.81999999999999995 1
 32 8 78 0 2 4 16 2200 -2.1415926535897931 1.2618026733398438 53 1 0.97499999999999998 0.89999999999999991
 33 8 257 0.80000000000000004 2 3 20 2200 -2.1415926535897931 1.2366907596588135 59 0 0.94299999999999995 0.79999999999999993
 34 8 259 0.80000000000000004 2 3 20 2200 -0.14159265358979312 1.0533969402313232 59 0 0.80200000000000005 0.89999999999999991
 35 8 531 3 2 3 16 2000 -1.1415926535897931 1.2325804233551025 59 0 0.91200000000000003 0.79999999999999993
 36 8 49 0 2 3 16 2000 -1.1415926535897931 1.1915843486785889 53 1 0.86599999999999999 0.89999999999999991
 37 8 86 0 2 4 20 2000 -3.1415926535897931 1.2340116500854492 53 1 0.80800000000000005 0.89999999999999991
 38 8 22 0 1 3 20 2400 -1.1415926535897931 1.1740598678588867 53 1 1.1160000000000001 0.89999999999999991
 39 8 382 1.2 2 4 20 2400 -2.1415926535897931 1.2096114158630371 59 0 0.86199999999999999 0.69999999999999996
 40 8 513 3 1 4 16 2400 2.8584073464102069 1.1133151054382324 59 0 1.03 0.69999999999999996
 41 8 180 0.40000000000000002 2 4 16 2400 1.8584073464102069 1.1213986873626709 53 1 0.94599999999999995 1
 42 8 137 0.40000000000000002 1 4 20 2200 1.8584073464102069 1.2831830978393555 53 1 0.99399999999999999 0.79999999999999993
 43 8 573 3 2 4 20 2400 -0.14159265358979312 1.1889359951019287 59 0 0.88400000000000001 0.69999999999999996
 44 8 525 3 1 4 20 2400 1.8584073464102069 1.082834005355835 59 0 1.093 0.69999999999999996
 45 8 177 0.40000000000000002 2 4 16 2400 2.8584073464102069 1.1282646656036377 53 1 0.82199999999999995 1
 46 8 439 1.6000000000000001 2 3 16 2200 -2.1415926535897931 1.0595564842224121 59 0 1.1859999999999999 0.79999999999999993
 47 8 171 0.40000000000000002 2 4 16 2000 0.85840734641020688 1.0186727046966553 53 1 1.0840000000000001 0.69999999999999996
 48 8 69 0 2 3 20 2400 -0.14159265358979312 1.246790885925293 53 1 1.179 1


# name: resolution
# type: matrix
# rows: 1
# columns: 2
 1366 768


# name: hz
# type: scalar
60


# name: pc
# type: sq_string
# elements: 1
# length: 21
gregor-Latitude-E6320


# name: experiment
# type: sq_string
# elements: 1
# length: 4
RFPb


# name: isOctave
# type: bool
1




