# Created by Octave 5.2.0, Mon Apr 04 12:08:26 2022 CEST <student@gregor-Latitude-E6320>
# name: RFP
# type: scalar struct
# ndims: 2
 1 1
# length: 10
# name: vp
# type: sq_string
# elements: 1
# length: 3
V16


# name: mapping
# type: scalar
1


# name: date
# type: sq_string
# elements: 1
# length: 15
20220404T120609


# name: block
# type: scalar
11


# name: outmat
# type: matrix
# rows: 48
# columns: 14
 1 11 123 0.40000000000000002 1 4 16 2000 -0.14159265358979312 1.3992843627929688 53 1 0.92500000000000004 0.89999999999999991
 2 11 506 3 1 4 16 2000 -2.1415926535897931 1.5235240459442139 59 0 1.0089999999999999 0.69999999999999996
 3 11 522 3 1 4 20 2200 -2.1415926535897931 1.9443480968475342 59 0 1.038 0.69999999999999996
 4 11 464 1.6000000000000001 2 4 16 2200 -1.1415926535897931 1.3697910308837891 59 0 1.107 1
 5 11 327 1.2 1 4 20 2000 2.8584073464102069 1.196605920791626 59 0 1.1950000000000001 0.89999999999999991
 6 11 537 3 2 3 16 2400 -3.1415926535897931 1.3821828365325928 59 0 1.1060000000000001 1
 7 11 43 0 1 4 20 2200 -1.1415926535897931 1.3567111492156982 53 1 0.97599999999999998 0.69999999999999996
 8 11 178 0.40000000000000002 2 4 16 2400 -2.1415926535897931 1.6000585556030273 53 1 1.107 0.89999999999999991
 9 11 238 0.80000000000000004 1 4 20 2400 2.8584073464102069 2.1752521991729736 59 0 1.1910000000000001 0.79999999999999993
 10 11 507 3 1 4 16 2000 -2.1415926535897931 1.694251537322998 59 0 1.0720000000000001 1
 11 11 248 0.80000000000000004 2 3 16 2200 2.8584073464102069 1.3361372947692871 59 0 0.95999999999999996 1
 12 11 342 1.2 2 3 16 2200 0.85840734641020688 1.4738616943359375 59 0 1.1639999999999999 0.89999999999999991
 13 11 214 0.80000000000000004 1 3 20 2400 -0.14159265358979312 1.5366456508636475 59 0 0.80000000000000004 1
 14 11 246 0.80000000000000004 2 3 16 2200 -1.1415926535897931 1.2650587558746338 53 1 1.036 1
 15 11 141 0.40000000000000002 1 4 20 2400 1.8584073464102069 2.294649600982666 53 1 0.80200000000000005 0.89999999999999991
 16 11 371 1.2 2 4 16 2400 0.85840734641020688 1.5735077857971191 53 1 1.016 0.89999999999999991
 17 11 276 0.80000000000000004 2 4 16 2400 -2.1415926535897931 1.348557710647583 53 1 1.196 0.79999999999999993
 18 11 498 3 1 3 20 2200 -3.1415926535897931 1.2261257171630859 59 0 0.99099999999999999 0.79999999999999993
 19 11 516 3 1 4 16 2400 1.8584073464102069 1.3770248889923096 59 0 0.88400000000000001 0.69999999999999996
 20 11 540 3 2 3 16 2400 -0.14159265358979312 1.4382750988006592 59 0 1.0680000000000001 0.89999999999999991
 21 11 175 0.40000000000000002 2 4 16 2200 -2.1415926535897931 1.3360438346862793 53 1 1.157 0.69999999999999996
 22 11 165 0.40000000000000002 2 3 20 2400 -3.1415926535897931 1.4620251655578613 53 1 0.80000000000000004 0.89999999999999991
 23 11 474 1.6000000000000001 2 4 20 2200 -0.14159265358979312 1.6774790287017822 59 0 1.0580000000000001 0.89999999999999991
 24 11 424 1.6000000000000001 1 4 20 2000 0.85840734641020688 1.6448976993560791 59 0 1.0589999999999999 0.79999999999999993
 25 11 244 0.80000000000000004 2 3 16 2000 -2.1415926535897931 1.5315918922424316 53 1 1.036 0.89999999999999991
 26 11 518 3 1 4 20 2000 2.8584073464102069 1.4522035121917725 59 0 1.1559999999999999 0.69999999999999996
 27 11 388 1.6000000000000001 1 3 16 2000 -1.1415926535897931 1.6801142692565918 59 0 0.96499999999999997 0.69999999999999996
 28 11 97 0.40000000000000002 1 3 16 2000 -0.14159265358979312 1.3687376976013184 53 1 0.93700000000000006 0.89999999999999991
 29 11 335 1.2 1 4 20 2400 1.8584073464102069 2.5184707641601562 53 1 0.89300000000000002 1
 30 11 182 0.40000000000000002 2 4 20 2000 -0.14159265358979312 4.2299106121063232 53 1 1.161 0.69999999999999996
 31 11 548 3 2 3 20 2200 -0.14159265358979312 1.2214457988739014 59 0 0.81599999999999995 0.69999999999999996
 32 11 164 0.40000000000000002 2 3 20 2200 -1.1415926535897931 1.8931477069854736 59 0 0.95299999999999996 0.69999999999999996
 33 11 211 0.80000000000000004 1 3 20 2200 2.8584073464102069 7.0779266357421875 59 0 0.86699999999999999 1
 34 11 430 1.6000000000000001 1 4 20 2400 -3.1415926535897931 1.2344646453857422 59 0 1.194 0.89999999999999991
 35 11 219 0.80000000000000004 1 4 16 2000 -1.1415926535897931 1.6760525703430176 59 0 0.91800000000000004 0.79999999999999993
 36 11 520 3 1 4 20 2000 -3.1415926535897931 1.3636069297790527 59 0 1.165 1
 37 11 350 1.2 2 3 20 2000 1.8584073464102069 1.3074617385864258 59 0 1.1970000000000001 0.79999999999999993
 38 11 376 1.2 2 4 20 2000 -2.1415926535897931 1.3935999870300293 59 0 1.075 1
 39 11 570 3 2 4 20 2200 -3.1415926535897931 1.3455841541290283 59 0 0.93899999999999995 1
 40 11 243 0.80000000000000004 2 3 16 2000 0.85840734641020688 2.124767541885376 59 0 0.96999999999999997 0.69999999999999996
 41 11 547 3 2 3 20 2200 -3.1415926535897931 1.3224759101867676 59 0 0.91700000000000004 1
 42 11 565 3 2 4 20 2000 0.85840734641020688 1.3574953079223633 59 0 0.84799999999999998 0.69999999999999996
 43 11 347 1.2 2 3 16 2400 2.8584073464102069 1.8424949645996094 59 0 0.88700000000000001 1
 44 11 64 0 2 3 20 2000 2.8584073464102069 1.437598705291748 53 1 0.88100000000000001 0.89999999999999991
 45 11 328 1.2 1 4 20 2000 1.8584073464102069 1.4191880226135254 59 0 0.93500000000000005 0.69999999999999996
 46 11 285 0.80000000000000004 2 4 20 2400 -2.1415926535897931 5.2868900299072266 53 1 1.0329999999999999 0.89999999999999991
 47 11 249 0.80000000000000004 2 3 16 2400 0.85840734641020688 1.5245704650878906 59 0 1.135 0.89999999999999991
 48 11 546 3 2 3 20 2200 -3.1415926535897931 2.5061349868774414 59 0 0.85599999999999998 0.69999999999999996


# name: resolution
# type: matrix
# rows: 1
# columns: 2
 1366 768


# name: hz
# type: scalar
60


# name: pc
# type: sq_string
# elements: 1
# length: 21
gregor-Latitude-E6320


# name: experiment
# type: sq_string
# elements: 1
# length: 4
RFPb


# name: isOctave
# type: bool
1




