# Created by Octave 5.2.0, Mon Apr 04 11:55:42 2022 CEST <student@gregor-Latitude-E6320>
# name: RFP
# type: scalar struct
# ndims: 2
 1 1
# length: 10
# name: vp
# type: sq_string
# elements: 1
# length: 3
V16


# name: mapping
# type: scalar
1


# name: date
# type: sq_string
# elements: 1
# length: 15
20220404T115328


# name: block
# type: scalar
6


# name: outmat
# type: matrix
# rows: 48
# columns: 14
 1 6 1 0 1 3 16 2000 -1.1415926535897931 4.0361566543579102 53 1 0.95499999999999996 0.89999999999999991
 2 6 192 0.40000000000000002 2 4 20 2400 1.8584073464102069 1.6118273735046387 53 1 0.93600000000000005 1
 3 6 409 1.6000000000000001 1 4 16 2000 -0.14159265358979312 1.3670351505279541 59 0 0.90300000000000002 0.69999999999999996
 4 6 471 1.6000000000000001 2 4 20 2000 1.8584073464102069 1.2070724964141846 59 0 1.1659999999999999 1
 5 6 158 0.40000000000000002 2 3 20 2000 0.85840734641020688 1.5814239978790283 59 0 0.996 0.79999999999999993
 6 6 201 0.80000000000000004 1 3 16 2400 0.85840734641020688 1.4136893749237061 59 0 0.86099999999999999 0.79999999999999993
 7 6 458 1.6000000000000001 2 4 16 2000 -3.1415926535897931 1.5335628986358643 53 1 1.139 0.79999999999999993
 8 6 20 0 1 3 20 2200 1.8584073464102069 1.5789859294891357 53 1 1.163 0.79999999999999993
 9 6 564 3 2 4 16 2400 2.8584073464102069 1.9672079086303711 59 0 1.123 1
 10 6 396 1.6000000000000001 1 3 16 2400 -1.1415926535897931 7.4476082324981689 59 0 0.97799999999999998 0.69999999999999996
 11 6 185 0.40000000000000002 2 4 20 2200 -3.1415926535897931 1.5947713851928711 53 1 1.081 1
 12 6 532 3 2 3 16 2000 -2.1415926535897931 1.2285001277923584 59 0 1.026 0.79999999999999993
 13 6 261 0.80000000000000004 2 3 20 2400 -1.1415926535897931 1.4712996482849121 59 0 1.0269999999999999 1
 14 6 292 1.2 1 3 16 2000 1.8584073464102069 2.0703709125518799 59 0 0.81999999999999995 0.79999999999999993
 15 6 63 0 2 3 20 2000 2.8584073464102069 1.2787318229675293 53 1 0.95999999999999996 0.79999999999999993
 16 6 102 0.40000000000000002 1 3 16 2200 -1.1415926535897931 1.529942512512207 53 1 1.1359999999999999 0.79999999999999993
 17 6 290 1.2 1 3 16 2000 1.8584073464102069 1.2194521427154541 59 0 1.0920000000000001 1
 18 6 8 0 1 3 16 2200 1.8584073464102069 2.3590593338012695 53 1 1.173 0.69999999999999996
 19 6 94 0 2 4 20 2400 -1.1415926535897931 1.3913280963897705 53 1 0.92700000000000005 0.79999999999999993
 20 6 563 3 2 4 16 2400 0.85840734641020688 1.2619192600250244 59 0 1.125 0.89999999999999991
 21 6 348 1.2 2 3 16 2400 -3.1415926535897931 1.4329597949981689 59 0 0.97099999999999997 0.89999999999999991
 22 6 103 0.40000000000000002 1 3 16 2200 1.8584073464102069 1.2799136638641357 53 1 0.92400000000000004 0.89999999999999991
 23 6 88 0 2 4 20 2000 2.8584073464102069 1.5944719314575195 53 1 0.89300000000000002 0.79999999999999993
 24 6 15 0 1 3 20 2000 1.8584073464102069 1.6855485439300537 53 1 1.198 0.69999999999999996
 25 6 156 0.40000000000000002 2 3 16 2400 -1.1415926535897931 1.4465100765228271 53 1 1.1040000000000001 1
 26 6 383 1.2 2 4 20 2400 -0.14159265358979312 1.669356107711792 59 0 1.139 0.89999999999999991
 27 6 390 1.6000000000000001 1 3 16 2200 1.8584073464102069 1.5862407684326172 59 0 1.161 1
 28 6 301 1.2 1 3 20 2000 0.85840734641020688 2.6112954616546631 59 0 1.0640000000000001 0.69999999999999996
 29 6 298 1.2 1 3 16 2400 -0.14159265358979312 1.2661826610565186 59 0 1.008 0.69999999999999996
 30 6 152 0.40000000000000002 2 3 16 2200 -3.1415926535897931 1.7857000827789307 53 1 0.90800000000000003 0.79999999999999993
 31 6 434 1.6000000000000001 2 3 16 2000 2.8584073464102069 1.4129638671875 59 0 1.006 0.69999999999999996
 32 6 189 0.40000000000000002 2 4 20 2400 -1.1415926535897931 1.2042567729949951 53 1 0.86799999999999999 0.69999999999999996
 33 6 34 0 1 4 16 2400 1.8584073464102069 2.4459526538848877 53 1 0.96199999999999997 0.89999999999999991
 34 6 560 3 2 4 16 2200 -2.1415926535897931 3.0531935691833496 59 0 1.101 0.79999999999999993
 35 6 118 0.40000000000000002 1 3 20 2400 -1.1415926535897931 1.4504852294921875 53 1 0.86199999999999999 0.79999999999999993
 36 6 309 1.2 1 3 20 2400 1.8584073464102069 1.1234340667724609 59 0 0.80600000000000005 0.69999999999999996
 37 6 239 0.80000000000000004 1 4 20 2400 0.85840734641020688 1.9925053119659424 59 0 1.0389999999999999 0.79999999999999993
 38 6 512 3 1 4 16 2200 -1.1415926535897931 1.5061314105987549 59 0 0.92500000000000004 0.79999999999999993
 39 6 330 1.2 1 4 20 2200 1.8584073464102069 1.9439988136291504 59 0 0.80800000000000005 1
 40 6 263 0.80000000000000004 2 3 20 2400 0.85840734641020688 1.5611791610717773 59 0 0.96499999999999997 0.79999999999999993
 41 6 134 0.40000000000000002 1 4 20 2000 -2.1415926535897931 1.7119710445404053 53 1 0.82499999999999996 1
 42 6 384 1.2 2 4 20 2400 -2.1415926535897931 1.148648738861084 59 0 1.194 1
 43 6 406 1.6000000000000001 1 3 20 2400 2.8584073464102069 1.1849384307861328 59 0 1.1839999999999999 0.89999999999999991
 44 6 157 0.40000000000000002 2 3 20 2000 2.8584073464102069 1.3348424434661865 59 0 0.92000000000000004 0.69999999999999996
 45 6 110 0.40000000000000002 1 3 20 2000 -1.1415926535897931 1.3411679267883301 53 1 1.026 0.89999999999999991
 46 6 332 1.2 1 4 20 2200 -3.1415926535897931 1.2617366313934326 59 0 1.1459999999999999 1
 47 6 404 1.6000000000000001 1 3 20 2200 1.8584073464102069 1.1919829845428467 59 0 0.86699999999999999 0.79999999999999993
 48 6 423 1.6000000000000001 1 4 20 2000 1.8584073464102069 1.2831828594207764 59 0 0.872 0.69999999999999996


# name: resolution
# type: matrix
# rows: 1
# columns: 2
 1366 768


# name: hz
# type: scalar
60


# name: pc
# type: sq_string
# elements: 1
# length: 21
gregor-Latitude-E6320


# name: experiment
# type: sq_string
# elements: 1
# length: 4
RFPb


# name: isOctave
# type: bool
1




