# Created by Octave 5.2.0, Mon Apr 04 12:11:19 2022 CEST <student@gregor-Latitude-E6320>
# name: RFP
# type: scalar struct
# ndims: 2
 1 1
# length: 10
# name: vp
# type: sq_string
# elements: 1
# length: 3
V16


# name: mapping
# type: scalar
1


# name: date
# type: sq_string
# elements: 1
# length: 15
20220404T120913


# name: block
# type: scalar
12


# name: outmat
# type: matrix
# rows: 48
# columns: 14
 1 12 77 0 2 4 16 2200 -2.1415926535897931 1.4693248271942139 53 1 1.165 1
 2 12 169 0.40000000000000002 2 4 16 2000 1.8584073464102069 1.5215673446655273 53 1 1.097 0.79999999999999993
 3 12 204 0.80000000000000004 1 3 16 2400 2.8584073464102069 1.5914626121520996 59 0 1.036 0.69999999999999996
 4 12 61 0 2 3 20 2000 -3.1415926535897931 1.2059957981109619 53 1 0.875 0.79999999999999993
 5 12 85 0 2 4 20 2000 -1.1415926535897931 1.6486992835998535 53 1 1.0429999999999999 0.79999999999999993
 6 12 467 1.6000000000000001 2 4 16 2400 0.85840734641020688 1.217524528503418 59 0 0.80200000000000005 1
 7 12 527 3 1 4 20 2400 1.8584073464102069 1.2505576610565186 59 0 1.028 1
 8 12 7 0 1 3 16 2200 -1.1415926535897931 1.4042365550994873 53 1 0.95299999999999996 0.79999999999999993
 9 12 370 1.2 2 4 16 2400 2.8584073464102069 1.1273701190948486 59 0 0.81899999999999995 1
 10 12 120 0.40000000000000002 1 3 20 2400 1.8584073464102069 1.5942738056182861 53 1 0.995 0.89999999999999991
 11 12 166 0.40000000000000002 2 3 20 2400 -2.1415926535897931 1.547670841217041 53 1 1.004 0.89999999999999991
 12 12 413 1.6000000000000001 1 4 16 2200 -1.1415926535897931 2.1095521450042725 59 0 1.052 0.89999999999999991
 13 12 549 3 2 3 20 2400 -3.1415926535897931 1.3013548851013184 59 0 0.89500000000000002 1
 14 12 304 1.2 1 3 20 2000 1.8584073464102069 1.9745719432830811 59 0 0.89100000000000001 0.89999999999999991
 15 12 104 0.40000000000000002 1 3 16 2200 -2.1415926535897931 2.527843713760376 53 1 0.871 1
 16 12 472 1.6000000000000001 2 4 20 2000 -1.1415926535897931 1.9729115962982178 59 0 1.198 0.89999999999999991
 17 12 500 3 1 3 20 2200 -2.1415926535897931 1.4478626251220703 59 0 0.82599999999999996 0.79999999999999993
 18 12 262 0.80000000000000004 2 3 20 2400 -0.14159265358979312 1.8441481590270996 59 0 0.84499999999999997 0.69999999999999996
 19 12 21 0 1 3 20 2400 -2.1415926535897931 1.4392943382263184 53 1 1.1419999999999999 0.69999999999999996
 20 12 346 1.2 2 3 16 2400 -0.14159265358979312 2.0769610404968262 59 0 0.85299999999999998 0.79999999999999993
 21 12 168 0.40000000000000002 2 3 20 2400 -0.14159265358979312 2.4740283489227295 53 1 1.1819999999999999 0.79999999999999993
 22 12 408 1.6000000000000001 1 3 20 2400 -2.1415926535897931 2.5553982257843018 59 0 1.089 0.79999999999999993
 23 12 111 0.40000000000000002 1 3 20 2000 -2.1415926535897931 1.4925637245178223 59 0 0.96299999999999997 0.69999999999999996
 24 12 98 0.40000000000000002 1 3 16 2000 -1.1415926535897931 1.429802417755127 53 1 1.1259999999999999 1
 25 12 265 0.80000000000000004 2 4 16 2000 -1.1415926535897931 1.3961102962493896 59 0 1.153 0.79999999999999993
 26 12 397 1.6000000000000001 1 3 20 2000 -3.1415926535897931 1.3029758930206299 59 0 1.093 1
 27 12 210 0.80000000000000004 1 3 20 2200 -1.1415926535897931 1.2305686473846436 59 0 0.82599999999999996 0.89999999999999991
 28 12 311 1.2 1 3 20 2400 -3.1415926535897931 1.0911602973937988 59 0 1.1850000000000001 0.69999999999999996
 29 12 556 3 2 4 16 2000 -1.1415926535897931 1.4033451080322266 59 0 0.89500000000000002 0.69999999999999996
 30 12 294 1.2 1 3 16 2200 0.85840734641020688 1.2822146415710449 59 0 1.0469999999999999 1
 31 12 56 0 2 3 16 2200 -1.1415926535897931 1.4451870918273926 53 1 1.0820000000000001 1
 32 12 76 0 2 4 16 2000 0.85840734641020688 1.5572831630706787 53 1 0.93200000000000005 1
 33 12 336 1.2 1 4 20 2400 0.85840734641020688 1.4215660095214844 59 0 1.1319999999999999 0.69999999999999996
 34 12 109 0.40000000000000002 1 3 20 2000 -2.1415926535897931 1.4473836421966553 59 0 1.0980000000000001 0.89999999999999991
 35 12 60 0 2 3 16 2400 2.8584073464102069 1.4932746887207031 53 1 0.88500000000000001 1
 36 12 127 0.40000000000000002 1 4 16 2200 -3.1415926535897931 2.2112066745758057 53 1 0.97399999999999998 0.69999999999999996
 37 12 252 0.80000000000000004 2 3 16 2400 -0.14159265358979312 1.9119715690612793 53 1 0.92200000000000004 0.79999999999999993
 38 12 2 0 1 3 16 2000 1.8584073464102069 1.5754158496856689 53 1 1.0669999999999999 1
 39 12 457 1.6000000000000001 2 4 16 2000 2.8584073464102069 1.382253885269165 59 0 0.81999999999999995 0.69999999999999996
 40 12 499 3 1 3 20 2200 0.85840734641020688 1.7477068901062012 59 0 0.81000000000000005 1
 41 12 150 0.40000000000000002 2 3 16 2200 0.85840734641020688 1.6676297187805176 53 1 0.98699999999999999 0.69999999999999996
 42 12 536 3 2 3 16 2200 -2.1415926535897931 1.3962175846099854 59 0 0.81000000000000005 1
 43 12 509 3 1 4 16 2200 -3.1415926535897931 1.3240566253662109 59 0 1.0589999999999999 0.69999999999999996
 44 12 567 3 2 4 20 2000 -1.1415926535897931 1.5473194122314453 59 0 0.93500000000000005 0.79999999999999993
 45 12 502 3 1 3 20 2400 -0.14159265358979312 1.2418704032897949 59 0 0.96599999999999997 0.79999999999999993
 46 12 473 1.6000000000000001 2 4 20 2200 -1.1415926535897931 1.1246061325073242 59 0 0.91700000000000004 0.89999999999999991
 47 12 393 1.6000000000000001 1 3 16 2400 1.8584073464102069 2.7213001251220703 59 0 1.117 1
 48 12 170 0.40000000000000002 2 4 16 2000 -3.1415926535897931 1.3663153648376465 53 1 1.107 0.79999999999999993


# name: resolution
# type: matrix
# rows: 1
# columns: 2
 1366 768


# name: hz
# type: scalar
60


# name: pc
# type: sq_string
# elements: 1
# length: 21
gregor-Latitude-E6320


# name: experiment
# type: sq_string
# elements: 1
# length: 4
RFPb


# name: isOctave
# type: bool
1




