# Created by Octave 5.2.0, Mon Apr 04 12:05:19 2022 CEST <student@gregor-Latitude-E6320>
# name: RFP
# type: scalar struct
# ndims: 2
 1 1
# length: 10
# name: vp
# type: sq_string
# elements: 1
# length: 3
V16


# name: mapping
# type: scalar
1


# name: date
# type: sq_string
# elements: 1
# length: 15
20220404T120314


# name: block
# type: scalar
10


# name: outmat
# type: matrix
# rows: 48
# columns: 14
 1 10 544 3 2 3 20 2000 -3.1415926535897931 1.1389284133911133 59 0 1.1699999999999999 0.69999999999999996
 2 10 216 0.80000000000000004 1 3 20 2400 -3.1415926535897931 1.0622847080230713 59 0 0.93799999999999994 0.69999999999999996
 3 10 300 1.2 1 3 16 2400 0.85840734641020688 1.2225921154022217 59 0 1.0149999999999999 1
 4 10 415 1.6000000000000001 1 4 16 2200 -3.1415926535897931 1.447537899017334 59 0 1.165 0.69999999999999996
 5 10 331 1.2 1 4 20 2200 2.8584073464102069 1.5876345634460449 59 0 0.93200000000000005 0.69999999999999996
 6 10 291 1.2 1 3 16 2000 -0.14159265358979312 1.2271990776062012 59 0 1.071 0.89999999999999991
 7 10 343 1.2 2 3 16 2200 -1.1415926535897931 1.6995322704315186 53 1 1.1639999999999999 1
 8 10 313 1.2 1 4 16 2000 0.85840734641020688 1.0825388431549072 59 0 0.81999999999999995 0.79999999999999993
 9 10 414 1.6000000000000001 1 4 16 2200 -0.14159265358979312 1.521385669708252 59 0 0.83699999999999997 0.89999999999999991
 10 10 206 0.80000000000000004 1 3 20 2000 -0.14159265358979312 1.6738960742950439 59 0 0.80000000000000004 0.69999999999999996
 11 10 539 3 2 3 16 2400 -0.14159265358979312 1.1913292407989502 59 0 1.1259999999999999 1
 12 10 107 0.40000000000000002 1 3 16 2400 2.8584073464102069 1.3142924308776855 53 1 1.0740000000000001 0.89999999999999991
 13 10 461 1.6000000000000001 2 4 16 2200 -3.1415926535897931 1.3187670707702637 59 0 0.86699999999999999 0.69999999999999996
 14 10 557 3 2 4 16 2200 -3.1415926535897931 1.2461235523223877 59 0 1.097 1
 15 10 306 1.2 1 3 20 2200 2.8584073464102069 1.2453827857971191 59 0 0.82999999999999996 0.89999999999999991
 16 10 194 0.80000000000000004 1 3 16 2000 -2.1415926535897931 1.3321292400360107 59 0 1.0700000000000001 0.79999999999999993
 17 10 572 3 2 4 20 2200 1.8584073464102069 0.90419220924377441 59 0 0.80900000000000005 1
 18 10 212 0.80000000000000004 1 3 20 2200 -0.14159265358979312 1.3671038150787354 59 0 0.98399999999999999 0.69999999999999996
 19 10 326 1.2 1 4 20 2000 0.85840734641020688 1.2968287467956543 59 0 0.88900000000000001 0.79999999999999993
 20 10 187 0.40000000000000002 2 4 20 2200 0.85840734641020688 2.008481502532959 59 0 1.083 0.79999999999999993
 21 10 553 3 2 4 16 2000 2.8584073464102069 2.0926635265350342 59 0 1.1890000000000001 0.69999999999999996
 22 10 341 1.2 2 3 16 2200 1.8584073464102069 2.4999008178710938 59 0 1.0549999999999999 0.79999999999999993
 23 10 17 0 1 3 20 2200 1.8584073464102069 1.2109725475311279 53 1 0.99099999999999999 0.79999999999999993
 24 10 199 0.80000000000000004 1 3 16 2200 2.8584073464102069 1.7965872287750244 53 1 0.82899999999999996 0.69999999999999996
 25 10 58 0 2 3 16 2400 -0.14159265358979312 1.4529266357421875 53 1 0.873 0.89999999999999991
 26 10 57 0 2 3 16 2400 0.85840734641020688 1.4200310707092285 53 1 1.0129999999999999 1
 27 10 510 3 1 4 16 2200 0.85840734641020688 1.9597177505493164 59 0 0.98199999999999998 0.69999999999999996
 28 10 99 0.40000000000000002 1 3 16 2000 2.8584073464102069 1.4188401699066162 53 1 1.133 0.89999999999999991
 29 10 508 3 1 4 16 2000 -3.1415926535897931 2.0217719078063965 59 0 0.82199999999999995 0.79999999999999993
 30 10 82 0 2 4 16 2400 0.85840734641020688 1.1538219451904297 53 1 1.153 1
 31 10 163 0.40000000000000002 2 3 20 2200 -3.1415926535897931 1.1032097339630127 59 0 1.083 0.69999999999999996
 32 10 260 0.80000000000000004 2 3 20 2200 -3.1415926535897931 1.566258430480957 59 0 1.1899999999999999 0.79999999999999993
 33 10 398 1.6000000000000001 1 3 20 2000 -1.1415926535897931 1.6219155788421631 59 0 1.149 0.69999999999999996
 34 10 568 3 2 4 20 2000 1.8584073464102069 1.4030354022979736 59 0 1.0229999999999999 0.79999999999999993
 35 10 486 3 1 3 16 2200 -2.1415926535897931 1.58658766746521 59 0 1.012 0.69999999999999996
 36 10 362 1.2 2 4 16 2000 0.85840734641020688 1.5045797824859619 59 0 1.139 0.69999999999999996
 37 10 281 0.80000000000000004 2 4 20 2200 0.85840734641020688 1.5610649585723877 59 0 1.03 0.69999999999999996
 38 10 68 0 2 3 20 2200 -1.1415926535897931 1.4987859725952148 53 1 1.1559999999999999 0.89999999999999991
 39 10 302 1.2 1 3 20 2000 1.8584073464102069 1.5651381015777588 59 0 1.077 0.89999999999999991
 40 10 504 3 1 3 20 2400 -3.1415926535897931 1.8907175064086914 59 0 1.1439999999999999 0.89999999999999991
 41 10 44 0 1 4 20 2200 -2.1415926535897931 1.295166015625 53 1 1.155 0.69999999999999996
 42 10 305 1.2 1 3 20 2200 -0.14159265358979312 1.8690335750579834 59 0 0.85699999999999998 0.79999999999999993
 43 10 26 0 1 4 16 2000 2.8584073464102069 1.5444009304046631 53 1 0.91000000000000003 0.89999999999999991
 44 10 329 1.2 1 4 20 2200 -0.14159265358979312 2.0982320308685303 59 0 1.135 0.69999999999999996
 45 10 37 0 1 4 20 2000 0.85840734641020688 1.869746208190918 53 1 0.84199999999999997 1
 46 10 325 1.2 1 4 20 2000 -3.1415926535897931 2.0182435512542725 59 0 1.143 0.69999999999999996
 47 10 36 0 1 4 16 2400 -0.14159265358979312 3.1367135047912598 53 1 0.878 1
 48 10 433 1.6000000000000001 2 3 16 2000 -2.1415926535897931 1.7584338188171387 59 0 0.84999999999999998 0.79999999999999993


# name: resolution
# type: matrix
# rows: 1
# columns: 2
 1366 768


# name: hz
# type: scalar
60


# name: pc
# type: sq_string
# elements: 1
# length: 21
gregor-Latitude-E6320


# name: experiment
# type: sq_string
# elements: 1
# length: 4
RFPb


# name: isOctave
# type: bool
1




