# Created by Octave 5.2.0, Mon Apr 04 11:48:17 2022 CEST <student@gregor-Latitude-E6320>
# name: RFP
# type: scalar struct
# ndims: 2
 1 1
# length: 10
# name: vp
# type: sq_string
# elements: 1
# length: 3
V16


# name: mapping
# type: scalar
1


# name: date
# type: sq_string
# elements: 1
# length: 15
20220404T114603


# name: block
# type: scalar
4


# name: outmat
# type: matrix
# rows: 48
# columns: 14
 1 4 571 3 2 4 20 2200 -1.1415926535897931 2.4728875160217285 59 0 1.014 0.69999999999999996
 2 4 558 3 2 4 16 2200 -0.14159265358979312 1.2256720066070557 59 0 1.024 0.89999999999999991
 3 4 272 0.80000000000000004 2 4 16 2200 2.8584073464102069 1.3302617073059082 59 0 1.169 0.69999999999999996
 4 4 425 1.6000000000000001 1 4 20 2200 -3.1415926535897931 1.3216032981872559 59 0 0.85099999999999998 0.69999999999999996
 5 4 523 3 1 4 20 2200 0.85840734641020688 1.4192516803741455 59 0 0.91700000000000004 0.69999999999999996
 6 4 240 0.80000000000000004 1 4 20 2400 -1.1415926535897931 1.2711176872253418 53 1 0.871 1
 7 4 529 3 2 3 16 2000 -3.1415926535897931 1.66265869140625 59 0 0.95499999999999996 0.79999999999999993
 8 4 449 1.6000000000000001 2 3 20 2200 -1.1415926535897931 1.4592914581298828 59 0 0.998 0.79999999999999993
 9 4 186 0.40000000000000002 2 4 20 2200 -2.1415926535897931 1.7822756767272949 53 1 0.91600000000000004 0.69999999999999996
 10 4 10 0 1 3 16 2400 1.8584073464102069 1.7630057334899902 53 1 1.175 0.69999999999999996
 11 4 269 0.80000000000000004 2 4 16 2200 2.8584073464102069 1.8376977443695068 53 1 1.1339999999999999 0.89999999999999991
 12 4 339 1.2 2 3 16 2000 2.8584073464102069 1.7799582481384277 53 1 1.1299999999999999 0.89999999999999991
 13 4 455 1.6000000000000001 2 3 20 2400 -1.1415926535897931 2.9113140106201172 59 0 0.91300000000000003 0.69999999999999996
 14 4 255 0.80000000000000004 2 3 20 2000 -0.14159265358979312 2.2069432735443115 59 0 0.84299999999999997 0.69999999999999996
 15 4 452 1.6000000000000001 2 3 20 2200 -1.1415926535897931 1.9655444622039795 59 0 0.872 1
 16 4 555 3 2 4 16 2000 -2.1415926535897931 2.6057848930358887 59 0 1.105 0.79999999999999993
 17 4 91 0 2 4 20 2200 -0.14159265358979312 1.4920105934143066 53 1 1.0329999999999999 0.69999999999999996
 18 4 308 1.2 1 3 20 2200 2.8584073464102069 1.5698134899139404 59 0 1.175 0.69999999999999996
 19 4 490 3 1 3 16 2400 -3.1415926535897931 2.8179609775543213 59 0 0.86899999999999999 0.69999999999999996
 20 4 437 1.6000000000000001 2 3 16 2200 -0.14159265358979312 3.5102007389068604 59 0 1.091 0.69999999999999996
 21 4 13 0 1 3 20 2000 2.8584073464102069 1.3850657939910889 53 1 0.88300000000000001 1
 22 4 405 1.6000000000000001 1 3 20 2400 0.85840734641020688 1.7392699718475342 59 0 0.93300000000000005 1
 23 4 483 3 1 3 16 2000 -0.14159265358979312 1.3770298957824707 59 0 0.90800000000000003 0.69999999999999996
 24 4 142 0.40000000000000002 1 4 20 2400 -1.1415926535897931 1.2589259147644043 53 1 0.997 0.89999999999999991
 25 4 322 1.2 1 4 16 2400 2.8584073464102069 1.4808478355407715 59 0 1.004 0.79999999999999993
 26 4 46 0 1 4 20 2400 0.85840734641020688 2.380946159362793 53 1 0.94699999999999995 0.79999999999999993
 27 4 52 0 2 3 16 2000 -0.14159265358979312 2.699427604675293 53 1 0.94399999999999995 0.69999999999999996
 28 4 297 1.2 1 3 16 2400 -3.1415926535897931 1.5131382942199707 59 0 0.90400000000000003 0.79999999999999993
 29 4 440 1.6000000000000001 2 3 16 2200 -2.1415926535897931 3.9945745468139648 59 0 0.84799999999999998 0.89999999999999991
 30 4 318 1.2 1 4 16 2200 1.8584073464102069 1.3629937171936035 53 1 1.1890000000000001 0.79999999999999993
 31 4 438 1.6000000000000001 2 3 16 2200 -3.1415926535897931 1.3135929107666016 59 0 0.95499999999999996 1
 32 4 62 0 2 3 20 2000 -1.1415926535897931 1.2018327713012695 53 1 1.1799999999999999 1
 33 4 12 0 1 3 16 2400 -1.1415926535897931 1.2459836006164551 53 1 1.0840000000000001 1
 34 4 115 0.40000000000000002 1 3 20 2200 2.8584073464102069 1.3298323154449463 53 1 0.98199999999999998 0.69999999999999996
 35 4 543 3 2 3 20 2000 -0.14159265358979312 1.3859546184539795 59 0 1.0780000000000001 1
 36 4 149 0.40000000000000002 2 3 16 2200 1.8584073464102069 1.302048921585083 53 1 0.873 1
 37 4 407 1.6000000000000001 1 3 20 2400 1.8584073464102069 1.2732610702514648 59 0 0.83199999999999996 0.89999999999999991
 38 4 92 0 2 4 20 2200 -3.1415926535897931 1.5059926509857178 53 1 0.90400000000000003 0.79999999999999993
 39 4 482 3 1 3 16 2000 -3.1415926535897931 1.4325346946716309 59 0 0.92700000000000005 0.79999999999999993
 40 4 72 0 2 3 20 2400 -0.14159265358979312 2.5380420684814453 53 1 0.94099999999999995 0.69999999999999996
 41 4 59 0 2 3 16 2400 -3.1415926535897931 1.6069355010986328 53 1 1.1140000000000001 1
 42 4 345 1.2 2 3 16 2400 -0.14159265358979312 1.2339491844177246 59 0 0.95299999999999996 1
 43 4 484 3 1 3 16 2000 -2.1415926535897931 1.5036604404449463 59 0 1.1579999999999999 0.69999999999999996
 44 4 126 0.40000000000000002 1 4 16 2200 1.8584073464102069 1.4664478302001953 53 1 1.171 0.79999999999999993
 45 4 481 3 1 3 16 2000 0.85840734641020688 1.592282772064209 59 0 1.0329999999999999 0.89999999999999991
 46 4 436 1.6000000000000001 2 3 16 2000 0.85840734641020688 2.203289270401001 59 0 0.84299999999999997 1
 47 4 24 0 1 3 20 2400 -2.1415926535897931 1.7556297779083252 53 1 1.0149999999999999 0.69999999999999996
 48 4 521 3 1 4 20 2200 2.8584073464102069 1.6184456348419189 59 0 1.1220000000000001 0.69999999999999996


# name: resolution
# type: matrix
# rows: 1
# columns: 2
 1366 768


# name: hz
# type: scalar
60


# name: pc
# type: sq_string
# elements: 1
# length: 21
gregor-Latitude-E6320


# name: experiment
# type: sq_string
# elements: 1
# length: 4
RFPb


# name: isOctave
# type: bool
1




