# Created by Octave 5.2.0, Mon Apr 04 11:42:13 2022 CEST <student@gregor-Latitude-E6320>
# name: RFP
# type: scalar struct
# ndims: 2
 1 1
# length: 10
# name: vp
# type: sq_string
# elements: 1
# length: 3
V16


# name: mapping
# type: scalar
1


# name: date
# type: sq_string
# elements: 1
# length: 15
20220404T113953


# name: block
# type: scalar
2


# name: outmat
# type: matrix
# rows: 48
# columns: 14
 1 2 270 0.80000000000000004 2 4 16 2200 -2.1415926535897931 5.434518575668335 53 1 0.999 1
 2 2 379 1.2 2 4 20 2200 1.8584073464102069 1.2690620422363281 59 0 0.97099999999999997 1
 3 2 492 3 1 3 16 2400 -3.1415926535897931 1.1995480060577393 59 0 0.92900000000000005 0.89999999999999991
 4 2 139 0.40000000000000002 1 4 20 2200 1.8584073464102069 1.3288209438323975 53 1 1.1120000000000001 0.79999999999999993
 5 2 271 0.80000000000000004 2 4 16 2200 1.8584073464102069 3.2814126014709473 53 1 1.0620000000000001 0.89999999999999991
 6 2 162 0.40000000000000002 2 3 20 2200 -0.14159265358979312 2.3042144775390625 53 1 0.83099999999999996 0.89999999999999991
 7 2 366 1.2 2 4 16 2200 1.8584073464102069 1.5536653995513916 59 0 1.1699999999999999 0.89999999999999991
 8 2 188 0.40000000000000002 2 4 20 2200 -2.1415926535897931 3.0044395923614502 59 0 0.81299999999999994 0.69999999999999996
 9 2 75 0 2 4 16 2000 0.85840734641020688 1.5734803676605225 53 1 1.0860000000000001 0.69999999999999996
 10 2 31 0 1 4 16 2200 -3.1415926535897931 1.7134981155395508 53 1 0.88 0.89999999999999991
 11 2 74 0 2 4 16 2000 0.85840734641020688 2.5172317028045654 53 1 0.97799999999999998 0.89999999999999991
 12 2 277 0.80000000000000004 2 4 20 2000 -0.14159265358979312 1.3007688522338867 59 0 1.0800000000000001 0.79999999999999993
 13 2 130 0.40000000000000002 1 4 16 2400 -0.14159265358979312 2.0126707553863525 53 1 1.165 1
 14 2 422 1.6000000000000001 1 4 20 2000 -1.1415926535897931 1.3810832500457764 59 0 0.98799999999999999 0.79999999999999993
 15 2 200 0.80000000000000004 1 3 16 2200 -0.14159265358979312 4.7243163585662842 53 1 1.0620000000000001 0.79999999999999993
 16 2 463 1.6000000000000001 2 4 16 2200 1.8584073464102069 1.9448022842407227 59 0 1.024 0.79999999999999993
 17 2 16 0 1 3 20 2000 -1.1415926535897931 3.4014060497283936 59 0 0.89600000000000002 0.69999999999999996
 18 2 410 1.6000000000000001 1 4 16 2000 -0.14159265358979312 1.7886767387390137 59 0 0.86099999999999999 1
 19 2 174 0.40000000000000002 2 4 16 2200 -2.1415926535897931 2.1304938793182373 53 1 1.1439999999999999 1
 20 2 144 0.40000000000000002 1 4 20 2400 1.8584073464102069 1.4687047004699707 59 0 0.84199999999999997 0.89999999999999991
 21 2 282 0.80000000000000004 2 4 20 2200 1.8584073464102069 1.6535811424255371 59 0 1.0700000000000001 0.69999999999999996
 22 2 561 3 2 4 16 2400 -2.1415926535897931 1.6698074340820312 59 0 0.96999999999999997 0.89999999999999991
 23 2 95 0 2 4 20 2400 1.8584073464102069 1.3336396217346191 53 1 1.1000000000000001 1
 24 2 399 1.6000000000000001 1 3 20 2000 0.85840734641020688 1.6298880577087402 59 0 1.0589999999999999 0.89999999999999991
 25 2 319 1.2 1 4 16 2200 -0.14159265358979312 1.3595266342163086 59 0 1.1679999999999999 0.79999999999999993
 26 2 51 0 2 3 16 2000 -3.1415926535897931 1.2886075973510742 53 1 0.96399999999999997 0.69999999999999996
 27 2 451 1.6000000000000001 2 3 20 2200 0.85840734641020688 1.3915379047393799 59 0 0.84299999999999997 0.79999999999999993
 28 2 355 1.2 2 3 20 2200 -0.14159265358979312 1.2453508377075195 59 0 0.90200000000000002 0.89999999999999991
 29 2 381 1.2 2 4 20 2400 -0.14159265358979312 1.1000034809112549 59 0 0.97899999999999998 0.79999999999999993
 30 2 485 3 1 3 16 2200 1.8584073464102069 1.1021003723144531 59 0 1.0900000000000001 0.69999999999999996
 31 2 528 3 1 4 20 2400 -3.1415926535897931 1.3340597152709961 59 0 0.94799999999999995 0.69999999999999996
 32 2 477 1.6000000000000001 2 4 20 2400 2.8584073464102069 1.6018567085266113 59 0 1.0189999999999999 0.69999999999999996
 33 2 173 0.40000000000000002 2 4 16 2200 0.85840734641020688 1.6752312183380127 53 1 1.099 0.69999999999999996
 34 2 254 0.80000000000000004 2 3 20 2000 -1.1415926535897931 1.300166130065918 59 0 0.92600000000000005 0.69999999999999996
 35 2 231 0.80000000000000004 1 4 20 2000 0.85840734641020688 1.4839153289794922 59 0 1.0169999999999999 0.79999999999999993
 36 2 136 0.40000000000000002 1 4 20 2000 -3.1415926535897931 1.554823637008667 53 1 1.137 0.79999999999999993
 37 2 193 0.80000000000000004 1 3 16 2000 -1.1415926535897931 1.5747034549713135 59 0 1.04 0.79999999999999993
 38 2 361 1.2 2 4 16 2000 -1.1415926535897931 1.9961352348327637 53 1 1.0660000000000001 0.89999999999999991
 39 2 154 0.40000000000000002 2 3 16 2400 -2.1415926535897931 1.3417606353759766 53 1 0.97799999999999998 1
 40 2 14 0 1 3 20 2000 0.85840734641020688 2.2992208003997803 59 0 0.80700000000000005 0.69999999999999996
 41 2 421 1.6000000000000001 1 4 20 2000 0.85840734641020688 3.7514634132385254 59 0 1.0600000000000001 1
 42 2 295 1.2 1 3 16 2200 0.85840734641020688 1.5087652206420898 59 0 0.85799999999999998 0.79999999999999993
 43 2 357 1.2 2 3 20 2400 2.8584073464102069 1.3960723876953125 59 0 1.0069999999999999 0.89999999999999991
 44 2 369 1.2 2 4 16 2400 2.8584073464102069 1.3886256217956543 59 0 0.91600000000000004 0.79999999999999993
 45 2 334 1.2 1 4 20 2400 1.8584073464102069 1.9564528465270996 59 0 0.89600000000000002 0.69999999999999996
 46 2 116 0.40000000000000002 1 3 20 2200 -1.1415926535897931 1.558945894241333 53 1 1.163 1
 47 2 542 3 2 3 20 2000 -3.1415926535897931 1.5620636940002441 59 0 1.1000000000000001 1
 48 2 475 1.6000000000000001 2 4 20 2200 -1.1415926535897931 1.6248281002044678 59 0 0.97499999999999998 0.69999999999999996


# name: resolution
# type: matrix
# rows: 1
# columns: 2
 1366 768


# name: hz
# type: scalar
60


# name: pc
# type: sq_string
# elements: 1
# length: 21
gregor-Latitude-E6320


# name: experiment
# type: sq_string
# elements: 1
# length: 4
RFPb


# name: isOctave
# type: bool
1




