# Created by Octave 5.2.0, Mon Apr 04 12:03:10 2022 CEST <student@gregor-Latitude-E6320>
# name: RFP
# type: scalar struct
# ndims: 2
 1 1
# length: 10
# name: vp
# type: sq_string
# elements: 1
# length: 3
V16


# name: mapping
# type: scalar
1


# name: date
# type: sq_string
# elements: 1
# length: 15
20220404T120022


# name: block
# type: scalar
9


# name: outmat
# type: matrix
# rows: 48
# columns: 14
 1 9 225 0.80000000000000004 1 4 16 2400 -1.1415926535897931 1.2180461883544922 59 0 1.1080000000000001 0.79999999999999993
 2 9 245 0.80000000000000004 2 3 16 2200 -3.1415926535897931 1.2826550006866455 53 1 1.0649999999999999 0.89999999999999991
 3 9 310 1.2 1 3 20 2400 -3.1415926535897931 1.0430233478546143 59 0 1.1830000000000001 1
 4 9 470 1.6000000000000001 2 4 20 2000 -0.14159265358979312 0.99939203262329102 59 0 1.107 0.69999999999999996
 5 9 159 0.40000000000000002 2 3 20 2000 1.8584073464102069 1.118602991104126 53 1 0.92600000000000005 0.89999999999999991
 6 9 42 0 1 4 20 2200 -3.1415926535897931 1.1589195728302002 53 1 0.98899999999999999 0.69999999999999996
 7 9 25 0 1 4 16 2000 -2.1415926535897931 1.0497233867645264 53 1 0.98699999999999999 0.69999999999999996
 8 9 176 0.40000000000000002 2 4 16 2200 -2.1415926535897931 1.1065499782562256 53 1 1.02 0.69999999999999996
 9 9 224 0.80000000000000004 1 4 16 2200 2.8584073464102069 1.3514165878295898 59 0 1.1679999999999999 0.79999999999999993
 10 9 448 1.6000000000000001 2 3 20 2000 -0.14159265358979312 2.0485751628875732 59 0 1.028 1
 11 9 418 1.6000000000000001 1 4 16 2400 -0.14159265358979312 1.6612663269042969 59 0 1.034 0.69999999999999996
 12 9 337 1.2 2 3 16 2000 -2.1415926535897931 1.3303763866424561 59 0 1.083 1
 13 9 420 1.6000000000000001 1 4 16 2400 2.8584073464102069 1.4015793800354004 59 0 0.92800000000000005 0.89999999999999991
 14 9 273 0.80000000000000004 2 4 16 2400 2.8584073464102069 1.2285735607147217 59 0 1.153 0.89999999999999991
 15 9 55 0 2 3 16 2200 -2.1415926535897931 1.085233211517334 53 1 1.1459999999999999 0.89999999999999991
 16 9 488 3 1 3 16 2200 2.8584073464102069 1.1128852367401123 59 0 0.84099999999999997 1
 17 9 363 1.2 2 4 16 2000 -3.1415926535897931 1.3330357074737549 59 0 0.90900000000000003 0.79999999999999993
 18 9 515 3 1 4 16 2400 -0.14159265358979312 1.4806640148162842 59 0 0.95199999999999996 0.79999999999999993
 19 9 429 1.6000000000000001 1 4 20 2400 -2.1415926535897931 1.2776961326599121 59 0 0.94299999999999995 0.69999999999999996
 20 9 222 0.80000000000000004 1 4 16 2200 -3.1415926535897931 1.5294408798217773 59 0 0.86399999999999999 1
 21 9 234 0.80000000000000004 1 4 20 2200 2.8584073464102069 1.2119820117950439 59 0 0.80300000000000005 0.79999999999999993
 22 9 147 0.40000000000000002 2 3 16 2000 2.8584073464102069 1.3347787857055664 53 1 1.1299999999999999 0.69999999999999996
 23 9 198 0.80000000000000004 1 3 16 2200 -3.1415926535897931 1.5555768013000488 53 1 1.0589999999999999 0.69999999999999996
 24 9 432 1.6000000000000001 1 4 20 2400 -0.14159265358979312 1.2095100879669189 59 0 0.84599999999999997 0.79999999999999993
 25 9 33 0 1 4 16 2400 -0.14159265358979312 1.0223231315612793 53 1 1.1180000000000001 0.89999999999999991
 26 9 495 3 1 3 20 2000 -3.1415926535897931 1.5860400199890137 59 0 1.1619999999999999 0.79999999999999993
 27 9 426 1.6000000000000001 1 4 20 2200 -1.1415926535897931 1.9509992599487305 59 0 1.004 1
 28 9 117 0.40000000000000002 1 3 20 2400 -0.14159265358979312 1.5700321197509766 53 1 1.109 0.79999999999999993
 29 9 356 1.2 2 3 20 2200 0.85840734641020688 3.1637260913848877 59 0 1.1000000000000001 0.79999999999999993
 30 9 496 3 1 3 20 2000 -2.1415926535897931 1.2492165565490723 59 0 1.0960000000000001 0.79999999999999993
 31 9 140 0.40000000000000002 1 4 20 2200 2.8584073464102069 1.269108772277832 59 0 1.139 0.89999999999999991
 32 9 129 0.40000000000000002 1 4 16 2400 1.8584073464102069 1.0236952304840088 53 1 0.877 1
 33 9 279 0.80000000000000004 2 4 20 2000 0.85840734641020688 1.6330814361572266 59 0 0.93700000000000006 0.89999999999999991
 34 9 39 0 1 4 20 2000 0.85840734641020688 1.2167508602142334 53 1 1.1259999999999999 0.89999999999999991
 35 9 551 3 2 3 20 2400 -0.14159265358979312 1.3855736255645752 59 0 0.96199999999999997 1
 36 9 83 0 2 4 16 2400 2.8584073464102069 1.2465469837188721 53 1 0.91200000000000003 0.89999999999999991
 37 9 218 0.80000000000000004 1 4 16 2000 -0.14159265358979312 2.1247663497924805 59 0 0.83299999999999996 0.69999999999999996
 38 9 303 1.2 1 3 20 2000 -0.14159265358979312 4.0511777400970459 59 0 1.0640000000000001 0.89999999999999991
 39 9 197 0.80000000000000004 1 3 16 2200 -1.1415926535897931 1.8153057098388672 59 0 0.91500000000000004 1
 40 9 179 0.40000000000000002 2 4 16 2400 2.8584073464102069 13.835058689117432 53 1 1.0069999999999999 1
 41 9 503 3 1 3 20 2400 0.85840734641020688 29.65320086479187 53 1 1.1339999999999999 0.79999999999999993
 42 9 122 0.40000000000000002 1 4 16 2000 0.85840734641020688 1.2006399631500244 53 1 1.054 0.89999999999999991
 43 9 112 0.40000000000000002 1 3 20 2000 1.8584073464102069 1.4690816402435303 59 0 0.94499999999999995 1
 44 9 456 1.6000000000000001 2 3 20 2400 1.8584073464102069 1.4220867156982422 59 0 0.93600000000000005 0.79999999999999993
 45 9 534 3 2 3 16 2200 0.85840734641020688 1.6444461345672607 59 0 1.0740000000000001 0.89999999999999991
 46 9 386 1.6000000000000001 1 3 16 2000 -1.1415926535897931 1.6839320659637451 59 0 0.81799999999999995 0.69999999999999996
 47 9 230 0.80000000000000004 1 4 20 2000 1.8584073464102069 1.2356319427490234 59 0 1.1140000000000001 0.69999999999999996
 48 9 562 3 2 4 16 2400 2.8584073464102069 7.8978676795959473 59 0 1.0549999999999999 0.69999999999999996


# name: resolution
# type: matrix
# rows: 1
# columns: 2
 1366 768


# name: hz
# type: scalar
60


# name: pc
# type: sq_string
# elements: 1
# length: 21
gregor-Latitude-E6320


# name: experiment
# type: sq_string
# elements: 1
# length: 4
RFPb


# name: isOctave
# type: bool
1




