# Created by Octave 5.2.0, Mon Apr 04 11:39:04 2022 CEST <student@gregor-Latitude-E6320>
# name: RFP
# type: scalar struct
# ndims: 2
 1 1
# length: 10
# name: vp
# type: sq_string
# elements: 1
# length: 3
V16


# name: mapping
# type: scalar
1


# name: date
# type: sq_string
# elements: 1
# length: 15
20220404T113617


# name: block
# type: scalar
1


# name: outmat
# type: matrix
# rows: 48
# columns: 14
 1 1 372 1.2 2 4 16 2400 -1.1415926535897931 1.9902243614196777 59 0 0.90300000000000002 0.69999999999999996
 2 1 323 1.2 1 4 16 2400 -3.1415926535897931 10.661523580551147 59 0 1.0529999999999999 1
 3 1 275 0.80000000000000004 2 4 16 2400 -2.1415926535897931 3.2625377178192139 59 0 1.181 0.79999999999999993
 4 1 465 1.6000000000000001 2 4 16 2400 1.8584073464102069 5.1681854724884033 53 1 1.181 0.69999999999999996
 5 1 444 1.6000000000000001 2 3 16 2400 0.85840734641020688 1.8689594268798828 59 0 1.1559999999999999 0.79999999999999993
 6 1 321 1.2 1 4 16 2400 -1.1415926535897931 2.5161905288696289 59 0 1.075 0.89999999999999991
 7 1 23 0 1 3 20 2400 1.8584073464102069 1.8448894023895264 53 1 1.139 0.89999999999999991
 8 1 450 1.6000000000000001 2 3 20 2200 -3.1415926535897931 1.9874927997589111 53 1 0.80200000000000005 0.89999999999999991
 9 1 229 0.80000000000000004 1 4 20 2000 1.8584073464102069 2.389207124710083 53 1 0.92700000000000005 1
 10 1 207 0.80000000000000004 1 3 20 2000 -3.1415926535897931 2.5156638622283936 53 1 0.81499999999999995 0.89999999999999991
 11 1 535 3 2 3 16 2200 2.8584073464102069 2.7641987800598145 53 1 0.92500000000000004 0.89999999999999991
 12 1 196 0.80000000000000004 1 3 16 2000 0.85840734641020688 2.775198221206665 53 1 0.83699999999999997 0.69999999999999996
 13 1 460 1.6000000000000001 2 4 16 2000 2.8584073464102069 2.2755002975463867 53 1 1.149 0.79999999999999993
 14 1 232 0.80000000000000004 1 4 20 2000 -0.14159265358979312 1.5726537704467773 53 1 1.006 0.79999999999999993
 15 1 191 0.40000000000000002 2 4 20 2400 1.8584073464102069 1.8081498146057129 59 0 1.093 0.79999999999999993
 16 1 316 1.2 1 4 16 2000 2.8584073464102069 1.3312728404998779 53 1 1.121 0.69999999999999996
 17 1 18 0 1 3 20 2200 0.85840734641020688 1.4028081893920898 59 0 0.81599999999999995 0.79999999999999993
 18 1 442 1.6000000000000001 2 3 16 2400 2.8584073464102069 1.84629225730896 53 1 0.89700000000000002 1
 19 1 315 1.2 1 4 16 2000 1.8584073464102069 2.3909192085266113 53 1 0.81100000000000005 0.89999999999999991
 20 1 395 1.6000000000000001 1 3 16 2400 2.8584073464102069 1.8831701278686523 53 1 1.0980000000000001 0.69999999999999996
 21 1 81 0 2 4 16 2400 -2.1415926535897931 1.5895404815673828 59 0 0.88700000000000001 0.79999999999999993
 22 1 96 0 2 4 20 2400 -0.14159265358979312 3.3017139434814453 59 0 0.81399999999999995 0.89999999999999991
 23 1 394 1.6000000000000001 1 3 16 2400 -1.1415926535897931 1.1540868282318115 53 1 0.94799999999999995 0.79999999999999993
 24 1 143 0.40000000000000002 1 4 20 2400 -1.1415926535897931 1.4960880279541016 53 1 0.95199999999999996 0.69999999999999996
 25 1 213 0.80000000000000004 1 3 20 2400 -0.14159265358979312 2.3005571365356445 59 0 0.81599999999999995 0.89999999999999991
 26 1 476 1.6000000000000001 2 4 20 2200 -1.1415926535897931 5.0038566589355469 53 1 1.048 1
 27 1 233 0.80000000000000004 1 4 20 2200 -1.1415926535897931 2.0741927623748779 53 1 1.0249999999999999 0.89999999999999991
 28 1 443 1.6000000000000001 2 3 16 2400 0.85840734641020688 1.4285264015197754 53 1 0.99199999999999999 1
 29 1 40 0 1 4 20 2000 2.8584073464102069 1.3938360214233398 59 0 0.94499999999999995 0.79999999999999993
 30 1 114 0.40000000000000002 1 3 20 2200 -2.1415926535897931 1.393972635269165 53 1 1.1060000000000001 0.69999999999999996
 31 1 428 1.6000000000000001 1 4 20 2200 -1.1415926535897931 1.9506137371063232 53 1 1.087 0.89999999999999991
 32 1 446 1.6000000000000001 2 3 20 2000 0.85840734641020688 1.3804254531860352 53 1 0.86699999999999999 1
 33 1 67 0 2 3 20 2200 -0.14159265358979312 1.5133576393127441 59 0 1.0660000000000001 0.69999999999999996
 34 1 146 0.40000000000000002 2 3 16 2000 -3.1415926535897931 1.482745885848999 59 0 1.046 0.79999999999999993
 35 1 3 0 1 3 16 2000 -3.1415926535897931 1.5296320915222168 59 0 0.99399999999999999 0.79999999999999993
 36 1 151 0.40000000000000002 2 3 16 2200 1.8584073464102069 1.6667578220367432 59 0 1.05 0.79999999999999993
 37 1 108 0.40000000000000002 1 3 16 2400 -2.1415926535897931 3.6211552619934082 59 0 1.196 0.79999999999999993
 38 1 367 1.2 2 4 16 2200 2.8584073464102069 5.1219053268432617 59 0 0.90400000000000003 0.89999999999999991
 39 1 29 0 1 4 16 2200 0.85840734641020688 2.7235336303710938 59 0 1.113 0.69999999999999996
 40 1 38 0 1 4 20 2000 0.85840734641020688 3.3246455192565918 59 0 1.073 0.79999999999999993
 41 1 228 0.80000000000000004 1 4 16 2400 -3.1415926535897931 5.8157258033752441 59 0 0.94699999999999995 1
 42 1 30 0 1 4 16 2200 1.8584073464102069 1.4370567798614502 59 0 1.0640000000000001 0.79999999999999993
 43 1 66 0 2 3 20 2200 0.85840734641020688 2.1318976879119873 59 0 0.90000000000000002 0.79999999999999993
 44 1 417 1.6000000000000001 1 4 16 2400 1.8584073464102069 3.4627301692962646 59 0 0.85199999999999998 0.79999999999999993
 45 1 538 3 2 3 16 2400 0.85840734641020688 1.0855131149291992 53 1 1.0580000000000001 0.79999999999999993
 46 1 100 0.40000000000000002 1 3 16 2000 -0.14159265358979312 1.3177766799926758 59 0 1.0249999999999999 0.79999999999999993
 47 1 237 0.80000000000000004 1 4 20 2400 2.8584073464102069 1.3107340335845947 53 1 0.85999999999999999 1
 48 1 389 1.6000000000000001 1 3 16 2200 -3.1415926535897931 1.8038144111633301 53 1 0.82099999999999995 1


# name: resolution
# type: matrix
# rows: 1
# columns: 2
 1366 768


# name: hz
# type: scalar
60


# name: pc
# type: sq_string
# elements: 1
# length: 21
gregor-Latitude-E6320


# name: experiment
# type: sq_string
# elements: 1
# length: 4
RFPb


# name: isOctave
# type: bool
1




