# Created by Octave 5.2.0, Mon Apr 04 11:45:21 2022 CEST <student@gregor-Latitude-E6320>
# name: RFP
# type: scalar struct
# ndims: 2
 1 1
# length: 10
# name: vp
# type: sq_string
# elements: 1
# length: 3
V16


# name: mapping
# type: scalar
1


# name: date
# type: sq_string
# elements: 1
# length: 15
20220404T114237


# name: block
# type: scalar
3


# name: outmat
# type: matrix
# rows: 48
# columns: 14
 1 3 47 0 1 4 20 2400 0.85840734641020688 1.1965959072113037 53 1 0.89700000000000002 0.89999999999999991
 2 3 235 0.80000000000000004 1 4 20 2200 -0.14159265358979312 1.2508645057678223 59 0 0.88200000000000001 0.69999999999999996
 3 3 505 3 1 4 16 2000 1.8584073464102069 1.6282386779785156 59 0 0.998 0.79999999999999993
 4 3 9 0 1 3 16 2400 -3.1415926535897931 1.5557675361633301 53 1 1.157 0.69999999999999996
 5 3 65 0 2 3 20 2200 -1.1415926535897931 1.7963540554046631 53 1 1.1879999999999999 1
 6 3 268 0.80000000000000004 2 4 16 2000 0.85840734641020688 1.2258579730987549 59 0 1.175 1
 7 3 324 1.2 1 4 16 2400 -1.1415926535897931 2.5650124549865723 59 0 1.1779999999999999 0.79999999999999993
 8 3 280 0.80000000000000004 2 4 20 2000 -0.14159265358979312 1.3578448295593262 59 0 1.0209999999999999 0.89999999999999991
 9 3 441 1.6000000000000001 2 3 16 2400 -1.1415926535897931 1.6147656440734863 59 0 1.0649999999999999 0.89999999999999991
 10 3 19 0 1 3 20 2200 -1.1415926535897931 1.2848882675170898 53 1 0.97999999999999998 0.79999999999999993
 11 3 250 0.80000000000000004 2 3 16 2400 2.8584073464102069 5.0307390689849854 59 0 1.0740000000000001 0.69999999999999996
 12 3 236 0.80000000000000004 1 4 20 2200 1.8584073464102069 1.2469902038574219 59 0 0.80700000000000005 0.89999999999999991
 13 3 530 3 2 3 16 2000 2.8584073464102069 1.4903585910797119 59 0 0.84499999999999997 0.79999999999999993
 14 3 172 0.40000000000000002 2 4 16 2000 0.85840734641020688 1.1349406242370605 53 1 1.1699999999999999 1
 15 3 79 0 2 4 16 2200 -3.1415926535897931 1.9395992755889893 53 1 1.179 0.89999999999999991
 16 3 6 0 1 3 16 2200 2.8584073464102069 2.0586023330688477 53 1 1.008 0.69999999999999996
 17 3 494 3 1 3 20 2000 -1.1415926535897931 1.3659665584564209 59 0 0.92300000000000004 0.79999999999999993
 18 3 205 0.80000000000000004 1 3 20 2000 0.85840734641020688 1.7528927326202393 59 0 1.0049999999999999 0.69999999999999996
 19 3 73 0 2 4 16 2000 0.85840734641020688 1.6272938251495361 53 1 1.0700000000000001 0.89999999999999991
 20 3 113 0.40000000000000002 1 3 20 2200 -2.1415926535897931 2.5501067638397217 59 0 1.0669999999999999 0.89999999999999991
 21 3 184 0.40000000000000002 2 4 20 2000 -2.1415926535897931 5.4473781585693359 59 0 1.1599999999999999 0.79999999999999993
 22 3 226 0.80000000000000004 1 4 16 2400 -0.14159265358979312 2.4176468849182129 59 0 1.1180000000000001 0.89999999999999991
 23 3 493 3 1 3 20 2000 2.8584073464102069 5.8358807563781738 59 0 0.96599999999999997 0.69999999999999996
 24 3 514 3 1 4 16 2400 -1.1415926535897931 1.249650239944458 59 0 1.1559999999999999 0.69999999999999996
 25 3 183 0.40000000000000002 2 4 20 2000 -3.1415926535897931 2.9071602821350098 59 0 0.85899999999999999 1
 26 3 435 1.6000000000000001 2 3 16 2000 0.85840734641020688 18.34576416015625 59 0 0.94399999999999995 0.79999999999999993
 27 3 220 0.80000000000000004 1 4 16 2000 0.85840734641020688 1.7399930953979492 59 0 1.157 0.79999999999999993
 28 3 195 0.80000000000000004 1 3 16 2000 -1.1415926535897931 1.5113570690155029 59 0 0.82199999999999995 0.89999999999999991
 29 3 358 1.2 2 3 20 2400 -1.1415926535897931 1.1863358020782471 59 0 1.024 0.69999999999999996
 30 3 293 1.2 1 3 16 2200 1.8584073464102069 1.4610118865966797 59 0 1.1559999999999999 1
 31 3 209 0.80000000000000004 1 3 20 2200 2.8584073464102069 1.2877259254455566 59 0 1.1899999999999999 0.79999999999999993
 32 3 559 3 2 4 16 2200 0.85840734641020688 1.2872202396392822 59 0 1.0660000000000001 0.89999999999999991
 33 3 132 0.40000000000000002 1 4 16 2400 -1.1415926535897931 14.53534197807312 59 0 1.135 0.79999999999999993
 34 3 374 1.2 2 4 20 2000 0.85840734641020688 1.0632882118225098 59 0 1.0900000000000001 0.79999999999999993
 35 3 545 3 2 3 20 2200 1.8584073464102069 1.2581043243408203 59 0 1.1890000000000001 0.89999999999999991
 36 3 299 1.2 1 3 16 2400 -1.1415926535897931 1.1609485149383545 59 0 0.89500000000000002 0.69999999999999996
 37 3 202 0.80000000000000004 1 3 16 2400 0.85840734641020688 1.4347832202911377 59 0 1.006 0.89999999999999991
 38 3 412 1.6000000000000001 1 4 16 2000 1.8584073464102069 1.110908031463623 59 0 1.143 0.69999999999999996
 39 3 487 3 1 3 16 2200 -2.1415926535897931 1.1169054508209229 59 0 1.0389999999999999 0.89999999999999991
 40 3 392 1.6000000000000001 1 3 16 2200 -0.14159265358979312 1.0334410667419434 59 0 1.0489999999999999 0.89999999999999991
 41 3 264 0.80000000000000004 2 3 20 2400 2.8584073464102069 1.0945148468017578 59 0 0.83399999999999996 0.69999999999999996
 42 3 267 0.80000000000000004 2 4 16 2000 -3.1415926535897931 1.1975834369659424 59 0 1.087 0.89999999999999991
 43 3 533 3 2 3 16 2200 -2.1415926535897931 0.94118666648864746 59 0 0.92700000000000005 0.79999999999999993
 44 3 403 1.6000000000000001 1 3 20 2200 -3.1415926535897931 1.0117716789245605 59 0 0.94599999999999995 0.89999999999999991
 45 3 138 0.40000000000000002 1 4 20 2200 -1.1415926535897931 1.0584125518798828 53 1 1.0509999999999999 1
 46 3 344 1.2 2 3 16 2200 -1.1415926535897931 0.97815227508544922 59 0 0.89000000000000001 0.79999999999999993
 47 3 497 3 1 3 20 2200 -0.14159265358979312 0.95938706398010254 59 0 0.97899999999999998 0.89999999999999991
 48 3 121 0.40000000000000002 1 4 16 2000 1.8584073464102069 2.6573300361633301 53 1 1.1739999999999999 0.89999999999999991


# name: resolution
# type: matrix
# rows: 1
# columns: 2
 1366 768


# name: hz
# type: scalar
60


# name: pc
# type: sq_string
# elements: 1
# length: 21
gregor-Latitude-E6320


# name: experiment
# type: sq_string
# elements: 1
# length: 4
RFPb


# name: isOctave
# type: bool
1




