# Created by Octave 5.2.0, Mon Apr 04 11:57:39 2022 CEST <student@gregor-Latitude-E6320>
# name: RFP
# type: scalar struct
# ndims: 2
 1 1
# length: 10
# name: vp
# type: sq_string
# elements: 1
# length: 3
V16


# name: mapping
# type: scalar
1


# name: date
# type: sq_string
# elements: 1
# length: 15
20220404T115550


# name: block
# type: scalar
7


# name: outmat
# type: matrix
# rows: 48
# columns: 14
 1 7 378 1.2 2 4 20 2200 1.8584073464102069 1.1751708984375 59 0 1 0.79999999999999993
 2 7 227 0.80000000000000004 1 4 16 2400 -2.1415926535897931 1.0494048595428467 53 1 1.0189999999999999 0.89999999999999991
 3 7 160 0.40000000000000002 2 3 20 2000 2.8584073464102069 1.1205642223358154 53 1 0.91000000000000003 1
 4 7 153 0.40000000000000002 2 3 16 2400 -2.1415926535897931 1.0565385818481445 53 1 0.92800000000000005 0.89999999999999991
 5 7 468 1.6000000000000001 2 4 16 2400 -1.1415926535897931 0.96311092376708984 59 0 1.028 0.69999999999999996
 6 7 5 0 1 3 16 2200 2.8584073464102069 1.0689804553985596 53 1 1.103 0.69999999999999996
 7 7 445 1.6000000000000001 2 3 20 2000 -0.14159265358979312 0.97957324981689453 59 0 0.97899999999999998 0.69999999999999996
 8 7 208 0.80000000000000004 1 3 20 2000 1.8584073464102069 1.0612878799438477 59 0 1.1719999999999999 0.79999999999999993
 9 7 349 1.2 2 3 20 2000 1.8584073464102069 1.085045337677002 59 0 0.96399999999999997 0.89999999999999991
 10 7 128 0.40000000000000002 1 4 16 2200 -3.1415926535897931 2.3529109954833984 53 1 1.1919999999999999 1
 11 7 377 1.2 2 4 20 2200 1.8584073464102069 1.3888177871704102 59 0 0.90600000000000003 0.89999999999999991
 12 7 317 1.2 1 4 16 2200 -1.1415926535897931 1.2367699146270752 59 0 0.96999999999999997 0.69999999999999996
 13 7 354 1.2 2 3 20 2200 -1.1415926535897931 1.1150367259979248 59 0 0.90300000000000002 0.69999999999999996
 14 7 411 1.6000000000000001 1 4 16 2000 -1.1415926535897931 1.1665637493133545 59 0 1.069 0.89999999999999991
 15 7 454 1.6000000000000001 2 3 20 2400 2.8584073464102069 1.0811164379119873 59 0 1.1000000000000001 0.89999999999999991
 16 7 45 0 1 4 20 2400 0.85840734641020688 1.0950169563293457 53 1 1.048 0.69999999999999996
 17 7 50 0 2 3 16 2000 -0.14159265358979312 1.0926837921142578 53 1 1.1830000000000001 0.89999999999999991
 18 7 312 1.2 1 3 20 2400 0.85840734641020688 1.0464003086090088 59 0 0.88900000000000001 0.69999999999999996
 19 7 167 0.40000000000000002 2 3 20 2400 -1.1415926535897931 0.97412419319152832 53 1 1.2 0.79999999999999993
 20 7 364 1.2 2 4 16 2000 -1.1415926535897931 2.1672518253326416 53 1 1.042 0.79999999999999993
 21 7 283 0.80000000000000004 2 4 20 2200 0.85840734641020688 1.0501062870025635 59 0 1.071 0.69999999999999996
 22 7 489 3 1 3 16 2400 0.85840734641020688 1.1520106792449951 59 0 1.1439999999999999 0.69999999999999996
 23 7 90 0 2 4 20 2200 -3.1415926535897931 1.7030401229858398 53 1 0.91100000000000003 0.79999999999999993
 24 7 287 0.80000000000000004 2 4 20 2400 -0.14159265358979312 1.2746930122375488 59 0 0.90600000000000003 0.89999999999999991
 25 7 353 1.2 2 3 20 2200 0.85840734641020688 1.2592051029205322 59 0 1.115 1
 26 7 519 3 1 4 20 2000 2.8584073464102069 1.0736923217773438 59 0 0.94599999999999995 0.79999999999999993
 27 7 501 3 1 3 20 2400 0.85840734641020688 1.0758719444274902 59 0 1.0249999999999999 0.89999999999999991
 28 7 478 1.6000000000000001 2 4 20 2400 1.8584073464102069 1.1634280681610107 59 0 1.0189999999999999 0.89999999999999991
 29 7 288 0.80000000000000004 2 4 20 2400 -3.1415926535897931 1.3559691905975342 59 0 1.1220000000000001 0.79999999999999993
 30 7 124 0.40000000000000002 1 4 16 2000 -3.1415926535897931 1.0603859424591064 53 1 0.86599999999999999 0.89999999999999991
 31 7 480 1.6000000000000001 2 4 20 2400 1.8584073464102069 1.0167596340179443 59 0 0.92200000000000004 0.69999999999999996
 32 7 11 0 1 3 16 2400 -3.1415926535897931 0.97298169136047363 53 1 1.0740000000000001 0.89999999999999991
 33 7 35 0 1 4 16 2400 2.8584073464102069 1.3581616878509521 53 1 0.83499999999999996 0.79999999999999993
 34 7 27 0 1 4 16 2000 -1.1415926535897931 1.1472642421722412 53 1 0.86499999999999999 0.89999999999999991
 35 7 93 0 2 4 20 2400 -3.1415926535897931 1.1591198444366455 59 0 1.099 0.79999999999999993
 36 7 569 3 2 4 20 2200 -0.14159265358979312 1.1494002342224121 59 0 0.82999999999999996 0.79999999999999993
 37 7 87 0 2 4 20 2000 0.85840734641020688 1.7398538589477539 53 1 1.0649999999999999 0.89999999999999991
 38 7 387 1.6000000000000001 1 3 16 2000 -2.1415926535897931 3.2200562953948975 59 0 1.028 0.89999999999999991
 39 7 71 0 2 3 20 2400 -2.1415926535897931 1.2799286842346191 53 1 1.1499999999999999 0.89999999999999991
 40 7 380 1.2 2 4 20 2200 -1.1415926535897931 1.1024589538574219 59 0 0.93700000000000006 0.79999999999999993
 41 7 459 1.6000000000000001 2 4 16 2000 0.85840734641020688 1.037825345993042 59 0 0.83699999999999997 0.79999999999999993
 42 7 575 3 2 4 20 2400 -2.1415926535897931 1.1131076812744141 59 0 0.81599999999999995 0.79999999999999993
 43 7 359 1.2 2 3 20 2400 -2.1415926535897931 0.85095357894897461 59 0 1.1970000000000001 0.89999999999999991
 44 7 155 0.40000000000000002 2 3 16 2400 -1.1415926535897931 1.0275571346282959 53 1 0.95399999999999996 0.89999999999999991
 45 7 241 0.80000000000000004 2 3 16 2000 2.8584073464102069 1.0626316070556641 53 1 0.83599999999999997 0.69999999999999996
 46 7 105 0.40000000000000002 1 3 16 2400 -1.1415926535897931 1.0431129932403564 53 1 0.93100000000000005 0.69999999999999996
 47 7 419 1.6000000000000001 1 4 16 2400 2.8584073464102069 0.93513965606689453 59 0 1.103 0.79999999999999993
 48 7 466 1.6000000000000001 2 4 16 2400 0.85840734641020688 1.029172420501709 59 0 1.1000000000000001 0.89999999999999991


# name: resolution
# type: matrix
# rows: 1
# columns: 2
 1366 768


# name: hz
# type: scalar
60


# name: pc
# type: sq_string
# elements: 1
# length: 21
gregor-Latitude-E6320


# name: experiment
# type: sq_string
# elements: 1
# length: 4
RFPb


# name: isOctave
# type: bool
1




