# Created by Octave 5.2.0, Mon Apr 04 11:51:34 2022 CEST <student@gregor-Latitude-E6320>
# name: RFP
# type: scalar struct
# ndims: 2
 1 1
# length: 10
# name: vp
# type: sq_string
# elements: 1
# length: 3
V16


# name: mapping
# type: scalar
1


# name: date
# type: sq_string
# elements: 1
# length: 15
20220404T114912


# name: block
# type: scalar
5


# name: outmat
# type: matrix
# rows: 48
# columns: 14
 1 5 447 1.6000000000000001 2 3 20 2000 0.85840734641020688 1.5725035667419434 59 0 0.99199999999999999 0.89999999999999991
 2 5 32 0 1 4 16 2200 -3.1415926535897931 1.2007856369018555 53 1 1.0269999999999999 1
 3 5 296 1.2 1 3 16 2200 0.85840734641020688 1.2708678245544434 59 0 1.1990000000000001 0.69999999999999996
 4 5 54 0 2 3 16 2200 2.8584073464102069 1.8602395057678223 53 1 0.80600000000000005 1
 5 5 266 0.80000000000000004 2 4 16 2000 -3.1415926535897931 1.3191080093383789 53 1 1.177 0.89999999999999991
 6 5 181 0.40000000000000002 2 4 20 2000 2.8584073464102069 1.380183219909668 59 0 1.002 0.69999999999999996
 7 5 190 0.40000000000000002 2 4 20 2400 1.8584073464102069 1.8054382801055908 53 1 1.0209999999999999 0.69999999999999996
 8 5 215 0.80000000000000004 1 3 20 2400 -3.1415926535897931 2.2763664722442627 59 0 0.91800000000000004 0.69999999999999996
 9 5 89 0 2 4 20 2200 1.8584073464102069 1.6285920143127441 53 1 1.1839999999999999 1
 10 5 28 0 1 4 16 2000 1.8584073464102069 1.6907551288604736 53 1 1.0329999999999999 0.69999999999999996
 11 5 101 0.40000000000000002 1 3 16 2200 1.8584073464102069 1.539132833480835 53 1 0.94199999999999995 0.79999999999999993
 12 5 217 0.80000000000000004 1 4 16 2000 -0.14159265358979312 2.3208928108215332 53 1 0.878 1
 13 5 284 0.80000000000000004 2 4 20 2200 -1.1415926535897931 1.3466958999633789 59 0 0.94899999999999995 1
 14 5 453 1.6000000000000001 2 3 20 2400 2.8584073464102069 1.3409416675567627 59 0 0.83699999999999997 0.89999999999999991
 15 5 373 1.2 2 4 20 2000 -3.1415926535897931 1.9965384006500244 59 0 0.93300000000000005 0.89999999999999991
 16 5 274 0.80000000000000004 2 4 16 2400 -0.14159265358979312 1.3483090400695801 59 0 0.97099999999999997 0.89999999999999991
 17 5 338 1.2 2 3 16 2000 2.8584073464102069 1.3757121562957764 59 0 0.92400000000000004 0.79999999999999993
 18 5 427 1.6000000000000001 1 4 20 2200 -0.14159265358979312 2.7274219989776611 59 0 1.1619999999999999 1
 19 5 400 1.6000000000000001 1 3 20 2000 -2.1415926535897931 1.2824609279632568 59 0 1.0880000000000001 1
 20 5 242 0.80000000000000004 2 3 16 2000 0.85840734641020688 1.5277559757232666 53 1 0.91100000000000003 0.89999999999999991
 21 5 375 1.2 2 4 20 2000 -2.1415926535897931 1.3994698524475098 59 0 0.85199999999999998 1
 22 5 253 0.80000000000000004 2 3 20 2000 -1.1415926535897931 1.3749606609344482 59 0 0.88400000000000001 0.89999999999999991
 23 5 479 1.6000000000000001 2 4 20 2400 -2.1415926535897931 1.6817569732666016 59 0 1.151 1
 24 5 360 1.2 2 3 20 2400 -1.1415926535897931 2.3222353458404541 59 0 1.159 0.69999999999999996
 25 5 576 3 2 4 20 2400 -3.1415926535897931 7.7153935432434082 59 0 1.0529999999999999 0.89999999999999991
 26 5 148 0.40000000000000002 2 3 16 2000 -2.1415926535897931 1.49275803565979 53 1 1.02 0.79999999999999993
 27 5 351 1.2 2 3 20 2000 0.85840734641020688 2.2924089431762695 59 0 1.0229999999999999 1
 28 5 221 0.80000000000000004 1 4 16 2200 1.8584073464102069 1.351276159286499 53 1 1.173 0.89999999999999991
 29 5 70 0 2 3 20 2400 2.8584073464102069 2.4514985084533691 53 1 0.81699999999999995 0.69999999999999996
 30 5 223 0.80000000000000004 1 4 16 2200 0.85840734641020688 1.907351016998291 53 1 1.0940000000000001 0.89999999999999991
 31 5 53 0 2 3 16 2200 -3.1415926535897931 2.8089451789855957 53 1 1.165 0.69999999999999996
 32 5 256 0.80000000000000004 2 3 20 2000 -1.1415926535897931 1.7669675350189209 59 0 1.04 0.89999999999999991
 33 5 574 3 2 4 20 2400 2.8584073464102069 1.4246165752410889 59 0 1.113 0.79999999999999993
 34 5 314 1.2 1 4 16 2000 -1.1415926535897931 1.7318148612976074 59 0 0.81399999999999995 0.89999999999999991
 35 5 106 0.40000000000000002 1 3 16 2400 0.85840734641020688 1.7547211647033691 53 1 1.125 0.89999999999999991
 36 5 524 3 1 4 20 2200 0.85840734641020688 1.4547345638275146 59 0 0.94299999999999995 1
 37 5 340 1.2 2 3 16 2000 -1.1415926535897931 3.5897636413574219 59 0 0.98999999999999999 1
 38 5 385 1.6000000000000001 1 3 16 2000 2.8584073464102069 1.3340542316436768 59 0 1.0600000000000001 0.69999999999999996
 39 5 119 0.40000000000000002 1 3 20 2400 -3.1415926535897931 5.1344337463378906 59 0 0.97599999999999998 0.89999999999999991
 40 5 251 0.80000000000000004 2 3 16 2400 -3.1415926535897931 1.4662442207336426 53 1 1.1699999999999999 0.79999999999999993
 41 5 566 3 2 4 20 2000 1.8584073464102069 1.3959650993347168 59 0 0.86499999999999999 0.69999999999999996
 42 5 48 0 1 4 20 2400 -1.1415926535897931 1.7525696754455566 53 1 0.94599999999999995 1
 43 5 401 1.6000000000000001 1 3 20 2200 -0.14159265358979312 1.3569464683532715 59 0 0.93799999999999994 1
 44 5 554 3 2 4 16 2000 -3.1415926535897931 1.4116764068603516 59 0 1.0369999999999999 0.89999999999999991
 45 5 365 1.2 2 4 16 2200 -0.14159265358979312 1.5048584938049316 53 1 0.995 1
 46 5 125 0.40000000000000002 1 4 16 2200 -1.1415926535897931 1.4092426300048828 53 1 0.90800000000000003 0.79999999999999993
 47 5 131 0.40000000000000002 1 4 16 2400 0.85840734641020688 2.4481897354125977 53 1 1.075 0.79999999999999993
 48 5 41 0 1 4 20 2200 -0.14159265358979312 1.4198191165924072 53 1 1.0680000000000001 1


# name: resolution
# type: matrix
# rows: 1
# columns: 2
 1366 768


# name: hz
# type: scalar
60


# name: pc
# type: sq_string
# elements: 1
# length: 21
gregor-Latitude-E6320


# name: experiment
# type: sq_string
# elements: 1
# length: 4
RFPb


# name: isOctave
# type: bool
1




