# Created by Octave 5.2.0, Mon Apr 04 13:58:14 2022 CEST <student@gregor-Latitude-E6320>
# name: RFP
# type: scalar struct
# ndims: 2
 1 1
# length: 10
# name: vp
# type: sq_string
# elements: 1
# length: 3
V17


# name: mapping
# type: scalar
1


# name: date
# type: sq_string
# elements: 1
# length: 15
20220404T135625


# name: block
# type: scalar
9


# name: outmat
# type: matrix
# rows: 48
# columns: 14
 1 9 166 0.40000000000000002 2 3 20 2400 0.85840734641020688 1.4474165439605713 53 1 1.054 0.79999999999999993
 2 9 441 1.6000000000000001 2 3 16 2400 -0.14159265358979312 2.6776399612426758 59 0 1.0760000000000001 0.69999999999999996
 3 9 403 1.6000000000000001 1 3 20 2200 2.8584073464102069 1.2093431949615479 59 0 0.97699999999999998 1
 4 9 455 1.6000000000000001 2 3 20 2400 -3.1415926535897931 1.2759361267089844 59 0 1.071 1
 5 9 80 0 2 4 16 2200 -2.1415926535897931 1.2256121635437012 53 1 0.96899999999999997 0.79999999999999993
 6 9 534 3 2 3 16 2200 -3.1415926535897931 1.2356841564178467 59 0 0.85499999999999998 0.69999999999999996
 7 9 236 0.80000000000000004 1 4 20 2200 0.85840734641020688 1.1339235305786133 59 0 1.042 0.89999999999999991
 8 9 566 3 2 4 20 2000 1.8584073464102069 1.1110653877258301 59 0 0.92800000000000005 0.79999999999999993
 9 9 365 1.2 2 4 16 2200 -3.1415926535897931 1.1684613227844238 59 0 0.999 0.79999999999999993
 10 9 474 1.6000000000000001 2 4 20 2200 2.8584073464102069 1.2514274120330811 59 0 1.079 0.69999999999999996
 11 9 546 3 2 3 20 2200 -1.1415926535897931 1.1086795330047607 59 0 0.997 1
 12 9 398 1.6000000000000001 1 3 20 2000 2.8584073464102069 1.1788082122802734 59 0 1.1499999999999999 0.89999999999999991
 13 9 301 1.2 1 3 20 2000 1.8584073464102069 1.0953760147094727 59 0 1.0089999999999999 0.79999999999999993
 14 9 233 0.80000000000000004 1 4 20 2200 -1.1415926535897931 1.4536483287811279 59 0 1.103 0.79999999999999993
 15 9 49 0 2 3 16 2000 -1.1415926535897931 1.1241884231567383 53 1 1.006 1
 16 9 235 0.80000000000000004 1 4 20 2200 2.8584073464102069 1.230518102645874 53 1 0.92500000000000004 0.89999999999999991
 17 9 401 1.6000000000000001 1 3 20 2200 1.8584073464102069 1.1913886070251465 59 0 0.89300000000000002 0.89999999999999991
 18 9 292 1.2 1 3 16 2000 -1.1415926535897931 2.1619734764099121 53 1 0.98099999999999998 1
 19 9 555 3 2 4 16 2000 -0.14159265358979312 1.9876382350921631 59 0 0.84799999999999998 0.69999999999999996
 20 9 89 0 2 4 20 2200 2.8584073464102069 1.047187328338623 53 1 1.1200000000000001 0.69999999999999996
 21 9 22 0 1 3 20 2400 0.85840734641020688 1.1498758792877197 53 1 1.026 1
 22 9 452 1.6000000000000001 2 3 20 2200 1.8584073464102069 1.3848028182983398 59 0 1.196 0.79999999999999993
 23 9 196 0.80000000000000004 1 3 16 2000 -2.1415926535897931 1.289726734161377 53 1 1.0840000000000001 0.89999999999999991
 24 9 465 1.6000000000000001 2 4 16 2400 0.85840734641020688 1.2160542011260986 53 1 1.0469999999999999 1
 25 9 500 3 1 3 20 2200 -1.1415926535897931 1.134979248046875 59 0 0.98999999999999999 0.89999999999999991
 26 9 214 0.80000000000000004 1 3 20 2400 -0.14159265358979312 1.1667349338531494 59 0 0.84999999999999998 0.89999999999999991
 27 9 86 0 2 4 20 2000 2.8584073464102069 1.0818636417388916 53 1 0.81299999999999994 0.69999999999999996
 28 9 146 0.40000000000000002 2 3 16 2000 2.8584073464102069 1.0440521240234375 53 1 0.85099999999999998 1
 29 9 29 0 1 4 16 2200 -2.1415926535897931 1.0559844970703125 53 1 0.81299999999999994 0.89999999999999991
 30 9 21 0 1 3 20 2400 1.8584073464102069 1.0416886806488037 53 1 0.82799999999999996 1
 31 9 174 0.40000000000000002 2 4 16 2200 2.8584073464102069 1.0173542499542236 53 1 1.0840000000000001 1
 32 9 253 0.80000000000000004 2 3 20 2000 -3.1415926535897931 1.0874350070953369 59 0 0.96199999999999997 0.79999999999999993
 33 9 126 0.40000000000000002 1 4 16 2200 -0.14159265358979312 1.1179893016815186 53 1 0.89900000000000002 0.79999999999999993
 34 9 219 0.80000000000000004 1 4 16 2000 -2.1415926535897931 1.0624923706054688 53 1 0.97499999999999998 0.89999999999999991
 35 9 421 1.6000000000000001 1 4 20 2000 2.8584073464102069 1.6259074211120605 53 1 1.093 1
 36 9 95 0 2 4 20 2400 -3.1415926535897931 1.0105540752410889 53 1 1.1140000000000001 1
 37 9 348 1.2 2 3 16 2400 0.85840734641020688 1.0670011043548584 59 0 0.81000000000000005 0.79999999999999993
 38 9 475 1.6000000000000001 2 4 20 2200 -3.1415926535897931 1.0654914379119873 59 0 1.0820000000000001 0.79999999999999993
 39 9 30 0 1 4 16 2200 0.85840734641020688 1.1352493762969971 53 1 1.1899999999999999 0.89999999999999991
 40 9 131 0.40000000000000002 1 4 16 2400 -1.1415926535897931 1.0813663005828857 53 1 0.96499999999999997 0.89999999999999991
 41 9 121 0.40000000000000002 1 4 16 2000 -0.14159265358979312 1.1121835708618164 53 1 1.0580000000000001 0.79999999999999993
 42 9 481 3 1 3 16 2000 0.85840734641020688 1.1753969192504883 59 0 1.079 0.79999999999999993
 43 9 434 1.6000000000000001 2 3 16 2000 -1.1415926535897931 1.4034299850463867 59 0 0.82999999999999996 0.79999999999999993
 44 9 308 1.2 1 3 20 2200 2.8584073464102069 1.2013692855834961 59 0 1.1519999999999999 0.89999999999999991
 45 9 545 3 2 3 20 2200 -3.1415926535897931 1.0912601947784424 59 0 1.0680000000000001 0.79999999999999993
 46 9 15 0 1 3 20 2000 -3.1415926535897931 1.1044785976409912 53 1 0.83799999999999997 0.79999999999999993
 47 9 265 0.80000000000000004 2 4 16 2000 2.8584073464102069 1.5228054523468018 59 0 1.117 0.79999999999999993
 48 9 156 0.40000000000000002 2 3 16 2400 1.8584073464102069 1.0633842945098877 53 1 0.88200000000000001 1


# name: resolution
# type: matrix
# rows: 1
# columns: 2
 1366 768


# name: hz
# type: scalar
60


# name: pc
# type: sq_string
# elements: 1
# length: 21
gregor-Latitude-E6320


# name: experiment
# type: sq_string
# elements: 1
# length: 4
RFPb


# name: isOctave
# type: bool
1




