# Created by Octave 5.2.0, Mon Apr 04 13:42:47 2022 CEST <student@gregor-Latitude-E6320>
# name: RFP
# type: scalar struct
# ndims: 2
 1 1
# length: 10
# name: vp
# type: sq_string
# elements: 1
# length: 3
V17


# name: mapping
# type: scalar
1


# name: date
# type: sq_string
# elements: 1
# length: 15
20220404T134038


# name: block
# type: scalar
1


# name: outmat
# type: matrix
# rows: 48
# columns: 14
 1 1 247 0.80000000000000004 2 3 16 2200 1.8584073464102069 4.9519007205963135 59 0 1.181 1
 2 1 258 0.80000000000000004 2 3 20 2200 -2.1415926535897931 2.2059414386749268 59 0 1.1890000000000001 0.69999999999999996
 3 1 79 0 2 4 16 2200 -1.1415926535897931 3.4796757698059082 59 0 0.85499999999999998 0.69999999999999996
 4 1 133 0.40000000000000002 1 4 20 2000 -0.14159265358979312 2.2130362987518311 59 0 0.84499999999999997 0.89999999999999991
 5 1 495 3 1 3 20 2000 -1.1415926535897931 2.2415263652801514 59 0 1.0800000000000001 0.79999999999999993
 6 1 448 1.6000000000000001 2 3 20 2000 -1.1415926535897931 1.850250244140625 59 0 1.157 0.69999999999999996
 7 1 26 0 1 4 16 2000 -3.1415926535897931 1.9986562728881836 53 1 0.89800000000000002 0.89999999999999991
 8 1 81 0 2 4 16 2400 0.85840734641020688 2.1338658332824707 53 1 1.0069999999999999 1
 9 1 393 1.6000000000000001 1 3 16 2400 -1.1415926535897931 1.2001726627349854 59 0 1.198 0.89999999999999991
 10 1 517 3 1 4 20 2000 -2.1415926535897931 1.5554242134094238 59 0 0.82999999999999996 1
 11 1 217 0.80000000000000004 1 4 16 2000 -3.1415926535897931 1.5075042247772217 59 0 0.96399999999999997 0.69999999999999996
 12 1 245 0.80000000000000004 2 3 16 2200 -3.1415926535897931 1.6365244388580322 59 0 0.84299999999999997 1
 13 1 138 0.40000000000000002 1 4 20 2200 -1.1415926535897931 2.119124174118042 59 0 0.82199999999999995 0.69999999999999996
 14 1 177 0.40000000000000002 2 4 16 2400 0.85840734641020688 2.105724573135376 59 0 0.98699999999999999 0.89999999999999991
 15 1 413 1.6000000000000001 1 4 16 2200 2.8584073464102069 1.4726641178131104 59 0 0.93700000000000006 0.79999999999999993
 16 1 52 0 2 3 16 2000 -1.1415926535897931 1.6222689151763916 53 1 1.1899999999999999 0.89999999999999991
 17 1 284 0.80000000000000004 2 4 20 2200 0.85840734641020688 1.3824825286865234 59 0 1.0840000000000001 0.79999999999999993
 18 1 249 0.80000000000000004 2 3 16 2400 2.8584073464102069 1.8723137378692627 59 0 1.173 0.79999999999999993
 19 1 212 0.80000000000000004 1 3 20 2200 -0.14159265358979312 1.3697922229766846 59 0 1.0669999999999999 0.69999999999999996
 20 1 562 3 2 4 16 2400 -2.1415926535897931 1.4428136348724365 59 0 1.1399999999999999 1
 21 1 544 3 2 3 20 2000 -3.1415926535897931 1.3562688827514648 59 0 0.96599999999999997 0.89999999999999991
 22 1 208 0.80000000000000004 1 3 20 2000 0.85840734641020688 1.4063141345977783 59 0 1.113 0.69999999999999996
 23 1 333 1.2 1 4 20 2400 -2.1415926535897931 1.58656907081604 59 0 0.96899999999999997 0.89999999999999991
 24 1 535 3 2 3 16 2200 2.8584073464102069 1.2038004398345947 59 0 1.0169999999999999 0.69999999999999996
 25 1 347 1.2 2 3 16 2400 2.8584073464102069 1.4740316867828369 59 0 0.80000000000000004 0.89999999999999991
 26 1 530 3 2 3 16 2000 2.8584073464102069 1.4876275062561035 59 0 1.1619999999999999 0.69999999999999996
 27 1 536 3 2 3 16 2200 2.8584073464102069 1.2853682041168213 59 0 1.1299999999999999 0.69999999999999996
 28 1 351 1.2 2 3 20 2000 -2.1415926535897931 1.6067743301391602 59 0 0.84199999999999997 1
 29 1 450 1.6000000000000001 2 3 20 2200 -0.14159265358979312 1.2844390869140625 53 1 1.1870000000000001 0.69999999999999996
 30 1 499 3 1 3 20 2200 1.8584073464102069 1.2358489036560059 59 0 0.99399999999999999 0.89999999999999991
 31 1 526 3 1 4 20 2400 -2.1415926535897931 1.8006680011749268 59 0 0.99099999999999999 0.79999999999999993
 32 1 55 0 2 3 16 2200 0.85840734641020688 1.1793053150177002 53 1 0.95699999999999996 0.69999999999999996
 33 1 552 3 2 3 20 2400 2.8584073464102069 1.1837153434753418 59 0 1.0469999999999999 0.69999999999999996
 34 1 508 3 1 4 16 2000 1.8584073464102069 1.4886021614074707 53 1 1.0880000000000001 0.89999999999999991
 35 1 520 3 1 4 20 2000 -0.14159265358979312 1.1240043640136719 59 0 0.94599999999999995 0.69999999999999996
 36 1 38 0 1 4 20 2000 2.8584073464102069 1.1352138519287109 53 1 0.93400000000000005 0.79999999999999993
 37 1 439 1.6000000000000001 2 3 16 2200 1.8584073464102069 1.5666983127593994 53 1 1.1910000000000001 0.89999999999999991
 38 1 28 0 1 4 16 2000 2.8584073464102069 1.1088597774505615 53 1 1.0549999999999999 0.69999999999999996
 39 1 228 0.80000000000000004 1 4 16 2400 -0.14159265358979312 1.2404999732971191 53 1 0.92900000000000005 0.79999999999999993
 40 1 69 0 2 3 20 2400 -1.1415926535897931 1.1119024753570557 53 1 1.1719999999999999 1
 41 1 206 0.80000000000000004 1 3 20 2000 1.8584073464102069 1.5975925922393799 53 1 0.85399999999999998 0.79999999999999993
 42 1 457 1.6000000000000001 2 4 16 2000 -0.14159265358979312 1.7169091701507568 59 0 0.93400000000000005 1
 43 1 426 1.6000000000000001 1 4 20 2200 -0.14159265358979312 1.6265008449554443 59 0 1.0389999999999999 0.79999999999999993
 44 1 240 0.80000000000000004 1 4 20 2400 0.85840734641020688 1.6495027542114258 53 1 0.90300000000000002 1
 45 1 550 3 2 3 20 2400 2.8584073464102069 1.1184902191162109 59 0 1.159 0.69999999999999996
 46 1 453 1.6000000000000001 2 3 20 2400 -1.1415926535897931 1.1843280792236328 59 0 0.88 0.69999999999999996
 47 1 354 1.2 2 3 20 2200 1.8584073464102069 1.2963590621948242 59 0 0.82799999999999996 0.69999999999999996
 48 1 176 0.40000000000000002 2 4 16 2200 -2.1415926535897931 1.071619987487793 53 1 0.92500000000000004 1


# name: resolution
# type: matrix
# rows: 1
# columns: 2
 1366 768


# name: hz
# type: scalar
60


# name: pc
# type: sq_string
# elements: 1
# length: 21
gregor-Latitude-E6320


# name: experiment
# type: sq_string
# elements: 1
# length: 4
RFPb


# name: isOctave
# type: bool
1




