# Created by Octave 5.2.0, Mon Apr 04 13:48:51 2022 CEST <student@gregor-Latitude-E6320>
# name: RFP
# type: scalar struct
# ndims: 2
 1 1
# length: 10
# name: vp
# type: sq_string
# elements: 1
# length: 3
V17


# name: mapping
# type: scalar
1


# name: date
# type: sq_string
# elements: 1
# length: 15
20220404T134659


# name: block
# type: scalar
4


# name: outmat
# type: matrix
# rows: 48
# columns: 14
 1 4 440 1.6000000000000001 2 3 16 2200 -3.1415926535897931 1.1301591396331787 59 0 1.1910000000000001 0.79999999999999993
 2 4 309 1.2 1 3 20 2400 -1.1415926535897931 1.0506637096405029 59 0 0.89300000000000002 0.89999999999999991
 3 4 209 0.80000000000000004 1 3 20 2200 -1.1415926535897931 0.96068215370178223 53 1 1.095 1
 4 4 523 3 1 4 20 2200 -3.1415926535897931 0.89984869956970215 59 0 1.0569999999999999 0.69999999999999996
 5 4 549 3 2 3 20 2400 2.8584073464102069 1.1668465137481689 53 1 1.0820000000000001 0.79999999999999993
 6 4 8 0 1 3 16 2200 -3.1415926535897931 1.2632818222045898 53 1 1.1990000000000001 0.69999999999999996
 7 4 345 1.2 2 3 16 2400 -2.1415926535897931 1.2328341007232666 59 0 1.0549999999999999 0.79999999999999993
 8 4 271 0.80000000000000004 2 4 16 2200 -1.1415926535897931 1.3159158229827881 53 1 0.90200000000000002 0.79999999999999993
 9 4 414 1.6000000000000001 1 4 16 2200 -2.1415926535897931 1.0292813777923584 59 0 0.93300000000000005 0.69999999999999996
 10 4 4 0 1 3 16 2000 2.8584073464102069 1.1014926433563232 53 1 0.98399999999999999 1
 11 4 468 1.6000000000000001 2 4 16 2400 -3.1415926535897931 1.1168572902679443 59 0 1.1339999999999999 1
 12 4 285 0.80000000000000004 2 4 20 2400 1.8584073464102069 1.3029322624206543 53 1 1.069 0.69999999999999996
 13 4 514 3 1 4 16 2400 -3.1415926535897931 1.1839783191680908 59 0 1.1140000000000001 1
 14 4 130 0.40000000000000002 1 4 16 2400 -1.1415926535897931 1.111900806427002 53 1 1.1539999999999999 0.89999999999999991
 15 4 513 3 1 4 16 2400 -1.1415926535897931 1.4004583358764648 59 0 1.075 0.89999999999999991
 16 4 303 1.2 1 3 20 2000 -2.1415926535897931 1.026221752166748 59 0 0.91600000000000004 0.89999999999999991
 17 4 554 3 2 4 16 2000 -3.1415926535897931 1.2147364616394043 59 0 0.80600000000000005 0.89999999999999991
 18 4 472 1.6000000000000001 2 4 20 2000 2.8584073464102069 1.1282455921173096 59 0 1.1639999999999999 0.89999999999999991
 19 4 14 0 1 3 20 2000 -3.1415926535897931 1.0862946510314941 53 1 0.85299999999999998 0.69999999999999996
 20 4 506 3 1 4 16 2000 1.8584073464102069 0.98401212692260742 59 0 1.105 0.69999999999999996
 21 4 509 3 1 4 16 2200 -2.1415926535897931 2.9147753715515137 59 0 1.1479999999999999 1
 22 4 109 0.40000000000000002 1 3 20 2000 -2.1415926535897931 1.1481688022613525 53 1 0.81299999999999994 0.79999999999999993
 23 4 288 0.80000000000000004 2 4 20 2400 0.85840734641020688 1.260735034942627 53 1 0.83399999999999996 0.79999999999999993
 24 4 464 1.6000000000000001 2 4 16 2200 -1.1415926535897931 1.3194921016693115 59 0 1.042 1
 25 4 202 0.80000000000000004 1 3 16 2400 0.85840734641020688 1.39955735206604 59 0 0.80900000000000005 0.79999999999999993
 26 4 364 1.2 2 4 16 2000 -3.1415926535897931 1.4407482147216797 53 1 1.0169999999999999 0.89999999999999991
 27 4 443 1.6000000000000001 2 3 16 2400 0.85840734641020688 1.0736997127532959 59 0 1.0049999999999999 0.69999999999999996
 28 4 324 1.2 1 4 16 2400 1.8584073464102069 1.1984922885894775 59 0 0.88900000000000001 0.89999999999999991
 29 4 270 0.80000000000000004 2 4 16 2200 0.85840734641020688 1.3434710502624512 59 0 0.90600000000000003 0.69999999999999996
 30 4 92 0 2 4 20 2200 2.8584073464102069 1.0737905502319336 53 1 1.1200000000000001 1
 31 4 470 1.6000000000000001 2 4 20 2000 2.8584073464102069 1.1516058444976807 59 0 1.0800000000000001 0.79999999999999993
 32 4 136 0.40000000000000002 1 4 20 2000 2.8584073464102069 1.1069624423980713 53 1 1.0740000000000001 0.89999999999999991
 33 4 521 3 1 4 20 2200 -3.1415926535897931 1.4593462944030762 59 0 1.071 0.69999999999999996
 34 4 300 1.2 1 3 16 2400 -1.1415926535897931 1.4222891330718994 59 0 0.95299999999999996 1
 35 4 518 3 1 4 20 2000 -2.1415926535897931 1.138134241104126 59 0 0.83399999999999996 0.79999999999999993
 36 4 248 0.80000000000000004 2 3 16 2200 0.85840734641020688 1.4389140605926514 53 1 0.82299999999999995 1
 37 4 48 0 1 4 20 2400 -3.1415926535897931 1.1624653339385986 53 1 1.0640000000000001 0.89999999999999991
 38 4 405 1.6000000000000001 1 3 20 2400 -1.1415926535897931 1.2865023612976074 59 0 0.86099999999999999 0.89999999999999991
 39 4 529 3 2 3 16 2000 -3.1415926535897931 2.0489654541015625 59 0 0.81799999999999995 0.79999999999999993
 40 4 417 1.6000000000000001 1 4 16 2400 -2.1415926535897931 1.7580208778381348 59 0 0.87 0.79999999999999993
 41 4 269 0.80000000000000004 2 4 16 2200 0.85840734641020688 1.3730940818786621 53 1 0.98699999999999999 0.69999999999999996
 42 4 321 1.2 1 4 16 2400 -0.14159265358979312 1.8891942501068115 59 0 1.0429999999999999 0.79999999999999993
 43 4 171 0.40000000000000002 2 4 16 2000 0.85840734641020688 1.4027743339538574 53 1 0.91500000000000004 0.79999999999999993
 44 4 501 3 1 3 20 2400 0.85840734641020688 1.5026278495788574 59 0 0.81499999999999995 0.69999999999999996
 45 4 331 1.2 1 4 20 2200 2.8584073464102069 1.2455127239227295 59 0 1.171 0.69999999999999996
 46 4 159 0.40000000000000002 2 3 20 2000 -3.1415926535897931 1.1562514305114746 53 1 1.0289999999999999 0.79999999999999993
 47 4 349 1.2 2 3 20 2000 -2.1415926535897931 1.4884622097015381 59 0 1.1559999999999999 0.69999999999999996
 48 4 163 0.40000000000000002 2 3 20 2200 1.8584073464102069 1.9498634338378906 53 1 1.0129999999999999 1


# name: resolution
# type: matrix
# rows: 1
# columns: 2
 1366 768


# name: hz
# type: scalar
60


# name: pc
# type: sq_string
# elements: 1
# length: 21
gregor-Latitude-E6320


# name: experiment
# type: sq_string
# elements: 1
# length: 4
RFPb


# name: isOctave
# type: bool
1




