# Created by Octave 5.2.0, Mon Apr 04 13:45:03 2022 CEST <student@gregor-Latitude-E6320>
# name: RFP
# type: scalar struct
# ndims: 2
 1 1
# length: 10
# name: vp
# type: sq_string
# elements: 1
# length: 3
V17


# name: mapping
# type: scalar
1


# name: date
# type: sq_string
# elements: 1
# length: 15
20220404T134306


# name: block
# type: scalar
2


# name: outmat
# type: matrix
# rows: 48
# columns: 14
 1 2 62 0 2 3 20 2000 0.85840734641020688 1.0677535533905029 53 1 0.876 0.79999999999999993
 2 2 404 1.6000000000000001 1 3 20 2200 1.8584073464102069 1.4276573657989502 53 1 0.81799999999999995 1
 3 2 277 0.80000000000000004 2 4 20 2000 0.85840734641020688 1.2676141262054443 59 0 1.1379999999999999 0.89999999999999991
 4 2 232 0.80000000000000004 1 4 20 2000 -1.1415926535897931 2.1298906803131104 53 1 1.0669999999999999 0.69999999999999996
 5 2 571 3 2 4 20 2200 0.85840734641020688 1.3212151527404785 59 0 1.0489999999999999 1
 6 2 194 0.80000000000000004 1 3 16 2000 -0.14159265358979312 1.2649650573730469 53 1 1.0669999999999999 0.89999999999999991
 7 2 389 1.6000000000000001 1 3 16 2200 -3.1415926535897931 1.2922482490539551 59 0 1.1679999999999999 0.89999999999999991
 8 2 161 0.40000000000000002 2 3 20 2200 1.8584073464102069 1.7976949214935303 53 1 1.101 0.89999999999999991
 9 2 402 1.6000000000000001 1 3 20 2200 2.8584073464102069 1.158879280090332 59 0 1.1739999999999999 0.69999999999999996
 10 2 239 0.80000000000000004 1 4 20 2400 1.8584073464102069 2.6192483901977539 59 0 1.032 0.89999999999999991
 11 2 39 0 1 4 20 2000 -3.1415926535897931 1.5621633529663086 53 1 0.97899999999999998 1
 12 2 485 3 1 3 16 2200 -3.1415926535897931 1.8243134021759033 59 0 1.085 0.69999999999999996
 13 2 193 0.80000000000000004 1 3 16 2000 0.85840734641020688 1.3596599102020264 59 0 0.873 0.79999999999999993
 14 2 170 0.40000000000000002 2 4 16 2000 -0.14159265358979312 1.2669608592987061 53 1 0.873 0.79999999999999993
 15 2 207 0.80000000000000004 1 3 20 2000 1.8584073464102069 1.234121561050415 53 1 0.95299999999999996 1
 16 2 296 1.2 1 3 16 2200 -1.1415926535897931 1.3517982959747314 53 1 0.91300000000000003 0.79999999999999993
 17 2 361 1.2 2 4 16 2000 1.8584073464102069 1.6067469120025635 59 0 0.81799999999999995 0.89999999999999991
 18 2 261 0.80000000000000004 2 3 20 2400 2.8584073464102069 1.3746376037597656 53 1 1.028 0.89999999999999991
 19 2 213 0.80000000000000004 1 3 20 2400 1.8584073464102069 1.3462593555450439 53 1 1.091 1
 20 2 24 0 1 3 20 2400 0.85840734641020688 1.0742051601409912 53 1 0.874 0.69999999999999996
 21 2 35 0 1 4 16 2400 -1.1415926535897931 1.0944750308990479 53 1 0.92100000000000004 1
 22 2 227 0.80000000000000004 1 4 16 2400 -0.14159265358979312 1.0982496738433838 53 1 0.81999999999999995 0.69999999999999996
 23 2 128 0.40000000000000002 1 4 16 2200 -2.1415926535897931 1.142200231552124 53 1 0.96499999999999997 0.79999999999999993
 24 2 102 0.40000000000000002 1 3 16 2200 -0.14159265358979312 1.073155403137207 53 1 1.1359999999999999 0.79999999999999993
 25 2 278 0.80000000000000004 2 4 20 2000 -2.1415926535897931 1.1381995677947998 59 0 1.048 0.79999999999999993
 26 2 387 1.6000000000000001 1 3 16 2000 2.8584073464102069 1.0560734272003174 59 0 0.86699999999999999 0.89999999999999991
 27 2 223 0.80000000000000004 1 4 16 2200 -2.1415926535897931 1.1499674320220947 59 0 0.81200000000000006 0.69999999999999996
 28 2 143 0.40000000000000002 1 4 20 2400 -0.14159265358979312 2.4973387718200684 53 1 0.90600000000000003 0.79999999999999993
 29 2 185 0.40000000000000002 2 4 20 2200 0.85840734641020688 1.4410951137542725 53 1 0.85899999999999999 0.79999999999999993
 30 2 466 1.6000000000000001 2 4 16 2400 1.8584073464102069 1.3230490684509277 59 0 1.159 0.89999999999999991
 31 2 311 1.2 1 3 20 2400 -0.14159265358979312 1.2626721858978271 59 0 1.1930000000000001 0.69999999999999996
 32 2 103 0.40000000000000002 1 3 16 2200 -2.1415926535897931 1.2156462669372559 53 1 1.181 0.69999999999999996
 33 2 190 0.40000000000000002 2 4 20 2400 -3.1415926535897931 1.1683337688446045 53 1 0.93700000000000006 1
 34 2 525 3 1 4 20 2400 -3.1415926535897931 1.4310684204101562 59 0 1.1759999999999999 1
 35 2 358 1.2 2 3 20 2400 -3.1415926535897931 1.7389295101165771 59 0 0.90100000000000002 0.79999999999999993
 36 2 438 1.6000000000000001 2 3 16 2200 -1.1415926535897931 1.5523929595947266 59 0 0.88500000000000001 0.69999999999999996
 37 2 519 3 1 4 20 2000 2.8584073464102069 1.3515655994415283 59 0 0.90700000000000003 0.69999999999999996
 38 2 415 1.6000000000000001 1 4 16 2200 -3.1415926535897931 1.3477010726928711 59 0 1.073 0.89999999999999991
 39 2 199 0.80000000000000004 1 3 16 2200 0.85840734641020688 1.3345155715942383 59 0 1.1850000000000001 0.69999999999999996
 40 2 7 0 1 3 16 2200 -2.1415926535897931 1.3020572662353516 53 1 1.0880000000000001 0.89999999999999991
 41 2 90 0 2 4 20 2200 -3.1415926535897931 1.3123385906219482 53 1 0.84399999999999997 0.89999999999999991
 42 2 325 1.2 1 4 20 2000 -1.1415926535897931 1.3248593807220459 59 0 1.1950000000000001 0.79999999999999993
 43 2 423 1.6000000000000001 1 4 20 2000 2.8584073464102069 1.1919972896575928 59 0 1.117 0.79999999999999993
 44 2 279 0.80000000000000004 2 4 20 2000 -1.1415926535897931 1.7102406024932861 59 0 0.80800000000000005 0.89999999999999991
 45 2 76 0 2 4 16 2000 0.85840734641020688 1.2162284851074219 53 1 1.0629999999999999 0.89999999999999991
 46 2 366 1.2 2 4 16 2200 0.85840734641020688 1.346306324005127 59 0 1.0680000000000001 1
 47 2 406 1.6000000000000001 1 3 20 2400 2.8584073464102069 2.0858664512634277 59 0 1.097 0.89999999999999991
 48 2 100 0.40000000000000002 1 3 16 2000 2.8584073464102069 1.1868124008178711 53 1 1.0740000000000001 0.69999999999999996


# name: resolution
# type: matrix
# rows: 1
# columns: 2
 1366 768


# name: hz
# type: scalar
60


# name: pc
# type: sq_string
# elements: 1
# length: 21
gregor-Latitude-E6320


# name: experiment
# type: sq_string
# elements: 1
# length: 4
RFPb


# name: isOctave
# type: bool
1




