# Created by Octave 5.2.0, Mon Apr 04 13:52:42 2022 CEST <student@gregor-Latitude-E6320>
# name: RFP
# type: scalar struct
# ndims: 2
 1 1
# length: 10
# name: vp
# type: sq_string
# elements: 1
# length: 3
V17


# name: mapping
# type: scalar
1


# name: date
# type: sq_string
# elements: 1
# length: 15
20220404T135056


# name: block
# type: scalar
6


# name: outmat
# type: matrix
# rows: 48
# columns: 14
 1 6 5 0 1 3 16 2200 -0.14159265358979312 1.0471549034118652 53 1 0.872 0.79999999999999993
 2 6 16 0 1 3 20 2000 -3.1415926535897931 1.0800251960754395 53 1 1.1970000000000001 0.79999999999999993
 3 6 537 3 2 3 16 2400 1.8584073464102069 0.99469256401062012 59 0 1.0860000000000001 0.79999999999999993
 4 6 142 0.40000000000000002 1 4 20 2400 -2.1415926535897931 1.1189868450164795 53 1 0.85799999999999998 0.79999999999999993
 5 6 200 0.80000000000000004 1 3 16 2200 -1.1415926535897931 0.99605345726013184 59 0 0.98099999999999998 0.79999999999999993
 6 6 85 0 2 4 20 2000 -3.1415926535897931 0.9227144718170166 53 1 1.038 1
 7 6 115 0.40000000000000002 1 3 20 2200 -0.14159265358979312 1.0844681262969971 53 1 1.1459999999999999 0.79999999999999993
 8 6 73 0 2 4 16 2000 -0.14159265358979312 1.0193982124328613 53 1 0.97299999999999998 1
 9 6 480 1.6000000000000001 2 4 20 2400 -3.1415926535897931 1.0087697505950928 59 0 1.1499999999999999 0.79999999999999993
 10 6 280 0.80000000000000004 2 4 20 2000 -2.1415926535897931 1.1093161106109619 59 0 1.0609999999999999 1
 11 6 484 3 1 3 16 2000 -3.1415926535897931 1.0807585716247559 59 0 1.0620000000000001 1
 12 6 471 1.6000000000000001 2 4 20 2000 -1.1415926535897931 0.93017697334289551 59 0 1.1779999999999999 1
 13 6 340 1.2 2 3 16 2000 -0.14159265358979312 1.0009827613830566 59 0 1.117 1
 14 6 254 0.80000000000000004 2 3 20 2000 1.8584073464102069 1.0222454071044922 59 0 1.004 0.79999999999999993
 15 6 551 3 2 3 20 2400 2.8584073464102069 0.96842217445373535 59 0 0.80000000000000004 0.79999999999999993
 16 6 461 1.6000000000000001 2 4 16 2200 -3.1415926535897931 1.0122826099395752 59 0 0.98999999999999999 0.89999999999999991
 17 6 264 0.80000000000000004 2 3 20 2400 1.8584073464102069 1.001664400100708 59 0 1.196 0.79999999999999993
 18 6 538 3 2 3 16 2400 1.8584073464102069 0.99938631057739258 59 0 0.94999999999999996 1
 19 6 197 0.80000000000000004 1 3 16 2200 2.8584073464102069 1.0779736042022705 59 0 1.036 0.79999999999999993
 20 6 83 0 2 4 16 2400 0.85840734641020688 1.0397422313690186 53 1 0.84399999999999997 0.79999999999999993
 21 6 266 0.80000000000000004 2 4 16 2000 -0.14159265358979312 0.92726397514343262 53 1 0.81799999999999995 1
 22 6 392 1.6000000000000001 1 3 16 2200 1.8584073464102069 2.951317310333252 59 0 0.93100000000000005 1
 23 6 567 3 2 4 20 2000 -0.14159265358979312 1.1290285587310791 59 0 0.92300000000000004 0.89999999999999991
 24 6 378 1.2 2 4 20 2200 0.85840734641020688 1.2667641639709473 59 0 1.0720000000000001 0.79999999999999993
 25 6 436 1.6000000000000001 2 3 16 2000 2.8584073464102069 1.1511948108673096 59 0 0.93899999999999995 0.79999999999999993
 26 6 118 0.40000000000000002 1 3 20 2400 -2.1415926535897931 1.0870969295501709 53 1 0.92400000000000004 0.89999999999999991
 27 6 357 1.2 2 3 20 2400 -1.1415926535897931 1.1194570064544678 59 0 1.016 0.69999999999999996
 28 6 41 0 1 4 20 2200 2.8584073464102069 1.1544513702392578 53 1 1.044 0.89999999999999991
 29 6 46 0 1 4 20 2400 -2.1415926535897931 0.91460490226745605 53 1 1.161 1
 30 6 531 3 2 3 16 2000 -1.1415926535897931 1.0093424320220947 59 0 0.80300000000000005 1
 31 6 575 3 2 4 20 2400 2.8584073464102069 1.0431246757507324 59 0 1.143 0.69999999999999996
 32 6 87 0 2 4 20 2000 -0.14159265358979312 0.89911842346191406 53 1 1.0760000000000001 1
 33 6 467 1.6000000000000001 2 4 16 2400 0.85840734641020688 2.7010838985443115 59 0 0.90400000000000003 0.69999999999999996
 34 6 273 0.80000000000000004 2 4 16 2400 0.85840734641020688 1.4402201175689697 53 1 1.133 0.89999999999999991
 35 6 112 0.40000000000000002 1 3 20 2000 -1.1415926535897931 1.0725836753845215 53 1 0.82999999999999996 0.69999999999999996
 36 6 58 0 2 3 16 2400 -2.1415926535897931 1.3309876918792725 53 1 1.1479999999999999 1
 37 6 307 1.2 1 3 20 2200 -3.1415926535897931 1.2352523803710938 59 0 1.1060000000000001 0.89999999999999991
 38 6 259 0.80000000000000004 2 3 20 2200 0.85840734641020688 1.093482494354248 53 1 1.129 0.79999999999999993
 39 6 412 1.6000000000000001 1 4 16 2000 1.8584073464102069 1.0552694797515869 59 0 0.86699999999999999 0.79999999999999993
 40 6 298 1.2 1 3 16 2400 -0.14159265358979312 1.0984957218170166 59 0 0.84799999999999998 0.79999999999999993
 41 6 70 0 2 3 20 2400 -1.1415926535897931 1.019228458404541 53 1 1.194 0.89999999999999991
 42 6 27 0 1 4 16 2000 0.85840734641020688 0.98137331008911133 53 1 0.95099999999999996 0.89999999999999991
 43 6 334 1.2 1 4 20 2400 0.85840734641020688 1.3257887363433838 59 0 1.075 0.69999999999999996
 44 6 225 0.80000000000000004 1 4 16 2400 1.8584073464102069 1.2933802604675293 59 0 0.82499999999999996 0.69999999999999996
 45 6 533 3 2 3 16 2200 -0.14159265358979312 1.087637186050415 59 0 0.96499999999999997 0.69999999999999996
 46 6 37 0 1 4 20 2000 -2.1415926535897931 1.0972557067871094 53 1 1.1910000000000001 0.79999999999999993
 47 6 304 1.2 1 3 20 2000 -3.1415926535897931 1.0626230239868164 53 1 1.073 1
 48 6 181 0.40000000000000002 2 4 20 2000 -1.1415926535897931 0.98934316635131836 53 1 0.93600000000000005 0.69999999999999996


# name: resolution
# type: matrix
# rows: 1
# columns: 2
 1366 768


# name: hz
# type: scalar
60


# name: pc
# type: sq_string
# elements: 1
# length: 21
gregor-Latitude-E6320


# name: experiment
# type: sq_string
# elements: 1
# length: 4
RFPb


# name: isOctave
# type: bool
1




