# Created by Octave 5.2.0, Mon Apr 04 13:54:33 2022 CEST <student@gregor-Latitude-E6320>
# name: RFP
# type: scalar struct
# ndims: 2
 1 1
# length: 10
# name: vp
# type: sq_string
# elements: 1
# length: 3
V17


# name: mapping
# type: scalar
1


# name: date
# type: sq_string
# elements: 1
# length: 15
20220404T135245


# name: block
# type: scalar
7


# name: outmat
# type: matrix
# rows: 48
# columns: 14
 1 7 50 0 2 3 16 2000 -1.1415926535897931 1.0683572292327881 53 1 1.175 0.89999999999999991
 2 7 476 1.6000000000000001 2 4 20 2200 -3.1415926535897931 1.0373964309692383 59 0 1.105 0.79999999999999993
 3 7 342 1.2 2 3 16 2200 -3.1415926535897931 1.2754373550415039 53 1 1.0700000000000001 0.89999999999999991
 4 7 157 0.40000000000000002 2 3 20 2000 -2.1415926535897931 1.1451082229614258 53 1 0.80100000000000005 0.89999999999999991
 5 7 268 0.80000000000000004 2 4 16 2000 -2.1415926535897931 1.1860635280609131 53 1 0.82199999999999995 1
 6 7 407 1.6000000000000001 1 3 20 2400 -1.1415926535897931 1.090935230255127 59 0 0.80900000000000005 0.79999999999999993
 7 7 563 3 2 4 16 2400 -0.14159265358979312 1.1520280838012695 59 0 0.94499999999999995 1
 8 7 116 0.40000000000000002 1 3 20 2200 2.8584073464102069 1.1326291561126709 53 1 0.85199999999999998 0.79999999999999993
 9 7 44 0 1 4 20 2200 -2.1415926535897931 0.95165514945983887 53 1 0.83599999999999997 0.79999999999999993
 10 7 257 0.80000000000000004 2 3 20 2200 -3.1415926535897931 0.99027466773986816 59 0 1.024 0.69999999999999996
 11 7 498 3 1 3 20 2200 1.8584073464102069 0.98456406593322754 59 0 1.155 0.69999999999999996
 12 7 462 1.6000000000000001 2 4 16 2200 -3.1415926535897931 1.0906341075897217 59 0 0.99199999999999999 0.79999999999999993
 13 7 147 0.40000000000000002 2 3 16 2000 -3.1415926535897931 1.0084645748138428 53 1 1.163 0.69999999999999996
 14 7 576 3 2 4 20 2400 1.8584073464102069 0.99191164970397949 59 0 0.90800000000000003 1
 15 7 539 3 2 3 16 2400 0.85840734641020688 1.053168773651123 59 0 0.873 0.89999999999999991
 16 7 229 0.80000000000000004 1 4 20 2000 -1.1415926535897931 1.1308474540710449 59 0 0.88400000000000001 0.69999999999999996
 17 7 113 0.40000000000000002 1 3 20 2200 -2.1415926535897931 0.87707090377807617 53 1 1.0980000000000001 0.89999999999999991
 18 7 64 0 2 3 20 2000 1.8584073464102069 1.0536811351776123 53 1 0.96999999999999997 0.79999999999999993
 19 7 47 0 1 4 20 2400 -3.1415926535897931 1.4849703311920166 53 1 0.95199999999999996 1
 20 7 105 0.40000000000000002 1 3 16 2400 -3.1415926535897931 1.3316037654876709 53 1 0.873 0.69999999999999996
 21 7 61 0 2 3 20 2000 -2.1415926535897931 1.093442440032959 53 1 1.022 0.89999999999999991
 22 7 162 0.40000000000000002 2 3 20 2200 -1.1415926535897931 0.86913251876831055 53 1 0.82199999999999995 0.89999999999999991
 23 7 359 1.2 2 3 20 2400 -3.1415926535897931 1.0807855129241943 59 0 0.93100000000000005 0.89999999999999991
 24 7 542 3 2 3 20 2000 -1.1415926535897931 2.2671642303466797 59 0 1.131 0.69999999999999996
 25 7 319 1.2 1 4 16 2200 -3.1415926535897931 1.3767657279968262 59 0 1.0469999999999999 0.89999999999999991
 26 7 198 0.80000000000000004 1 3 16 2200 1.8584073464102069 1.2335951328277588 59 0 0.92700000000000005 0.69999999999999996
 27 7 489 3 1 3 16 2400 -1.1415926535897931 0.97936534881591797 59 0 0.85399999999999998 0.79999999999999993
 28 7 252 0.80000000000000004 2 3 16 2400 0.85840734641020688 1.4057762622833252 53 1 1.125 1
 29 7 187 0.40000000000000002 2 4 20 2200 -1.1415926535897931 1.0240538120269775 53 1 0.92400000000000004 0.89999999999999991
 30 7 503 3 1 3 20 2400 0.85840734641020688 1.1355745792388916 59 0 0.89700000000000002 1
 31 7 478 1.6000000000000001 2 4 20 2400 2.8584073464102069 1.1042520999908447 59 0 0.95899999999999996 0.69999999999999996
 32 7 125 0.40000000000000002 1 4 16 2200 -3.1415926535897931 1.5364446640014648 59 0 0.91100000000000003 0.69999999999999996
 33 7 262 0.80000000000000004 2 3 20 2400 -0.14159265358979312 1.1486523151397705 59 0 0.98299999999999998 0.69999999999999996
 34 7 256 0.80000000000000004 2 3 20 2000 -2.1415926535897931 1.3454623222351074 59 0 0.89000000000000001 1
 35 7 255 0.80000000000000004 2 3 20 2000 0.85840734641020688 1.0251941680908203 53 1 0.90600000000000003 0.79999999999999993
 36 7 172 0.40000000000000002 2 4 16 2000 1.8584073464102069 2.6039972305297852 53 1 1.1259999999999999 0.69999999999999996
 37 7 332 1.2 1 4 20 2200 -3.1415926535897931 1.1136922836303711 59 0 1.149 0.79999999999999993
 38 7 399 1.6000000000000001 1 3 20 2000 -1.1415926535897931 1.1974196434020996 59 0 1.1279999999999999 1
 39 7 511 3 1 4 16 2200 1.8584073464102069 1.1849992275238037 59 0 1.03 0.69999999999999996
 40 7 446 1.6000000000000001 2 3 20 2000 2.8584073464102069 1.1699578762054443 59 0 0.87 0.69999999999999996
 41 7 2 0 1 3 16 2000 -2.1415926535897931 1.0995986461639404 53 1 1.089 1
 42 7 104 0.40000000000000002 1 3 16 2200 1.8584073464102069 1.3066234588623047 53 1 1.0800000000000001 0.69999999999999996
 43 7 149 0.40000000000000002 2 3 16 2200 -3.1415926535897931 1.2742607593536377 53 1 0.89400000000000002 0.79999999999999993
 44 7 218 0.80000000000000004 1 4 16 2000 0.85840734641020688 1.5376904010772705 53 1 0.83299999999999996 0.79999999999999993
 45 7 328 1.2 1 4 20 2000 -0.14159265358979312 1.2038636207580566 53 1 1.095 0.79999999999999993
 46 7 25 0 1 4 16 2000 -3.1415926535897931 1.2149841785430908 53 1 1.0780000000000001 0.79999999999999993
 47 7 150 0.40000000000000002 2 3 16 2200 2.8584073464102069 1.603705883026123 53 1 0.89900000000000002 0.89999999999999991
 48 7 78 0 2 4 16 2200 1.8584073464102069 1.7829635143280029 53 1 1.0960000000000001 0.79999999999999993


# name: resolution
# type: matrix
# rows: 1
# columns: 2
 1366 768


# name: hz
# type: scalar
60


# name: pc
# type: sq_string
# elements: 1
# length: 21
gregor-Latitude-E6320


# name: experiment
# type: sq_string
# elements: 1
# length: 4
RFPb


# name: isOctave
# type: bool
1




