# Created by Octave 5.2.0, Mon Apr 04 14:00:00 2022 CEST <student@gregor-Latitude-E6320>
# name: RFP
# type: scalar struct
# ndims: 2
 1 1
# length: 10
# name: vp
# type: sq_string
# elements: 1
# length: 3
V17


# name: mapping
# type: scalar
1


# name: date
# type: sq_string
# elements: 1
# length: 15
20220404T135817


# name: block
# type: scalar
10


# name: outmat
# type: matrix
# rows: 48
# columns: 14
 1 10 293 1.2 1 3 16 2200 -2.1415926535897931 1.5355873107910156 59 0 1.0569999999999999 0.89999999999999991
 2 10 20 0 1 3 20 2200 1.8584073464102069 1.0959622859954834 53 1 0.95899999999999996 0.79999999999999993
 3 10 275 0.80000000000000004 2 4 16 2400 2.8584073464102069 1.3547132015228271 53 1 0.91400000000000003 0.79999999999999993
 4 10 384 1.2 2 4 20 2400 -2.1415926535897931 1.1190240383148193 59 0 0.999 0.89999999999999991
 5 10 512 3 1 4 16 2200 2.8584073464102069 0.95391178131103516 59 0 0.89100000000000001 1
 6 10 137 0.40000000000000002 1 4 20 2200 0.85840734641020688 1.0649828910827637 53 1 0.83399999999999996 0.79999999999999993
 7 10 505 3 1 4 16 2000 -0.14159265358979312 1.1163389682769775 53 1 0.878 1
 8 10 375 1.2 2 4 20 2000 2.8584073464102069 1.0675482749938965 59 0 1.048 0.89999999999999991
 9 10 152 0.40000000000000002 2 3 16 2200 1.8584073464102069 1.061131477355957 53 1 0.85299999999999998 0.79999999999999993
 10 10 362 1.2 2 4 16 2000 0.85840734641020688 0.93704938888549805 59 0 0.81599999999999995 0.89999999999999991
 11 10 558 3 2 4 16 2200 2.8584073464102069 1.1085546016693115 59 0 1.0660000000000001 1
 12 10 379 1.2 2 4 20 2200 -2.1415926535897931 1.0654096603393555 59 0 1.0489999999999999 1
 13 10 374 1.2 2 4 20 2000 1.8584073464102069 1.0987882614135742 59 0 0.80000000000000004 1
 14 10 53 0 2 3 16 2200 1.8584073464102069 1.0409212112426758 53 1 1.0149999999999999 0.79999999999999993
 15 10 317 1.2 1 4 16 2200 -1.1415926535897931 1.0616674423217773 53 1 1.083 0.89999999999999991
 16 10 238 0.80000000000000004 1 4 20 2400 -1.1415926535897931 0.95288252830505371 59 0 0.93600000000000005 0.79999999999999993
 17 10 173 0.40000000000000002 2 4 16 2200 1.8584073464102069 0.99139499664306641 53 1 0.92700000000000005 0.69999999999999996
 18 10 267 0.80000000000000004 2 4 16 2000 -1.1415926535897931 1.0362672805786133 53 1 0.92200000000000004 0.89999999999999991
 19 10 110 0.40000000000000002 1 3 20 2000 -3.1415926535897931 1.1207406520843506 53 1 0.94699999999999995 0.89999999999999991
 20 10 179 0.40000000000000002 2 4 16 2400 1.8584073464102069 1.0754187107086182 53 1 1.0209999999999999 0.89999999999999991
 21 10 23 0 1 3 20 2400 2.8584073464102069 1.1157770156860352 53 1 0.80300000000000005 0.79999999999999993
 22 10 346 1.2 2 3 16 2400 -3.1415926535897931 1.0015063285827637 59 0 0.90100000000000002 0.79999999999999993
 23 10 189 0.40000000000000002 2 4 20 2400 -1.1415926535897931 0.93373203277587891 53 1 1.1719999999999999 0.89999999999999991
 24 10 155 0.40000000000000002 2 3 16 2400 -0.14159265358979312 1.0636386871337891 53 1 0.93700000000000006 0.69999999999999996
 25 10 178 0.40000000000000002 2 4 16 2400 0.85840734641020688 1.1243712902069092 53 1 1.0609999999999999 0.69999999999999996
 26 10 306 1.2 1 3 20 2200 -3.1415926535897931 1.3795602321624756 59 0 1.091 0.69999999999999996
 27 10 540 3 2 3 16 2400 1.8584073464102069 1.0836086273193359 59 0 0.98799999999999999 0.69999999999999996
 28 10 98 0.40000000000000002 1 3 16 2000 -2.1415926535897931 1.0482215881347656 53 1 0.90000000000000002 1
 29 10 339 1.2 2 3 16 2000 -0.14159265358979312 1.1489620208740234 59 0 0.95099999999999996 1
 30 10 65 0 2 3 20 2200 -3.1415926535897931 1.0601263046264648 53 1 1.1439999999999999 0.89999999999999991
 31 10 456 1.6000000000000001 2 3 20 2400 2.8584073464102069 1.0004410743713379 59 0 0.90600000000000003 1
 32 10 322 1.2 1 4 16 2400 -0.14159265358979312 1.1411051750183105 53 1 0.98099999999999998 0.69999999999999996
 33 10 165 0.40000000000000002 2 3 20 2400 -3.1415926535897931 1.6309831142425537 59 0 1.167 0.69999999999999996
 34 10 488 3 1 3 16 2200 -0.14159265358979312 1.1009228229522705 59 0 1.0740000000000001 0.69999999999999996
 35 10 106 0.40000000000000002 1 3 16 2400 -2.1415926535897931 1.1174304485321045 53 1 1.02 1
 36 10 129 0.40000000000000002 1 4 16 2400 -2.1415926535897931 1.4521472454071045 53 1 1.1020000000000001 1
 37 10 458 1.6000000000000001 2 4 16 2000 0.85840734641020688 1.1620895862579346 59 0 1.018 0.69999999999999996
 38 10 377 1.2 2 4 20 2200 -2.1415926535897931 1.1391258239746094 59 0 1.163 0.69999999999999996
 39 10 543 3 2 3 20 2000 -2.1415926535897931 1.2775897979736328 59 0 0.98099999999999998 0.79999999999999993
 40 10 323 1.2 1 4 16 2400 -2.1415926535897931 1.1017792224884033 59 0 0.89500000000000002 0.79999999999999993
 41 10 553 3 2 4 16 2000 -1.1415926535897931 1.0831341743469238 59 0 1.105 0.69999999999999996
 42 10 88 0 2 4 20 2000 -1.1415926535897931 1.0004105567932129 53 1 0.89200000000000002 0.79999999999999993
 43 10 314 1.2 1 4 16 2000 -0.14159265358979312 1.2006616592407227 59 0 0.83799999999999997 1
 44 10 99 0.40000000000000002 1 3 16 2000 2.8584073464102069 0.98976039886474609 53 1 0.88500000000000001 0.79999999999999993
 45 10 154 0.40000000000000002 2 3 16 2400 -0.14159265358979312 1.0576753616333008 53 1 1.1100000000000001 0.89999999999999991
 46 10 11 0 1 3 16 2400 -3.1415926535897931 1.0808229446411133 53 1 0.89100000000000001 0.79999999999999993
 47 10 445 1.6000000000000001 2 3 20 2000 -1.1415926535897931 1.0359234809875488 59 0 0.995 1
 48 10 108 0.40000000000000002 1 3 16 2400 -3.1415926535897931 1.9472465515136719 53 1 1.0740000000000001 0.89999999999999991


# name: resolution
# type: matrix
# rows: 1
# columns: 2
 1366 768


# name: hz
# type: scalar
60


# name: pc
# type: sq_string
# elements: 1
# length: 21
gregor-Latitude-E6320


# name: experiment
# type: sq_string
# elements: 1
# length: 4
RFPb


# name: isOctave
# type: bool
1




