# Created by Octave 5.2.0, Mon Apr 04 13:56:21 2022 CEST <student@gregor-Latitude-E6320>
# name: RFP
# type: scalar struct
# ndims: 2
 1 1
# length: 10
# name: vp
# type: sq_string
# elements: 1
# length: 3
V17


# name: mapping
# type: scalar
1


# name: date
# type: sq_string
# elements: 1
# length: 15
20220404T135436


# name: block
# type: scalar
8


# name: outmat
# type: matrix
# rows: 48
# columns: 14
 1 8 231 0.80000000000000004 1 4 20 2000 -3.1415926535897931 1.5445232391357422 53 1 0.99299999999999999 0.89999999999999991
 2 8 302 1.2 1 3 20 2000 0.85840734641020688 0.84556317329406738 59 0 1.099 0.69999999999999996
 3 8 341 1.2 2 3 16 2200 2.8584073464102069 1.5736312866210938 53 1 1.0669999999999999 1
 4 8 230 0.80000000000000004 1 4 20 2000 -2.1415926535897931 1.2151162624359131 59 0 1.0449999999999999 0.89999999999999991
 5 8 320 1.2 1 4 16 2200 2.8584073464102069 1.3190600872039795 59 0 0.91100000000000003 0.79999999999999993
 6 8 422 1.6000000000000001 1 4 20 2000 -2.1415926535897931 1.1086549758911133 59 0 0.83799999999999997 0.89999999999999991
 7 8 491 3 1 3 16 2400 0.85840734641020688 1.1711602210998535 59 0 0.97299999999999998 0.89999999999999991
 8 8 211 0.80000000000000004 1 3 20 2200 -2.1415926535897931 1.2821712493896484 59 0 0.92100000000000004 1
 9 8 371 1.2 2 4 16 2400 -2.1415926535897931 1.2537834644317627 59 0 1.087 0.79999999999999993
 10 8 244 0.80000000000000004 2 3 16 2000 -1.1415926535897931 1.1450014114379883 53 1 0.92200000000000004 1
 11 8 203 0.80000000000000004 1 3 16 2400 1.8584073464102069 1.0807826519012451 53 1 1.0600000000000001 0.79999999999999993
 12 8 135 0.40000000000000002 1 4 20 2000 -3.1415926535897931 1.0890963077545166 53 1 0.88500000000000001 0.79999999999999993
 13 8 250 0.80000000000000004 2 3 16 2400 -3.1415926535897931 1.1477785110473633 53 1 0.85799999999999998 0.89999999999999991
 14 8 120 0.40000000000000002 1 3 20 2400 -0.14159265358979312 1.1700749397277832 53 1 1.071 0.89999999999999991
 15 8 356 1.2 2 3 20 2200 2.8584073464102069 1.2507054805755615 59 0 1.1830000000000001 0.79999999999999993
 16 8 327 1.2 1 4 20 2000 -0.14159265358979312 1.406569242477417 59 0 1.1870000000000001 0.79999999999999993
 17 8 487 3 1 3 16 2200 -2.1415926535897931 1.1874556541442871 59 0 0.82399999999999995 0.79999999999999993
 18 8 66 0 2 3 20 2200 1.8584073464102069 1.113804817199707 53 1 1.0660000000000001 0.69999999999999996
 19 8 274 0.80000000000000004 2 4 16 2400 -1.1415926535897931 0.99273920059204102 53 1 0.94099999999999995 0.79999999999999993
 20 8 226 0.80000000000000004 1 4 16 2400 2.8584073464102069 1.2010750770568848 53 1 1.0209999999999999 0.79999999999999993
 21 8 281 0.80000000000000004 2 4 20 2200 -2.1415926535897931 1.2555224895477295 59 0 1.01 0.89999999999999991
 22 8 504 3 1 3 20 2400 0.85840734641020688 1.1900887489318848 59 0 0.80000000000000004 0.79999999999999993
 23 8 386 1.6000000000000001 1 3 16 2000 0.85840734641020688 1.2387166023254395 59 0 1.0860000000000001 1
 24 8 294 1.2 1 3 16 2200 2.8584073464102069 1.1862964630126953 59 0 1.1919999999999999 0.79999999999999993
 25 8 493 3 1 3 20 2000 1.8584073464102069 1.213066577911377 59 0 1.135 0.79999999999999993
 26 8 237 0.80000000000000004 1 4 20 2400 2.8584073464102069 1.3524949550628662 59 0 1.093 0.69999999999999996
 27 8 290 1.2 1 3 16 2000 -1.1415926535897931 1.2032599449157715 53 1 0.92700000000000005 0.89999999999999991
 28 8 369 1.2 2 4 16 2400 -3.1415926535897931 1.0623543262481689 53 1 1.0820000000000001 0.89999999999999991
 29 8 454 1.6000000000000001 2 3 20 2400 -2.1415926535897931 1.1932370662689209 59 0 0.873 0.79999999999999993
 30 8 541 3 2 3 20 2000 -1.1415926535897931 1.2085363864898682 59 0 0.98499999999999999 0.89999999999999991
 31 8 388 1.6000000000000001 1 3 16 2000 -3.1415926535897931 1.0609009265899658 59 0 0.97399999999999998 0.69999999999999996
 32 8 195 0.80000000000000004 1 3 16 2000 -1.1415926535897931 1.1790001392364502 53 1 1.0029999999999999 0.79999999999999993
 33 8 3 0 1 3 16 2000 -1.1415926535897931 1.156813383102417 53 1 0.88900000000000001 1
 34 8 40 0 1 4 20 2000 -2.1415926535897931 1.0791127681732178 53 1 0.82099999999999995 0.69999999999999996
 35 8 451 1.6000000000000001 2 3 20 2200 -3.1415926535897931 1.032008171081543 59 0 1.1040000000000001 0.69999999999999996
 36 8 437 1.6000000000000001 2 3 16 2200 -1.1415926535897931 1.1293034553527832 59 0 0.97399999999999998 0.69999999999999996
 37 8 60 0 2 3 16 2400 2.8584073464102069 1.0215072631835938 53 1 1.042 1
 38 8 373 1.2 2 4 20 2000 0.85840734641020688 1.1653242111206055 59 0 1.153 1
 39 8 45 0 1 4 20 2400 -3.1415926535897931 1.039412260055542 53 1 0.92100000000000004 0.89999999999999991
 40 8 19 0 1 3 20 2200 -0.14159265358979312 1.3225603103637695 53 1 0.872 0.89999999999999991
 41 8 56 0 2 3 16 2200 0.85840734641020688 1.0748105049133301 53 1 1.0600000000000001 1
 42 8 164 0.40000000000000002 2 3 20 2200 0.85840734641020688 1.1122393608093262 53 1 0.95399999999999996 0.69999999999999996
 43 8 148 0.40000000000000002 2 3 16 2000 2.8584073464102069 0.89840984344482422 53 1 0.94199999999999995 0.69999999999999996
 44 8 168 0.40000000000000002 2 3 20 2400 2.8584073464102069 1.0267953872680664 53 1 1.022 1
 45 8 367 1.2 2 4 16 2200 -3.1415926535897931 1.0183267593383789 59 0 0.98199999999999998 0.69999999999999996
 46 8 145 0.40000000000000002 2 3 16 2000 1.8584073464102069 1.1092510223388672 53 1 1.0589999999999999 0.79999999999999993
 47 8 139 0.40000000000000002 1 4 20 2200 -3.1415926535897931 1.371401309967041 53 1 0.80100000000000005 0.69999999999999996
 48 8 372 1.2 2 4 16 2400 1.8584073464102069 1.2263362407684326 59 0 1.052 1


# name: resolution
# type: matrix
# rows: 1
# columns: 2
 1366 768


# name: hz
# type: scalar
60


# name: pc
# type: sq_string
# elements: 1
# length: 21
gregor-Latitude-E6320


# name: experiment
# type: sq_string
# elements: 1
# length: 4
RFPb


# name: isOctave
# type: bool
1




