# Created by Octave 5.2.0, Mon Apr 04 14:03:41 2022 CEST <student@gregor-Latitude-E6320>
# name: RFP
# type: scalar struct
# ndims: 2
 1 1
# length: 10
# name: vp
# type: sq_string
# elements: 1
# length: 3
V17


# name: mapping
# type: scalar
1


# name: date
# type: sq_string
# elements: 1
# length: 15
20220404T140152


# name: block
# type: scalar
12


# name: outmat
# type: matrix
# rows: 48
# columns: 14
 1 12 222 0.80000000000000004 1 4 16 2200 -0.14159265358979312 1.1632556915283203 53 1 1.1879999999999999 1
 2 12 72 0 2 3 20 2400 0.85840734641020688 1.0925366878509521 53 1 0.88300000000000001 1
 3 12 368 1.2 2 4 16 2200 2.8584073464102069 0.97107195854187012 59 0 0.84799999999999998 0.89999999999999991
 4 12 502 3 1 3 20 2400 1.8584073464102069 0.99658632278442383 59 0 0.873 0.89999999999999991
 5 12 418 1.6000000000000001 1 4 16 2400 0.85840734641020688 1.0415503978729248 59 0 0.90400000000000003 0.69999999999999996
 6 12 184 0.40000000000000002 2 4 20 2000 -1.1415926535897931 0.89407110214233398 53 1 1.151 0.89999999999999991
 7 12 97 0.40000000000000002 1 3 16 2000 1.8584073464102069 2.4142692089080811 53 1 0.80500000000000005 0.89999999999999991
 8 12 6 0 1 3 16 2200 -2.1415926535897931 1.1606597900390625 53 1 0.82999999999999996 1
 9 12 188 0.40000000000000002 2 4 20 2200 0.85840734641020688 1.0494060516357422 53 1 1.1859999999999999 0.79999999999999993
 10 12 59 0 2 3 16 2400 -2.1415926535897931 1.1055457592010498 53 1 0.94699999999999995 1
 11 12 573 3 2 4 20 2400 1.8584073464102069 1.0467758178710938 59 0 1.1240000000000001 0.89999999999999991
 12 12 201 0.80000000000000004 1 3 16 2400 -1.1415926535897931 1.169445276260376 53 1 0.81499999999999995 1
 13 12 215 0.80000000000000004 1 3 20 2400 1.8584073464102069 1.0384531021118164 53 1 0.93000000000000005 1
 14 12 124 0.40000000000000002 1 4 16 2000 0.85840734641020688 1.1227273941040039 53 1 1.1160000000000001 1
 15 12 336 1.2 1 4 20 2400 -0.14159265358979312 1.1194503307342529 59 0 0.88300000000000001 0.89999999999999991
 16 12 84 0 2 4 16 2400 0.85840734641020688 1.3790545463562012 53 1 0.84399999999999997 0.89999999999999991
 17 12 43 0 1 4 20 2200 -2.1415926535897931 1.1541268825531006 53 1 1.1799999999999999 0.89999999999999991
 18 12 315 1.2 1 4 16 2000 2.8584073464102069 1.8653683662414551 59 0 1.101 1
 19 12 516 3 1 4 16 2400 0.85840734641020688 1.6260814666748047 59 0 0.99399999999999999 1
 20 12 560 3 2 4 16 2200 1.8584073464102069 1.2201163768768311 59 0 0.96299999999999997 0.69999999999999996
 21 12 409 1.6000000000000001 1 4 16 2000 -1.1415926535897931 1.2368521690368652 59 0 1.0469999999999999 0.69999999999999996
 22 12 282 0.80000000000000004 2 4 20 2200 -2.1415926535897931 1.1338152885437012 59 0 1.03 0.89999999999999991
 23 12 570 3 2 4 20 2200 -3.1415926535897931 1.0879108905792236 59 0 1.0569999999999999 0.79999999999999993
 24 12 297 1.2 1 3 16 2400 1.8584073464102069 1.2867214679718018 59 0 1.1779999999999999 0.79999999999999993
 25 12 191 0.40000000000000002 2 4 20 2400 -2.1415926535897931 1.1890113353729248 53 1 1.1279999999999999 1
 26 12 548 3 2 3 20 2200 -0.14159265358979312 1.5192434787750244 59 0 0.83599999999999997 0.79999999999999993
 27 12 383 1.2 2 4 20 2400 0.85840734641020688 1.309715747833252 59 0 0.95199999999999996 0.69999999999999996
 28 12 420 1.6000000000000001 1 4 16 2400 -3.1415926535897931 1.2331609725952148 59 0 0.93300000000000005 0.89999999999999991
 29 12 18 0 1 3 20 2200 -3.1415926535897931 1.3060011863708496 53 1 1.087 1
 30 12 568 3 2 4 20 2000 1.8584073464102069 1.1558923721313477 59 0 1.028 0.69999999999999996
 31 12 522 3 1 4 20 2200 1.8584073464102069 1.1425352096557617 59 0 1.1699999999999999 0.89999999999999991
 32 12 91 0 2 4 20 2200 -3.1415926535897931 1.2446386814117432 53 1 1.1619999999999999 0.89999999999999991
 33 12 447 1.6000000000000001 2 3 20 2000 0.85840734641020688 1.0749702453613281 59 0 1.1639999999999999 0.79999999999999993
 34 12 564 3 2 4 16 2400 -2.1415926535897931 1.0615780353546143 59 0 1.0209999999999999 0.69999999999999996
 35 12 17 0 1 3 20 2200 -3.1415926535897931 1.0590283870697021 53 1 0.88100000000000001 0.79999999999999993
 36 12 287 0.80000000000000004 2 4 20 2400 2.8584073464102069 1.0575885772705078 53 1 1.079 0.79999999999999993
 37 12 32 0 1 4 16 2200 0.85840734641020688 0.8564295768737793 53 1 0.80100000000000005 0.89999999999999991
 38 12 494 3 1 3 20 2000 2.8584073464102069 1.2967910766601562 59 0 1.115 0.89999999999999991
 39 12 483 3 1 3 16 2000 0.85840734641020688 1.4083635807037354 59 0 1.1990000000000001 1
 40 12 101 0.40000000000000002 1 3 16 2200 1.8584073464102069 1.032219409942627 53 1 1.0589999999999999 0.69999999999999996
 41 12 123 0.40000000000000002 1 4 16 2000 -3.1415926535897931 1.192049503326416 53 1 1.1599999999999999 0.69999999999999996
 42 12 408 1.6000000000000001 1 3 20 2400 -0.14159265358979312 1.3402080535888672 59 0 0.82999999999999996 1
 43 12 444 1.6000000000000001 2 3 16 2400 -3.1415926535897931 2.0882894992828369 59 0 0.94199999999999995 0.69999999999999996
 44 12 397 1.6000000000000001 1 3 20 2000 -1.1415926535897931 1.4547438621520996 59 0 0.99399999999999999 1
 45 12 326 1.2 1 4 20 2000 -2.1415926535897931 1.1155836582183838 59 0 0.92700000000000005 1
 46 12 68 0 2 3 20 2200 -3.1415926535897931 0.85830378532409668 53 1 1.1950000000000001 0.79999999999999993
 47 12 355 1.2 2 3 20 2200 2.8584073464102069 1.0676922798156738 59 0 0.94399999999999995 0.89999999999999991
 48 12 186 0.40000000000000002 2 4 20 2200 -1.1415926535897931 0.93315529823303223 53 1 1.1259999999999999 1


# name: resolution
# type: matrix
# rows: 1
# columns: 2
 1366 768


# name: hz
# type: scalar
60


# name: pc
# type: sq_string
# elements: 1
# length: 21
gregor-Latitude-E6320


# name: experiment
# type: sq_string
# elements: 1
# length: 4
RFPb


# name: isOctave
# type: bool
1




