# Created by Octave 5.2.0, Mon Apr 04 13:50:53 2022 CEST <student@gregor-Latitude-E6320>
# name: RFP
# type: scalar struct
# ndims: 2
 1 1
# length: 10
# name: vp
# type: sq_string
# elements: 1
# length: 3
V17


# name: mapping
# type: scalar
1


# name: date
# type: sq_string
# elements: 1
# length: 15
20220404T134854


# name: block
# type: scalar
5


# name: outmat
# type: matrix
# rows: 48
# columns: 14
 1 5 316 1.2 1 4 16 2000 1.8584073464102069 1.7457649707794189 59 0 0.90500000000000003 0.79999999999999993
 2 5 390 1.6000000000000001 1 3 16 2200 2.8584073464102069 1.2148966789245605 59 0 0.871 0.69999999999999996
 3 5 391 1.6000000000000001 1 3 16 2200 1.8584073464102069 0.99207329750061035 59 0 1.139 0.89999999999999991
 4 5 490 3 1 3 16 2400 1.8584073464102069 1.0764114856719971 59 0 0.86299999999999999 1
 5 5 107 0.40000000000000002 1 3 16 2400 0.85840734641020688 1.0830357074737549 53 1 1.1759999999999999 1
 6 5 343 1.2 2 3 16 2200 1.8584073464102069 1.3816041946411133 53 1 1.1930000000000001 0.79999999999999993
 7 5 479 1.6000000000000001 2 4 20 2400 -1.1415926535897931 1.0364384651184082 59 0 1.087 0.69999999999999996
 8 5 312 1.2 1 3 20 2400 -2.1415926535897931 1.1372373104095459 59 0 0.82999999999999996 0.89999999999999991
 9 5 183 0.40000000000000002 2 4 20 2000 1.8584073464102069 1.2491683959960938 53 1 1.0329999999999999 0.79999999999999993
 10 5 459 1.6000000000000001 2 4 16 2000 -3.1415926535897931 2.175635814666748 59 0 1.0469999999999999 0.89999999999999991
 11 5 169 0.40000000000000002 2 4 16 2000 1.8584073464102069 1.1018912792205811 53 1 0.879 1
 12 5 67 0 2 3 20 2200 -0.14159265358979312 1.1575393676757812 53 1 1.0189999999999999 1
 13 5 57 0 2 3 16 2400 -2.1415926535897931 1.1424734592437744 53 1 1.0109999999999999 0.79999999999999993
 14 5 382 1.2 2 4 20 2400 -2.1415926535897931 1.5674247741699219 59 0 0.89900000000000002 0.79999999999999993
 15 5 547 3 2 3 20 2200 -3.1415926535897931 1.9831395149230957 53 1 1.129 0.69999999999999996
 16 5 435 1.6000000000000001 2 3 16 2000 -0.14159265358979312 1.1646528244018555 59 0 1.165 0.79999999999999993
 17 5 337 1.2 2 3 16 2000 -0.14159265358979312 1.9418065547943115 53 1 0.99399999999999999 0.79999999999999993
 18 5 419 1.6000000000000001 1 4 16 2400 2.8584073464102069 1.9611892700195312 59 0 1.1830000000000001 0.79999999999999993
 19 5 344 1.2 2 3 16 2200 -0.14159265358979312 1.6747407913208008 59 0 0.92300000000000004 0.89999999999999991
 20 5 432 1.6000000000000001 1 4 20 2400 -2.1415926535897931 2.8898944854736328 59 0 1.1080000000000001 1
 21 5 410 1.6000000000000001 1 4 16 2000 -3.1415926535897931 1.2387194633483887 59 0 0.92900000000000005 1
 22 5 241 0.80000000000000004 2 3 16 2000 2.8584073464102069 1.1561403274536133 59 0 0.82799999999999996 0.69999999999999996
 23 5 318 1.2 1 4 16 2200 2.8584073464102069 1.2362492084503174 59 0 0.94199999999999995 0.89999999999999991
 24 5 260 0.80000000000000004 2 3 20 2200 0.85840734641020688 1.2507824897766113 53 1 0.93000000000000005 1
 25 5 93 0 2 4 20 2400 0.85840734641020688 1.6225199699401855 53 1 1.0149999999999999 0.79999999999999993
 26 5 111 0.40000000000000002 1 3 20 2000 -1.1415926535897931 1.9018361568450928 53 1 0.90800000000000003 0.89999999999999991
 27 5 94 0 2 4 20 2400 -0.14159265358979312 1.5121314525604248 53 1 1.0940000000000001 0.89999999999999991
 28 5 363 1.2 2 4 16 2000 0.85840734641020688 1.0808162689208984 59 0 1.0840000000000001 0.69999999999999996
 29 5 299 1.2 1 3 16 2400 -2.1415926535897931 3.5522513389587402 53 1 1.054 1
 30 5 559 3 2 4 16 2200 -2.1415926535897931 1.7912707328796387 59 0 0.91200000000000003 1
 31 5 394 1.6000000000000001 1 3 16 2400 -1.1415926535897931 1.2799403667449951 59 0 1.1459999999999999 1
 32 5 204 0.80000000000000004 1 3 16 2400 2.8584073464102069 1.8379242420196533 53 1 1.1499999999999999 1
 33 5 140 0.40000000000000002 1 4 20 2200 -3.1415926535897931 1.1128051280975342 53 1 1.075 0.79999999999999993
 34 5 572 3 2 4 20 2200 -2.1415926535897931 1.0975542068481445 59 0 1.077 1
 35 5 13 0 1 3 20 2000 2.8584073464102069 1.1120007038116455 53 1 0.88700000000000001 1
 36 5 425 1.6000000000000001 1 4 20 2200 1.8584073464102069 1.2896173000335693 59 0 1.0609999999999999 1
 37 5 569 3 2 4 20 2200 0.85840734641020688 1.0481152534484863 59 0 0.874 0.89999999999999991
 38 5 376 1.2 2 4 20 2000 2.8584073464102069 1.2493913173675537 53 1 0.83299999999999996 0.89999999999999991
 39 5 243 0.80000000000000004 2 3 16 2000 1.8584073464102069 1.3537957668304443 53 1 1.165 1
 40 5 350 1.2 2 3 20 2000 -3.1415926535897931 1.6699960231781006 59 0 0.82499999999999996 0.89999999999999991
 41 5 216 0.80000000000000004 1 3 20 2400 -1.1415926535897931 1.4573853015899658 53 1 1.165 1
 42 5 180 0.40000000000000002 2 4 16 2400 0.85840734641020688 1.0291054248809814 53 1 1.0209999999999999 1
 43 5 411 1.6000000000000001 1 4 16 2000 1.8584073464102069 1.2264013290405273 59 0 0.93200000000000005 1
 44 5 352 1.2 2 3 20 2000 -2.1415926535897931 1.1980695724487305 59 0 0.94899999999999995 1
 45 5 353 1.2 2 3 20 2200 2.8584073464102069 1.2161064147949219 59 0 1.1679999999999999 0.69999999999999996
 46 5 114 0.40000000000000002 1 3 20 2200 -0.14159265358979312 1.1698617935180664 53 1 0.80700000000000005 0.79999999999999993
 47 5 210 0.80000000000000004 1 3 20 2200 -2.1415926535897931 1.3543095588684082 59 0 1.1399999999999999 1
 48 5 34 0 1 4 16 2400 -3.1415926535897931 1.1320221424102783 53 1 0.86699999999999999 0.79999999999999993


# name: resolution
# type: matrix
# rows: 1
# columns: 2
 1366 768


# name: hz
# type: scalar
60


# name: pc
# type: sq_string
# elements: 1
# length: 21
gregor-Latitude-E6320


# name: experiment
# type: sq_string
# elements: 1
# length: 4
RFPb


# name: isOctave
# type: bool
1




