# Created by Octave 5.2.0, Mon Apr 04 13:46:55 2022 CEST <student@gregor-Latitude-E6320>
# name: RFP
# type: scalar struct
# ndims: 2
 1 1
# length: 10
# name: vp
# type: sq_string
# elements: 1
# length: 3
V17


# name: mapping
# type: scalar
1


# name: date
# type: sq_string
# elements: 1
# length: 15
20220404T134509


# name: block
# type: scalar
3


# name: outmat
# type: matrix
# rows: 48
# columns: 14
 1 3 220 0.80000000000000004 1 4 16 2000 -1.1415926535897931 1.1428539752960205 53 1 1.0640000000000001 1
 2 3 1 0 1 3 16 2000 0.85840734641020688 1.025883674621582 53 1 1.1100000000000001 0.69999999999999996
 3 3 515 3 1 4 16 2400 -3.1415926535897931 0.85492897033691406 59 0 1.0920000000000001 0.69999999999999996
 4 3 305 1.2 1 3 20 2200 -0.14159265358979312 1.3687844276428223 59 0 1.0589999999999999 0.79999999999999993
 5 3 463 1.6000000000000001 2 4 16 2200 -0.14159265358979312 1.1293621063232422 59 0 1.1739999999999999 0.79999999999999993
 6 3 561 3 2 4 16 2400 0.85840734641020688 0.85275697708129883 59 0 1.05 1
 7 3 251 0.80000000000000004 2 3 16 2400 -1.1415926535897931 0.83512210845947266 53 1 1.1970000000000001 0.89999999999999991
 8 3 460 1.6000000000000001 2 4 16 2000 -1.1415926535897931 1.6075775623321533 59 0 1.0009999999999999 0.69999999999999996
 9 3 424 1.6000000000000001 1 4 20 2000 1.8584073464102069 1.2053124904632568 59 0 0.877 0.79999999999999993
 10 3 132 0.40000000000000002 1 4 16 2400 -3.1415926535897931 1.3658623695373535 59 0 0.84999999999999998 0.69999999999999996
 11 3 36 0 1 4 16 2400 -2.1415926535897931 1.0821812152862549 53 1 1.1499999999999999 0.69999999999999996
 12 3 385 1.6000000000000001 1 3 16 2000 -2.1415926535897931 1.2635364532470703 59 0 1.004 1
 13 3 283 0.80000000000000004 2 4 20 2200 -2.1415926535897931 2.2948625087738037 59 0 0.89800000000000002 1
 14 3 144 0.40000000000000002 1 4 20 2400 2.8584073464102069 1.1594984531402588 53 1 0.82599999999999996 0.89999999999999991
 15 3 310 1.2 1 3 20 2400 -3.1415926535897931 1.1591291427612305 59 0 0.86599999999999999 1
 16 3 42 0 1 4 20 2200 -1.1415926535897931 1.1189401149749756 53 1 0.97199999999999998 0.69999999999999996
 17 3 528 3 1 4 20 2400 2.8584073464102069 1.06252121925354 59 0 0.97299999999999998 0.89999999999999991
 18 3 74 0 2 4 16 2000 -3.1415926535897931 0.94213032722473145 53 1 1.1579999999999999 0.79999999999999993
 19 3 469 1.6000000000000001 2 4 20 2000 -1.1415926535897931 1.066364049911499 59 0 1.0189999999999999 1
 20 3 134 0.40000000000000002 1 4 20 2000 -2.1415926535897931 1.3680431842803955 59 0 1.0109999999999999 0.69999999999999996
 21 3 524 3 1 4 20 2200 2.8584073464102069 0.84814929962158203 59 0 1.083 0.69999999999999996
 22 3 380 1.2 2 4 20 2200 0.85840734641020688 1.049044132232666 53 1 0.98599999999999999 0.79999999999999993
 23 3 510 3 1 4 16 2200 -3.1415926535897931 1.1300606727600098 59 0 1.181 0.89999999999999991
 24 3 122 0.40000000000000002 1 4 16 2000 -1.1415926535897931 1.1591293811798096 53 1 0.90900000000000003 0.79999999999999993
 25 3 63 0 2 3 20 2000 -0.14159265358979312 1.0964398384094238 53 1 1.0089999999999999 0.89999999999999991
 26 3 205 0.80000000000000004 1 3 20 2000 0.85840734641020688 1.1009018421173096 53 1 1.1699999999999999 0.79999999999999993
 27 3 153 0.40000000000000002 2 3 16 2400 -2.1415926535897931 1.0594286918640137 53 1 0.93000000000000005 0.69999999999999996
 28 3 289 1.2 1 3 16 2000 1.8584073464102069 1.050044059753418 59 0 0.877 0.89999999999999991
 29 3 54 0 2 3 16 2200 -3.1415926535897931 1.0304641723632812 53 1 0.81299999999999994 0.69999999999999996
 30 3 192 0.40000000000000002 2 4 20 2400 -1.1415926535897931 1.405170202255249 59 0 0.995 0.69999999999999996
 31 3 430 1.6000000000000001 1 4 20 2400 -3.1415926535897931 1.1502792835235596 59 0 1.095 1
 32 3 234 0.80000000000000004 1 4 20 2200 0.85840734641020688 1.0450630187988281 59 0 1.1459999999999999 0.69999999999999996
 33 3 477 1.6000000000000001 2 4 20 2400 2.8584073464102069 1.1036362648010254 59 0 0.85399999999999998 0.79999999999999993
 34 3 246 0.80000000000000004 2 3 16 2200 -2.1415926535897931 1.2736873626708984 53 1 1.175 1
 35 3 141 0.40000000000000002 1 4 20 2400 -0.14159265358979312 1.1989424228668213 53 1 0.90900000000000003 0.69999999999999996
 36 3 167 0.40000000000000002 2 3 20 2400 1.8584073464102069 0.9615325927734375 53 1 0.88700000000000001 0.79999999999999993
 37 3 427 1.6000000000000001 1 4 20 2200 1.8584073464102069 1.0895175933837891 59 0 1.1759999999999999 0.89999999999999991
 38 3 242 0.80000000000000004 2 3 16 2000 0.85840734641020688 1.0294203758239746 59 0 1.163 0.69999999999999996
 39 3 473 1.6000000000000001 2 4 20 2200 -2.1415926535897931 1.0855824947357178 59 0 0.89300000000000002 1
 40 3 117 0.40000000000000002 1 3 20 2400 1.8584073464102069 1.1698067188262939 53 1 1.0960000000000001 0.79999999999999993
 41 3 31 0 1 4 16 2200 -3.1415926535897931 1.0799269676208496 53 1 1.0820000000000001 0.89999999999999991
 42 3 527 3 1 4 20 2400 -3.1415926535897931 1.0405230522155762 59 0 0.98399999999999999 0.79999999999999993
 43 3 492 3 1 3 16 2400 -0.14159265358979312 0.83695673942565918 59 0 0.83599999999999997 0.79999999999999993
 44 3 330 1.2 1 4 20 2200 1.8584073464102069 1.0293745994567871 59 0 1.1000000000000001 0.69999999999999996
 45 3 507 3 1 4 16 2000 -3.1415926535897931 1.0928201675415039 59 0 0.96099999999999997 0.89999999999999991
 46 3 263 0.80000000000000004 2 3 20 2400 -3.1415926535897931 1.3683974742889404 53 1 1.04 1
 47 3 286 0.80000000000000004 2 4 20 2400 -2.1415926535897931 1.238384485244751 53 1 1.107 0.79999999999999993
 48 3 486 3 1 3 16 2200 -0.14159265358979312 1.195134162902832 53 1 0.92800000000000005 0.89999999999999991


# name: resolution
# type: matrix
# rows: 1
# columns: 2
 1366 768


# name: hz
# type: scalar
60


# name: pc
# type: sq_string
# elements: 1
# length: 21
gregor-Latitude-E6320


# name: experiment
# type: sq_string
# elements: 1
# length: 4
RFPb


# name: isOctave
# type: bool
1




