# Created by Octave 5.2.0, Mon Apr 04 14:01:49 2022 CEST <student@gregor-Latitude-E6320>
# name: RFP
# type: scalar struct
# ndims: 2
 1 1
# length: 10
# name: vp
# type: sq_string
# elements: 1
# length: 3
V17


# name: mapping
# type: scalar
1


# name: date
# type: sq_string
# elements: 1
# length: 15
20220404T140003


# name: block
# type: scalar
11


# name: outmat
# type: matrix
# rows: 48
# columns: 14
 1 11 449 1.6000000000000001 2 3 20 2200 0.85840734641020688 1.1004338264465332 59 0 1.107 1
 2 11 416 1.6000000000000001 1 4 16 2200 -1.1415926535897931 0.99444198608398438 59 0 1.163 0.69999999999999996
 3 11 532 3 2 3 16 2000 -2.1415926535897931 1.0478684902191162 59 0 0.81299999999999994 0.79999999999999993
 4 11 75 0 2 4 16 2000 0.85840734641020688 0.85476160049438477 53 1 1.0600000000000001 0.69999999999999996
 5 11 360 1.2 2 3 20 2400 -3.1415926535897931 1.018538236618042 59 0 0.99099999999999999 0.89999999999999991
 6 11 119 0.40000000000000002 1 3 20 2400 0.85840734641020688 1.3408524990081787 53 1 0.92400000000000004 0.79999999999999993
 7 11 82 0 2 4 16 2400 -1.1415926535897931 1.0160050392150879 53 1 0.96799999999999997 0.89999999999999991
 8 11 182 0.40000000000000002 2 4 20 2000 -0.14159265358979312 1.1034095287322998 53 1 1.161 0.69999999999999996
 9 11 313 1.2 1 4 16 2000 -3.1415926535897931 1.1161291599273682 53 1 0.87 0.89999999999999991
 10 11 77 0 2 4 16 2200 -3.1415926535897931 1.0545840263366699 53 1 0.91500000000000004 0.89999999999999991
 11 11 291 1.2 1 3 16 2000 2.8584073464102069 0.96991562843322754 59 0 1.0920000000000001 0.69999999999999996
 12 11 96 0 2 4 20 2400 -0.14159265358979312 1.0833225250244141 53 1 0.90600000000000003 0.89999999999999991
 13 11 295 1.2 1 3 16 2200 -1.1415926535897931 1.061460018157959 59 0 1.1779999999999999 0.79999999999999993
 14 11 429 1.6000000000000001 1 4 20 2400 -0.14159265358979312 0.99855303764343262 59 0 1.1850000000000001 1
 15 11 496 3 1 3 20 2000 -1.1415926535897931 1.0055181980133057 59 0 0.94899999999999995 0.69999999999999996
 16 11 158 0.40000000000000002 2 3 20 2000 2.8584073464102069 0.92075872421264648 59 0 0.82999999999999996 0.69999999999999996
 17 11 482 3 1 3 16 2000 -2.1415926535897931 1.1986727714538574 59 0 1.1739999999999999 0.69999999999999996
 18 11 127 0.40000000000000002 1 4 16 2200 -2.1415926535897931 1.2108609676361084 53 1 0.91000000000000003 0.89999999999999991
 19 11 396 1.6000000000000001 1 3 16 2400 2.8584073464102069 1.1550769805908203 59 0 1.0960000000000001 0.69999999999999996
 20 11 151 0.40000000000000002 2 3 16 2200 1.8584073464102069 1.4129817485809326 53 1 0.98999999999999999 0.89999999999999991
 21 11 9 0 1 3 16 2400 0.85840734641020688 1.153752326965332 53 1 1.0620000000000001 0.79999999999999993
 22 11 338 1.2 2 3 16 2000 -3.1415926535897931 1.0077803134918213 59 0 0.98799999999999999 1
 23 11 431 1.6000000000000001 1 4 20 2400 1.8584073464102069 1.6072494983673096 59 0 1.1299999999999999 0.69999999999999996
 24 11 33 0 1 4 16 2400 -1.1415926535897931 1.1111502647399902 53 1 1.1659999999999999 0.89999999999999991
 25 11 71 0 2 3 20 2400 -2.1415926535897931 1.4148690700531006 53 1 1.129 1
 26 11 276 0.80000000000000004 2 4 16 2400 1.8584073464102069 1.1642410755157471 59 0 0.86099999999999999 0.69999999999999996
 27 11 400 1.6000000000000001 1 3 20 2000 0.85840734641020688 2.0156891345977783 59 0 0.93200000000000005 0.69999999999999996
 28 11 565 3 2 4 20 2000 1.8584073464102069 1.3264498710632324 59 0 1.046 0.89999999999999991
 29 11 557 3 2 4 16 2200 2.8584073464102069 1.0410685539245605 59 0 0.82099999999999995 0.79999999999999993
 30 11 51 0 2 3 16 2000 0.85840734641020688 1.0763692855834961 53 1 0.81299999999999994 0.69999999999999996
 31 11 221 0.80000000000000004 1 4 16 2200 2.8584073464102069 1.2241208553314209 53 1 1.0700000000000001 0.69999999999999996
 32 11 395 1.6000000000000001 1 3 16 2400 2.8584073464102069 1.0150001049041748 59 0 1.1799999999999999 1
 33 11 381 1.2 2 4 20 2400 -2.1415926535897931 1.441795825958252 59 0 1.1200000000000001 0.79999999999999993
 34 11 160 0.40000000000000002 2 3 20 2000 -0.14159265358979312 1.3334145545959473 53 1 1.0600000000000001 1
 35 11 497 3 1 3 20 2200 1.8584073464102069 1.0938658714294434 59 0 1.1060000000000001 0.89999999999999991
 36 11 442 1.6000000000000001 2 3 16 2400 1.8584073464102069 1.2029891014099121 59 0 0.88700000000000001 0.89999999999999991
 37 11 10 0 1 3 16 2400 -0.14159265358979312 1.1208186149597168 53 1 0.92900000000000005 0.69999999999999996
 38 11 556 3 2 4 16 2000 -2.1415926535897931 1.121518611907959 59 0 0.82399999999999995 1
 39 11 329 1.2 1 4 20 2200 -1.1415926535897931 1.3116023540496826 59 0 0.98899999999999999 0.69999999999999996
 40 11 224 0.80000000000000004 1 4 16 2200 -2.1415926535897931 1.4895710945129395 59 0 0.83699999999999997 0.69999999999999996
 41 11 433 1.6000000000000001 2 3 16 2000 -3.1415926535897931 1.1377408504486084 59 0 0.88200000000000001 0.89999999999999991
 42 11 574 3 2 4 20 2400 -0.14159265358979312 1.2311060428619385 59 0 1.137 0.79999999999999993
 43 11 12 0 1 3 16 2400 -3.1415926535897931 1.0646164417266846 53 1 1.1870000000000001 0.79999999999999993
 44 11 175 0.40000000000000002 2 4 16 2200 2.8584073464102069 1.1336541175842285 53 1 0.93100000000000005 1
 45 11 370 1.2 2 4 16 2400 -2.1415926535897931 1.0284090042114258 59 0 1.1950000000000001 0.69999999999999996
 46 11 272 0.80000000000000004 2 4 16 2200 0.85840734641020688 0.89243149757385254 53 1 0.95499999999999996 0.79999999999999993
 47 11 335 1.2 1 4 20 2400 -2.1415926535897931 1.4104831218719482 59 0 0.84999999999999998 0.79999999999999993
 48 11 428 1.6000000000000001 1 4 20 2200 0.85840734641020688 1.0954329967498779 59 0 0.83699999999999997 1


# name: resolution
# type: matrix
# rows: 1
# columns: 2
 1366 768


# name: hz
# type: scalar
60


# name: pc
# type: sq_string
# elements: 1
# length: 21
gregor-Latitude-E6320


# name: experiment
# type: sq_string
# elements: 1
# length: 4
RFPb


# name: isOctave
# type: bool
1




