# Created by Octave 5.2.0, Mon Apr 04 14:50:32 2022 CEST <student@gregor-Latitude-E6320>
# name: RFP
# type: scalar struct
# ndims: 2
 1 1
# length: 10
# name: vp
# type: sq_string
# elements: 1
# length: 3
V18


# name: mapping
# type: scalar
1


# name: date
# type: sq_string
# elements: 1
# length: 15
20220404T144848


# name: block
# type: scalar
6


# name: outmat
# type: matrix
# rows: 48
# columns: 14
 1 6 451 1.6000000000000001 2 3 20 2200 -0.14159265358979312 1.5364036560058594 59 0 0.96199999999999997 1
 2 6 541 3 2 3 20 2000 2.8584073464102069 1.0019876956939697 59 0 1.145 1
 3 6 572 3 2 4 20 2200 -1.1415926535897931 0.98539948463439941 59 0 1.0609999999999999 1
 4 6 234 0.80000000000000004 1 4 20 2200 -2.1415926535897931 0.95981502532958984 59 0 0.83399999999999996 0.89999999999999991
 5 6 507 3 1 4 16 2000 2.8584073464102069 0.90693283081054688 59 0 1.0509999999999999 0.79999999999999993
 6 6 391 1.6000000000000001 1 3 16 2200 -3.1415926535897931 1.1230034828186035 59 0 1.0449999999999999 0.89999999999999991
 7 6 118 0.40000000000000002 1 3 20 2400 -3.1415926535897931 0.99077391624450684 53 1 0.84999999999999998 0.69999999999999996
 8 6 11 0 1 3 16 2400 1.8584073464102069 0.96692323684692383 53 1 0.86399999999999999 0.89999999999999991
 9 6 12 0 1 3 16 2400 -3.1415926535897931 2.3846750259399414 53 1 1.1399999999999999 1
 10 6 306 1.2 1 3 20 2200 -2.1415926535897931 1.3426568508148193 59 0 1.129 1
 11 6 519 3 1 4 20 2000 -1.1415926535897931 0.96016335487365723 59 0 1.196 1
 12 6 554 3 2 4 16 2000 -1.1415926535897931 1.1446444988250732 59 0 0.95199999999999996 0.69999999999999996
 13 6 336 1.2 1 4 20 2400 -0.14159265358979312 1.0986356735229492 53 1 0.95899999999999996 1
 14 6 68 0 2 3 20 2200 1.8584073464102069 1.1750590801239014 53 1 0.88100000000000001 1
 15 6 225 0.80000000000000004 1 4 16 2400 -0.14159265358979312 1.2186694145202637 53 1 1.1639999999999999 1
 16 6 138 0.40000000000000002 1 4 20 2200 -3.1415926535897931 1.2064046859741211 53 1 0.96799999999999997 1
 17 6 195 0.80000000000000004 1 3 16 2000 -1.1415926535897931 1.1169335842132568 53 1 0.97299999999999998 1
 18 6 25 0 1 4 16 2000 0.85840734641020688 1.1269083023071289 53 1 1.0449999999999999 0.89999999999999991
 19 6 15 0 1 3 20 2000 -1.1415926535897931 1.1330306529998779 53 1 1.1299999999999999 0.69999999999999996
 20 6 337 1.2 2 3 16 2000 1.8584073464102069 1.0193700790405273 59 0 1.002 1
 21 6 318 1.2 1 4 16 2200 1.8584073464102069 1.2158145904541016 59 0 1.069 0.69999999999999996
 22 6 227 0.80000000000000004 1 4 16 2400 -1.1415926535897931 1.0954468250274658 59 0 0.83099999999999996 0.79999999999999993
 23 6 456 1.6000000000000001 2 3 20 2400 1.8584073464102069 1.1457381248474121 59 0 0.98199999999999998 1
 24 6 34 0 1 4 16 2400 -0.14159265358979312 1.0576419830322266 53 1 0.83299999999999996 0.69999999999999996
 25 6 65 0 2 3 20 2200 -1.1415926535897931 1.1224873065948486 53 1 0.92100000000000004 0.89999999999999991
 26 6 314 1.2 1 4 16 2000 -1.1415926535897931 1.0857982635498047 59 0 1.105 0.69999999999999996
 27 6 74 0 2 4 16 2000 2.8584073464102069 1.0290563106536865 53 1 1.1539999999999999 0.79999999999999993
 28 6 287 0.80000000000000004 2 4 20 2400 -2.1415926535897931 1.1275403499603271 53 1 1.079 1
 29 6 217 0.80000000000000004 1 4 16 2000 -2.1415926535897931 0.83636021614074707 59 0 1.133 0.89999999999999991
 30 6 309 1.2 1 3 20 2400 -3.1415926535897931 1.1016814708709717 59 0 0.88400000000000001 1
 31 6 13 0 1 3 20 2000 1.8584073464102069 1.0238621234893799 53 1 0.90100000000000002 0.79999999999999993
 32 6 392 1.6000000000000001 1 3 16 2200 0.85840734641020688 1.1361141204833984 59 0 0.88700000000000001 1
 33 6 158 0.40000000000000002 2 3 20 2000 1.8584073464102069 1.046323299407959 53 1 0.98799999999999999 0.79999999999999993
 34 6 112 0.40000000000000002 1 3 20 2000 1.8584073464102069 1.1559898853302002 59 0 0.82399999999999995 0.69999999999999996
 35 6 564 3 2 4 16 2400 -3.1415926535897931 1.1782536506652832 59 0 1.0580000000000001 0.79999999999999993
 36 6 17 0 1 3 20 2200 -2.1415926535897931 1.0472869873046875 53 1 0.94399999999999995 1
 37 6 233 0.80000000000000004 1 4 20 2200 0.85840734641020688 1.0516712665557861 59 0 0.88800000000000001 0.69999999999999996
 38 6 136 0.40000000000000002 1 4 20 2000 -1.1415926535897931 1.053417444229126 59 0 1.1739999999999999 0.89999999999999991
 39 6 480 1.6000000000000001 2 4 20 2400 -3.1415926535897931 1.0030143260955811 59 0 0.89700000000000002 0.89999999999999991
 40 6 179 0.40000000000000002 2 4 16 2400 -3.1415926535897931 0.83033537864685059 53 1 1.1779999999999999 0.89999999999999991
 41 6 223 0.80000000000000004 1 4 16 2200 -1.1415926535897931 0.89713406562805176 59 0 0.879 0.79999999999999993
 42 6 452 1.6000000000000001 2 3 20 2200 2.8584073464102069 1.0298411846160889 59 0 1.1719999999999999 0.79999999999999993
 43 6 404 1.6000000000000001 1 3 20 2200 -1.1415926535897931 1.1906249523162842 59 0 0.95399999999999996 0.79999999999999993
 44 6 491 3 1 3 16 2400 -1.1415926535897931 1.2043492794036865 59 0 1.133 0.69999999999999996
 45 6 542 3 2 3 20 2000 -2.1415926535897931 1.3884799480438232 59 0 1.0920000000000001 0.89999999999999991
 46 6 155 0.40000000000000002 2 3 16 2400 -2.1415926535897931 1.1673874855041504 53 1 1.155 0.79999999999999993
 47 6 207 0.80000000000000004 1 3 20 2000 -0.14159265358979312 1.1622233390808105 53 1 0.92300000000000004 1
 48 6 35 0 1 4 16 2400 0.85840734641020688 1.0935628414154053 53 1 1.052 0.69999999999999996


# name: resolution
# type: matrix
# rows: 1
# columns: 2
 1366 768


# name: hz
# type: scalar
60


# name: pc
# type: sq_string
# elements: 1
# length: 21
gregor-Latitude-E6320


# name: experiment
# type: sq_string
# elements: 1
# length: 4
RFPb


# name: isOctave
# type: bool
1




