# Created by Octave 5.2.0, Mon Apr 04 14:46:56 2022 CEST <student@gregor-Latitude-E6320>
# name: RFP
# type: scalar struct
# ndims: 2
 1 1
# length: 10
# name: vp
# type: sq_string
# elements: 1
# length: 3
V18


# name: mapping
# type: scalar
1


# name: date
# type: sq_string
# elements: 1
# length: 15
20220404T144518


# name: block
# type: scalar
4


# name: outmat
# type: matrix
# rows: 48
# columns: 14
 1 4 242 0.80000000000000004 2 3 16 2000 -2.1415926535897931 1.3242087364196777 59 0 0.98299999999999998 0.79999999999999993
 2 4 279 0.80000000000000004 2 4 20 2000 -0.14159265358979312 1.1716659069061279 59 0 0.97699999999999998 0.89999999999999991
 3 4 9 0 1 3 16 2400 1.8584073464102069 0.9084475040435791 53 1 1.073 0.89999999999999991
 4 4 170 0.40000000000000002 2 4 16 2000 -2.1415926535897931 0.98994636535644531 53 1 0.84699999999999998 1
 5 4 379 1.2 2 4 20 2200 0.85840734641020688 0.96379232406616211 59 0 0.91700000000000004 0.69999999999999996
 6 4 348 1.2 2 3 16 2400 -1.1415926535897931 0.99681210517883301 59 0 0.98899999999999999 0.89999999999999991
 7 4 139 0.40000000000000002 1 4 20 2200 -3.1415926535897931 1.0386753082275391 53 1 0.86099999999999999 0.89999999999999991
 8 4 77 0 2 4 16 2200 0.85840734641020688 0.99535465240478516 53 1 0.91900000000000004 0.89999999999999991
 9 4 463 1.6000000000000001 2 4 16 2200 -3.1415926535897931 0.93547558784484863 59 0 0.98399999999999999 0.79999999999999993
 10 4 249 0.80000000000000004 2 3 16 2400 0.85840734641020688 1.0041861534118652 53 1 0.95299999999999996 0.89999999999999991
 11 4 73 0 2 4 16 2000 -3.1415926535897931 0.99341630935668945 53 1 1.044 0.89999999999999991
 12 4 270 0.80000000000000004 2 4 16 2200 2.8584073464102069 0.98525667190551758 53 1 0.98699999999999999 0.89999999999999991
 13 4 426 1.6000000000000001 1 4 20 2200 -0.14159265358979312 0.95456361770629883 53 1 0.80500000000000005 0.79999999999999993
 14 4 329 1.2 1 4 20 2200 1.8584073464102069 1.0345232486724854 53 1 1.052 0.89999999999999991
 15 4 377 1.2 2 4 20 2200 2.8584073464102069 0.9170689582824707 59 0 0.82199999999999995 0.69999999999999996
 16 4 251 0.80000000000000004 2 3 16 2400 0.85840734641020688 1.0007154941558838 53 1 0.92200000000000004 0.69999999999999996
 17 4 29 0 1 4 16 2200 -3.1415926535897931 0.99035167694091797 53 1 1.137 0.69999999999999996
 18 4 524 3 1 4 20 2200 0.85840734641020688 0.99242496490478516 59 0 1.1619999999999999 1
 19 4 187 0.40000000000000002 2 4 20 2200 -3.1415926535897931 1.0547516345977783 59 0 0.95099999999999996 0.89999999999999991
 20 4 295 1.2 1 3 16 2200 -1.1415926535897931 0.90181612968444824 59 0 1.121 1
 21 4 283 0.80000000000000004 2 4 20 2200 1.8584073464102069 1.0122361183166504 53 1 0.81299999999999994 0.69999999999999996
 22 4 472 1.6000000000000001 2 4 20 2000 2.8584073464102069 0.92655444145202637 59 0 1.173 1
 23 4 168 0.40000000000000002 2 3 20 2400 0.85840734641020688 0.99019646644592285 53 1 0.98499999999999999 0.79999999999999993
 24 4 358 1.2 2 3 20 2400 2.8584073464102069 0.9920964241027832 59 0 0.82399999999999995 0.89999999999999991
 25 4 5 0 1 3 16 2200 -1.1415926535897931 1.0517411231994629 53 1 1.155 1
 26 4 258 0.80000000000000004 2 3 20 2200 -3.1415926535897931 1.1475012302398682 53 1 1.0249999999999999 0.79999999999999993
 27 4 275 0.80000000000000004 2 4 16 2400 2.8584073464102069 1.0092542171478271 53 1 0.82699999999999996 0.69999999999999996
 28 4 432 1.6000000000000001 1 4 20 2400 -0.14159265358979312 0.96332359313964844 59 0 1.171 0.79999999999999993
 29 4 353 1.2 2 3 20 2200 0.85840734641020688 0.95422863960266113 59 0 0.96699999999999997 0.79999999999999993
 30 4 477 1.6000000000000001 2 4 20 2400 -0.14159265358979312 0.98337221145629883 59 0 1.079 0.89999999999999991
 31 4 98 0.40000000000000002 1 3 16 2000 2.8584073464102069 1.0507562160491943 53 1 0.92400000000000004 0.79999999999999993
 32 4 193 0.80000000000000004 1 3 16 2000 -2.1415926535897931 0.95504546165466309 53 1 1.1339999999999999 0.89999999999999991
 33 4 520 3 1 4 20 2000 -3.1415926535897931 1.0442595481872559 59 0 0.86299999999999999 1
 34 4 376 1.2 2 4 20 2000 2.8584073464102069 1.0560939311981201 59 0 1.0609999999999999 0.79999999999999993
 35 4 448 1.6000000000000001 2 3 20 2000 -0.14159265358979312 1.0323927402496338 59 0 1.054 1
 36 4 135 0.40000000000000002 1 4 20 2000 -1.1415926535897931 1.0219361782073975 53 1 1.022 1
 37 4 110 0.40000000000000002 1 3 20 2000 0.85840734641020688 1.0165703296661377 53 1 1.1779999999999999 0.69999999999999996
 38 4 142 0.40000000000000002 1 4 20 2400 -3.1415926535897931 1.0395002365112305 53 1 1.1060000000000001 0.69999999999999996
 39 4 92 0 2 4 20 2200 1.8584073464102069 1.0236423015594482 53 1 0.83399999999999996 1
 40 4 553 3 2 4 16 2000 0.85840734641020688 1.0626630783081055 53 1 0.80200000000000005 0.89999999999999991
 41 4 264 0.80000000000000004 2 3 20 2400 2.8584073464102069 1.0225274562835693 59 0 1.107 1
 42 4 79 0 2 4 16 2200 -2.1415926535897931 0.89409470558166504 53 1 1.014 0.79999999999999993
 43 4 361 1.2 2 4 16 2000 0.85840734641020688 1.0713152885437012 59 0 1.1140000000000001 1
 44 4 347 1.2 2 3 16 2400 1.8584073464102069 1.1403892040252686 53 1 0.82899999999999996 0.69999999999999996
 45 4 566 3 2 4 20 2000 -3.1415926535897931 1.4160113334655762 59 0 1.1319999999999999 0.79999999999999993
 46 4 488 3 1 3 16 2200 0.85840734641020688 1.0102775096893311 59 0 0.83399999999999996 0.89999999999999991
 47 4 128 0.40000000000000002 1 4 16 2200 -2.1415926535897931 0.92752289772033691 53 1 1.1599999999999999 0.79999999999999993
 48 4 122 0.40000000000000002 1 4 16 2000 2.8584073464102069 1.0075502395629883 53 1 1.1120000000000001 0.69999999999999996


# name: resolution
# type: matrix
# rows: 1
# columns: 2
 1366 768


# name: hz
# type: scalar
60


# name: pc
# type: sq_string
# elements: 1
# length: 21
gregor-Latitude-E6320


# name: experiment
# type: sq_string
# elements: 1
# length: 4
RFPb


# name: isOctave
# type: bool
1




