# Created by Octave 5.2.0, Mon Apr 04 14:55:57 2022 CEST <student@gregor-Latitude-E6320>
# name: RFP
# type: scalar struct
# ndims: 2
 1 1
# length: 10
# name: vp
# type: sq_string
# elements: 1
# length: 3
V18


# name: mapping
# type: scalar
1


# name: date
# type: sq_string
# elements: 1
# length: 15
20220404T145407


# name: block
# type: scalar
9


# name: outmat
# type: matrix
# rows: 48
# columns: 14
 1 9 395 1.6000000000000001 1 3 16 2400 -2.1415926535897931 1.1688787937164307 59 0 0.89000000000000001 0.79999999999999993
 2 9 36 0 1 4 16 2400 -1.1415926535897931 1.0966484546661377 53 1 1.143 0.79999999999999993
 3 9 41 0 1 4 20 2200 -2.1415926535897931 1.1381614208221436 53 1 0.85199999999999998 1
 4 9 246 0.80000000000000004 2 3 16 2200 -3.1415926535897931 1.1226353645324707 53 1 0.94699999999999995 1
 5 9 18 0 1 3 20 2200 -0.14159265358979312 1.1307442188262939 53 1 1.198 0.79999999999999993
 6 9 366 1.2 2 4 16 2200 -1.1415926535897931 0.98896241188049316 59 0 0.93600000000000005 0.69999999999999996
 7 9 263 0.80000000000000004 2 3 20 2400 -2.1415926535897931 1.0302646160125732 59 0 0.83299999999999996 1
 8 9 526 3 1 4 20 2400 1.8584073464102069 1.1281108856201172 59 0 1.073 0.89999999999999991
 9 9 46 0 1 4 20 2400 -3.1415926535897931 1.1205356121063232 53 1 1.1659999999999999 0.69999999999999996
 10 9 48 0 1 4 20 2400 -0.14159265358979312 1.1188020706176758 53 1 1.0800000000000001 0.89999999999999991
 11 9 360 1.2 2 3 20 2400 1.8584073464102069 1.2797439098358154 59 0 0.84099999999999997 0.69999999999999996
 12 9 57 0 2 3 16 2400 1.8584073464102069 1.2072403430938721 53 1 1.1180000000000001 0.89999999999999991
 13 9 129 0.40000000000000002 1 4 16 2400 -3.1415926535897931 1.2547531127929688 53 1 1.196 0.69999999999999996
 14 9 226 0.80000000000000004 1 4 16 2400 -3.1415926535897931 1.2155816555023193 53 1 0.94399999999999995 0.79999999999999993
 15 9 86 0 2 4 20 2000 -2.1415926535897931 1.0536572933197021 53 1 1.1859999999999999 0.79999999999999993
 16 9 42 0 1 4 20 2200 0.85840734641020688 1.1914181709289551 53 1 0.82799999999999996 1
 17 9 402 1.6000000000000001 1 3 20 2200 -3.1415926535897931 1.0209004878997803 59 0 1.0269999999999999 0.79999999999999993
 18 9 478 1.6000000000000001 2 4 20 2400 0.85840734641020688 1.301971435546875 59 0 0.86199999999999999 1
 19 9 62 0 2 3 20 2000 -3.1415926535897931 1.1399860382080078 53 1 0.91100000000000003 0.69999999999999996
 20 9 330 1.2 1 4 20 2200 -2.1415926535897931 1.3812532424926758 53 1 0.81399999999999995 1
 21 9 528 3 1 4 20 2400 -3.1415926535897931 1.0385499000549316 59 0 0.97999999999999998 0.69999999999999996
 22 9 101 0.40000000000000002 1 3 16 2200 -2.1415926535897931 1.114295482635498 53 1 1.1990000000000001 0.79999999999999993
 23 9 184 0.40000000000000002 2 4 20 2000 -0.14159265358979312 1.0498254299163818 53 1 1.127 1
 24 9 486 3 1 3 16 2200 0.85840734641020688 1.1875195503234863 59 0 0.81499999999999995 0.69999999999999996
 25 9 84 0 2 4 16 2400 2.8584073464102069 1.0631225109100342 53 1 1.0880000000000001 0.89999999999999991
 26 9 274 0.80000000000000004 2 4 16 2400 -1.1415926535897931 0.93753719329833984 53 1 0.80900000000000005 1
 27 9 149 0.40000000000000002 2 3 16 2200 -0.14159265358979312 0.95426535606384277 53 1 1.109 0.79999999999999993
 28 9 259 0.80000000000000004 2 3 20 2200 -1.1415926535897931 0.98100614547729492 59 0 0.80500000000000005 0.69999999999999996
 29 9 325 1.2 1 4 20 2000 -0.14159265358979312 1.1521413326263428 59 0 0.85999999999999999 0.79999999999999993
 30 9 164 0.40000000000000002 2 3 20 2200 -1.1415926535897931 1.109807014465332 59 0 1.175 0.69999999999999996
 31 9 10 0 1 3 16 2400 -1.1415926535897931 1.0486512184143066 53 1 1.0760000000000001 0.79999999999999993
 32 9 516 3 1 4 16 2400 -2.1415926535897931 5.1249299049377441 59 0 1.099 0.69999999999999996
 33 9 237 0.80000000000000004 1 4 20 2400 -3.1415926535897931 1.5738294124603271 59 0 1.0469999999999999 0.69999999999999996
 34 9 126 0.40000000000000002 1 4 16 2200 1.8584073464102069 1.0611660480499268 53 1 1.028 0.69999999999999996
 35 9 27 0 1 4 16 2000 2.8584073464102069 1.1903085708618164 53 1 1.1719999999999999 1
 36 9 204 0.80000000000000004 1 3 16 2400 1.8584073464102069 1.1747515201568604 59 0 1.042 0.69999999999999996
 37 9 141 0.40000000000000002 1 4 20 2400 2.8584073464102069 1.0320305824279785 53 1 0.95899999999999996 1
 38 9 172 0.40000000000000002 2 4 16 2000 2.8584073464102069 1.2045843601226807 53 1 1.091 1
 39 9 390 1.6000000000000001 1 3 16 2200 2.8584073464102069 1.2951023578643799 59 0 0.91800000000000004 0.69999999999999996
 40 9 20 0 1 3 20 2200 -2.1415926535897931 1.3303537368774414 53 1 0.89300000000000002 1
 41 9 383 1.2 2 4 20 2400 -3.1415926535897931 1.2499690055847168 59 0 1.1299999999999999 1
 42 9 181 0.40000000000000002 2 4 20 2000 0.85840734641020688 1.3066935539245605 53 1 1.069 1
 43 9 308 1.2 1 3 20 2200 -3.1415926535897931 1.155531644821167 59 0 0.91600000000000004 0.89999999999999991
 44 9 102 0.40000000000000002 1 3 16 2200 0.85840734641020688 1.2216188907623291 53 1 1.0229999999999999 0.69999999999999996
 45 9 288 0.80000000000000004 2 4 20 2400 -3.1415926535897931 1.213411808013916 59 0 0.995 0.69999999999999996
 46 9 209 0.80000000000000004 1 3 20 2200 -3.1415926535897931 1.2583656311035156 59 0 1.115 1
 47 9 483 3 1 3 16 2000 2.8584073464102069 1.3448505401611328 59 0 1.0249999999999999 0.79999999999999993
 48 9 271 0.80000000000000004 2 4 16 2200 0.85840734641020688 1.2102575302124023 53 1 0.91900000000000004 0.79999999999999993


# name: resolution
# type: matrix
# rows: 1
# columns: 2
 1366 768


# name: hz
# type: scalar
60


# name: pc
# type: sq_string
# elements: 1
# length: 21
gregor-Latitude-E6320


# name: experiment
# type: sq_string
# elements: 1
# length: 4
RFPb


# name: isOctave
# type: bool
1




