# Created by Octave 5.2.0, Mon Apr 04 15:01:09 2022 CEST <student@gregor-Latitude-E6320>
# name: RFP
# type: scalar struct
# ndims: 2
 1 1
# length: 10
# name: vp
# type: sq_string
# elements: 1
# length: 3
V18


# name: mapping
# type: scalar
1


# name: date
# type: sq_string
# elements: 1
# length: 15
20220404T145927


# name: block
# type: scalar
12


# name: outmat
# type: matrix
# rows: 48
# columns: 14
 1 12 83 0 2 4 16 2400 -2.1415926535897931 1.1554689407348633 53 1 0.99399999999999999 0.79999999999999993
 2 12 412 1.6000000000000001 1 4 16 2000 1.8584073464102069 1.1891043186187744 59 0 0.88600000000000001 0.79999999999999993
 3 12 199 0.80000000000000004 1 3 16 2200 1.8584073464102069 1.2893593311309814 59 0 1.075 1
 4 12 305 1.2 1 3 20 2200 -3.1415926535897931 1.1064052581787109 59 0 1.145 0.69999999999999996
 5 12 163 0.40000000000000002 2 3 20 2200 2.8584073464102069 1.1191966533660889 59 0 0.84999999999999998 0.69999999999999996
 6 12 94 0 2 4 20 2400 -0.14159265358979312 1.0785343647003174 53 1 0.90200000000000002 0.79999999999999993
 7 12 107 0.40000000000000002 1 3 16 2400 -3.1415926535897931 1.1004242897033691 53 1 1.1000000000000001 0.89999999999999991
 8 12 159 0.40000000000000002 2 3 20 2000 -0.14159265358979312 1.0545082092285156 59 0 1.1890000000000001 0.89999999999999991
 9 12 111 0.40000000000000002 1 3 20 2000 -3.1415926535897931 1.1168913841247559 59 0 1.036 1
 10 12 403 1.6000000000000001 1 3 20 2200 1.8584073464102069 1.1208133697509766 59 0 0.94099999999999995 1
 11 12 16 0 1 3 20 2000 -2.1415926535897931 1.0793538093566895 53 1 0.81499999999999995 0.89999999999999991
 12 12 254 0.80000000000000004 2 3 20 2000 -1.1415926535897931 1.0460102558135986 53 1 0.80500000000000005 0.79999999999999993
 13 12 423 1.6000000000000001 1 4 20 2000 -0.14159265358979312 1.3201026916503906 59 0 1.1679999999999999 0.89999999999999991
 14 12 328 1.2 1 4 20 2000 -1.1415926535897931 1.0802545547485352 59 0 0.90400000000000003 1
 15 12 59 0 2 3 16 2400 2.8584073464102069 1.0626046657562256 53 1 1.032 0.79999999999999993
 16 12 321 1.2 1 4 16 2400 -1.1415926535897931 1.1265895366668701 59 0 1.048 0.89999999999999991
 17 12 121 0.40000000000000002 1 4 16 2000 -3.1415926535897931 1.0988967418670654 53 1 0.92300000000000004 0.79999999999999993
 18 12 373 1.2 2 4 20 2000 -2.1415926535897931 1.0478901863098145 59 0 1.0940000000000001 0.79999999999999993
 19 12 24 0 1 3 20 2400 0.85840734641020688 1.4463043212890625 53 1 0.92900000000000005 1
 20 12 439 1.6000000000000001 2 3 16 2200 0.85840734641020688 1.2169606685638428 59 0 1.1619999999999999 0.79999999999999993
 21 12 419 1.6000000000000001 1 4 16 2400 -0.14159265358979312 1.2166242599487305 59 0 1.117 0.89999999999999991
 22 12 512 3 1 4 16 2200 -3.1415926535897931 1.1349172592163086 59 0 1.0209999999999999 1
 23 12 431 1.6000000000000001 1 4 20 2400 2.8584073464102069 1.0607824325561523 59 0 0.97299999999999998 1
 24 12 1 0 1 3 16 2000 -3.1415926535897931 1.0315685272216797 53 1 1.014 0.69999999999999996
 25 12 449 1.6000000000000001 2 3 20 2200 2.8584073464102069 1.0364019870758057 59 0 0.89000000000000001 0.69999999999999996
 26 12 466 1.6000000000000001 2 4 16 2400 2.8584073464102069 0.98961114883422852 59 0 0.91800000000000004 0.69999999999999996
 27 12 37 0 1 4 20 2000 0.85840734641020688 0.99892616271972656 53 1 0.94499999999999995 0.89999999999999991
 28 12 241 0.80000000000000004 2 3 16 2000 -0.14159265358979312 1.0146670341491699 59 0 0.91000000000000003 0.69999999999999996
 29 12 299 1.2 1 3 16 2400 2.8584073464102069 1.1163766384124756 59 0 1.0980000000000001 0.79999999999999993
 30 12 455 1.6000000000000001 2 3 20 2400 1.8584073464102069 1.1840033531188965 59 0 0.88800000000000001 0.69999999999999996
 31 12 514 3 1 4 16 2400 0.85840734641020688 1.1211864948272705 59 0 1.087 0.79999999999999993
 32 12 39 0 1 4 20 2000 -0.14159265358979312 1.0682804584503174 53 1 1.075 0.79999999999999993
 33 12 303 1.2 1 3 20 2000 -3.1415926535897931 1.0623466968536377 59 0 0.99399999999999999 0.69999999999999996
 34 12 134 0.40000000000000002 1 4 20 2000 2.8584073464102069 1.0771241188049316 53 1 1.0800000000000001 0.69999999999999996
 35 12 286 0.80000000000000004 2 4 20 2400 -1.1415926535897931 1.0150659084320068 59 0 1.1240000000000001 0.79999999999999993
 36 12 408 1.6000000000000001 1 3 20 2400 -0.14159265358979312 1.0458574295043945 59 0 1.044 0.69999999999999996
 37 12 311 1.2 1 3 20 2400 0.85840734641020688 1.0601487159729004 59 0 0.93200000000000005 0.69999999999999996
 38 12 257 0.80000000000000004 2 3 20 2200 -1.1415926535897931 1.0170681476593018 59 0 0.84999999999999998 0.89999999999999991
 39 12 240 0.80000000000000004 1 4 20 2400 -2.1415926535897931 1.0850253105163574 59 0 1.1679999999999999 1
 40 12 461 1.6000000000000001 2 4 16 2200 1.8584073464102069 0.98926949501037598 59 0 0.91400000000000003 1
 41 12 400 1.6000000000000001 1 3 20 2000 2.8584073464102069 1.0349476337432861 59 0 1.0589999999999999 1
 42 12 132 0.40000000000000002 1 4 16 2400 2.8584073464102069 0.9997861385345459 53 1 0.96999999999999997 0.79999999999999993
 43 12 32 0 1 4 16 2200 -0.14159265358979312 0.87017726898193359 53 1 0.98799999999999999 0.89999999999999991
 44 12 278 0.80000000000000004 2 4 20 2000 0.85840734641020688 1.018646240234375 53 1 0.83799999999999997 1
 45 12 208 0.80000000000000004 1 3 20 2000 2.8584073464102069 1.0253305435180664 59 0 1.141 0.69999999999999996
 46 12 547 3 2 3 20 2200 -1.1415926535897931 1.07322096824646 59 0 0.97599999999999998 0.79999999999999993
 47 12 453 1.6000000000000001 2 3 20 2400 1.8584073464102069 0.96804451942443848 59 0 0.89700000000000002 0.79999999999999993
 48 12 537 3 2 3 16 2400 -3.1415926535897931 1.0966384410858154 59 0 1.01 0.89999999999999991


# name: resolution
# type: matrix
# rows: 1
# columns: 2
 1366 768


# name: hz
# type: scalar
60


# name: pc
# type: sq_string
# elements: 1
# length: 21
gregor-Latitude-E6320


# name: experiment
# type: sq_string
# elements: 1
# length: 4
RFPb


# name: isOctave
# type: bool
1




