# Created by Octave 5.2.0, Mon Apr 04 14:41:42 2022 CEST <student@gregor-Latitude-E6320>
# name: RFP
# type: scalar struct
# ndims: 2
 1 1
# length: 10
# name: vp
# type: sq_string
# elements: 1
# length: 3
V18


# name: mapping
# type: scalar
1


# name: date
# type: sq_string
# elements: 1
# length: 15
20220404T143930


# name: block
# type: scalar
1


# name: outmat
# type: matrix
# rows: 48
# columns: 14
 1 1 143 0.40000000000000002 1 4 20 2400 1.8584073464102069 23.89148211479187 53 1 0.81699999999999995 0.69999999999999996
 2 1 326 1.2 1 4 20 2000 -0.14159265358979312 1.8485429286956787 53 1 1.153 0.89999999999999991
 3 1 465 1.6000000000000001 2 4 16 2400 -2.1415926535897931 1.6023290157318115 53 1 0.96499999999999997 0.79999999999999993
 4 1 407 1.6000000000000001 1 3 20 2400 2.8584073464102069 1.2333776950836182 53 1 1.161 1
 5 1 189 0.40000000000000002 2 4 20 2400 -0.14159265358979312 1.2490799427032471 53 1 0.86199999999999999 0.89999999999999991
 6 1 509 3 1 4 16 2200 -1.1415926535897931 1.0817675590515137 59 0 0.98899999999999999 1
 7 1 474 1.6000000000000001 2 4 20 2200 0.85840734641020688 1.2716991901397705 53 1 0.878 0.69999999999999996
 8 1 119 0.40000000000000002 1 3 20 2400 0.85840734641020688 1.1998493671417236 53 1 1.004 1
 9 1 357 1.2 2 3 20 2400 -2.1415926535897931 1.305919885635376 53 1 0.98799999999999999 1
 10 1 532 3 2 3 16 2000 -1.1415926535897931 1.0743229389190674 59 0 1.091 1
 11 1 490 3 1 3 16 2400 -1.1415926535897931 1.244720458984375 59 0 1.1559999999999999 0.79999999999999993
 12 1 364 1.2 2 4 16 2000 -1.1415926535897931 1.0705351829528809 53 1 0.91200000000000003 1
 13 1 539 3 2 3 16 2400 -3.1415926535897931 1.3630082607269287 53 1 1.1719999999999999 0.89999999999999991
 14 1 495 3 1 3 20 2000 -2.1415926535897931 1.2550554275512695 59 0 1.1899999999999999 0.79999999999999993
 15 1 52 0 2 3 16 2000 -0.14159265358979312 1.3691701889038086 53 1 1.159 0.89999999999999991
 16 1 370 1.2 2 4 16 2400 1.8584073464102069 1.6083416938781738 53 1 1.159 0.79999999999999993
 17 1 232 0.80000000000000004 1 4 20 2000 -1.1415926535897931 1.2871859073638916 59 0 0.98699999999999999 0.79999999999999993
 18 1 561 3 2 4 16 2400 -0.14159265358979312 1.3194904327392578 59 0 0.86299999999999999 0.79999999999999993
 19 1 447 1.6000000000000001 2 3 20 2000 1.8584073464102069 1.2433986663818359 59 0 0.89300000000000002 0.69999999999999996
 20 1 365 1.2 2 4 16 2200 2.8584073464102069 1.2371375560760498 59 0 0.86599999999999999 0.69999999999999996
 21 1 302 1.2 1 3 20 2000 1.8584073464102069 1.2544546127319336 59 0 1.0640000000000001 0.79999999999999993
 22 1 131 0.40000000000000002 1 4 16 2400 0.85840734641020688 1.1246268749237061 53 1 0.80900000000000005 0.79999999999999993
 23 1 196 0.80000000000000004 1 3 16 2000 -3.1415926535897931 1.0506525039672852 59 0 1.091 0.79999999999999993
 24 1 445 1.6000000000000001 2 3 20 2000 -0.14159265358979312 1.2161085605621338 59 0 1.0720000000000001 1
 25 1 545 3 2 3 20 2200 -2.1415926535897931 1.2681984901428223 59 0 1.032 0.79999999999999993
 26 1 506 3 1 4 16 2000 1.8584073464102069 1.2539894580841064 59 0 0.80400000000000005 0.79999999999999993
 27 1 394 1.6000000000000001 1 3 16 2400 -1.1415926535897931 1.2350404262542725 59 0 0.86599999999999999 0.89999999999999991
 28 1 261 0.80000000000000004 2 3 20 2400 -1.1415926535897931 1.2719435691833496 53 1 0.82299999999999995 0.69999999999999996
 29 1 312 1.2 1 3 20 2400 -1.1415926535897931 1.2296512126922607 59 0 0.82699999999999996 0.89999999999999991
 30 1 285 0.80000000000000004 2 4 20 2400 -0.14159265358979312 1.2999935150146484 53 1 1.0089999999999999 1
 31 1 174 0.40000000000000002 2 4 16 2200 -3.1415926535897931 1.1400437355041504 53 1 1.1659999999999999 0.69999999999999996
 32 1 411 1.6000000000000001 1 4 16 2000 1.8584073464102069 1.2080545425415039 59 0 1.0640000000000001 0.69999999999999996
 33 1 43 0 1 4 20 2200 -3.1415926535897931 1.127845287322998 53 1 0.97199999999999998 1
 34 1 28 0 1 4 16 2000 2.8584073464102069 1.1050207614898682 53 1 1.0820000000000001 0.79999999999999993
 35 1 255 0.80000000000000004 2 3 20 2000 -2.1415926535897931 1.0385501384735107 53 1 0.83599999999999997 0.69999999999999996
 36 1 457 1.6000000000000001 2 4 16 2000 -0.14159265358979312 1.0834188461303711 59 0 1.036 0.79999999999999993
 37 1 161 0.40000000000000002 2 3 20 2200 -3.1415926535897931 1.1925313472747803 53 1 1.181 0.79999999999999993
 38 1 565 3 2 4 20 2000 -3.1415926535897931 1.1542911529541016 59 0 0.94299999999999995 0.69999999999999996
 39 1 137 0.40000000000000002 1 4 20 2200 2.8584073464102069 1.3592197895050049 59 0 0.80400000000000005 0.89999999999999991
 40 1 265 0.80000000000000004 2 4 16 2000 2.8584073464102069 1.1209053993225098 53 1 1.1040000000000001 0.69999999999999996
 41 1 31 0 1 4 16 2200 -1.1415926535897931 1.3314669132232666 53 1 0.94899999999999995 0.89999999999999991
 42 1 422 1.6000000000000001 1 4 20 2000 1.8584073464102069 1.1662769317626953 59 0 0.81100000000000005 0.79999999999999993
 43 1 517 3 1 4 20 2000 2.8584073464102069 1.0602593421936035 59 0 0.97099999999999997 1
 44 1 236 0.80000000000000004 1 4 20 2200 1.8584073464102069 1.2224936485290527 59 0 1.115 0.79999999999999993
 45 1 215 0.80000000000000004 1 3 20 2400 1.8584073464102069 1.1349854469299316 59 0 1.1220000000000001 0.89999999999999991
 46 1 105 0.40000000000000002 1 3 16 2400 0.85840734641020688 1.0443928241729736 53 1 1.153 0.79999999999999993
 47 1 53 0 2 3 16 2200 -1.1415926535897931 1.1990554332733154 53 1 1.038 0.89999999999999991
 48 1 97 0.40000000000000002 1 3 16 2000 -2.1415926535897931 1.0625996589660645 53 1 1.0720000000000001 0.69999999999999996


# name: resolution
# type: matrix
# rows: 1
# columns: 2
 1366 768


# name: hz
# type: scalar
60


# name: pc
# type: sq_string
# elements: 1
# length: 21
gregor-Latitude-E6320


# name: experiment
# type: sq_string
# elements: 1
# length: 4
RFPb


# name: isOctave
# type: bool
1




