# Created by Octave 5.2.0, Mon Apr 04 14:45:14 2022 CEST <student@gregor-Latitude-E6320>
# name: RFP
# type: scalar struct
# ndims: 2
 1 1
# length: 10
# name: vp
# type: sq_string
# elements: 1
# length: 3
V18


# name: mapping
# type: scalar
1


# name: date
# type: sq_string
# elements: 1
# length: 15
20220404T144334


# name: block
# type: scalar
3


# name: outmat
# type: matrix
# rows: 48
# columns: 14
 1 3 224 0.80000000000000004 1 4 16 2200 -3.1415926535897931 1.0541834831237793 53 1 1.093 0.69999999999999996
 2 3 49 0 2 3 16 2000 -0.14159265358979312 1.1182191371917725 53 1 0.81499999999999995 1
 3 3 229 0.80000000000000004 1 4 20 2000 1.8584073464102069 1.0519981384277344 59 0 1.1200000000000001 0.89999999999999991
 4 3 145 0.40000000000000002 2 3 16 2000 -2.1415926535897931 1.0003900527954102 53 1 1.0429999999999999 1
 5 3 374 1.2 2 4 20 2000 2.8584073464102069 1.0552322864532471 59 0 1.115 0.79999999999999993
 6 3 176 0.40000000000000002 2 4 16 2200 -1.1415926535897931 1.1041412353515625 53 1 1.1379999999999999 0.89999999999999991
 7 3 87 0 2 4 20 2000 -0.14159265358979312 1.018477201461792 53 1 0.86199999999999999 0.89999999999999991
 8 3 496 3 1 3 20 2000 1.8584073464102069 1.129941463470459 59 0 1.0900000000000001 0.89999999999999991
 9 3 95 0 2 4 20 2400 2.8584073464102069 1.0978341102600098 53 1 1.1879999999999999 1
 10 3 315 1.2 1 4 16 2000 2.8584073464102069 1.0487267971038818 59 0 1.103 0.69999999999999996
 11 3 552 3 2 3 20 2400 0.85840734641020688 1.0931224822998047 59 0 0.83699999999999997 0.89999999999999991
 12 3 410 1.6000000000000001 1 4 16 2000 -0.14159265358979312 1.0668723583221436 59 0 1.004 0.89999999999999991
 13 3 47 0 1 4 20 2400 1.8584073464102069 1.0855846405029297 53 1 1.1819999999999999 0.69999999999999996
 14 3 343 1.2 2 3 16 2200 -2.1415926535897931 0.99342179298400879 59 0 0.92900000000000005 1
 15 3 533 3 2 3 16 2200 -2.1415926535897931 0.9735252857208252 59 0 1.0609999999999999 0.79999999999999993
 16 3 54 0 2 3 16 2200 1.8584073464102069 1.0251765251159668 53 1 0.81399999999999995 0.89999999999999991
 17 3 569 3 2 4 20 2200 -2.1415926535897931 1.0093905925750732 59 0 1.196 0.69999999999999996
 18 3 140 0.40000000000000002 1 4 20 2200 0.85840734641020688 1.0630276203155518 53 1 1.0409999999999999 1
 19 3 425 1.6000000000000001 1 4 20 2200 0.85840734641020688 0.97890424728393555 59 0 1.0920000000000001 1
 20 3 289 1.2 1 3 16 2000 -3.1415926535897931 1.4146175384521484 59 0 0.97099999999999997 0.89999999999999991
 21 3 324 1.2 1 4 16 2400 -0.14159265358979312 1.0266165733337402 59 0 0.81299999999999994 0.89999999999999991
 22 3 475 1.6000000000000001 2 4 20 2200 2.8584073464102069 1.0336194038391113 59 0 0.88500000000000001 0.79999999999999993
 23 3 72 0 2 3 20 2400 -0.14159265358979312 0.94421267509460449 53 1 1.0660000000000001 0.89999999999999991
 24 3 551 3 2 3 20 2400 1.8584073464102069 0.83441424369812012 59 0 0.89200000000000002 0.79999999999999993
 25 3 568 3 2 4 20 2000 -0.14159265358979312 0.98745489120483398 59 0 0.97399999999999998 0.89999999999999991
 26 3 471 1.6000000000000001 2 4 20 2000 2.8584073464102069 0.91744780540466309 59 0 1.1719999999999999 1
 27 3 313 1.2 1 4 16 2000 -3.1415926535897931 0.9388880729675293 59 0 1.0069999999999999 1
 28 3 117 0.40000000000000002 1 3 20 2400 -1.1415926535897931 0.84708666801452637 53 1 1.056 1
 29 3 144 0.40000000000000002 1 4 20 2400 -3.1415926535897931 0.97119975090026855 53 1 1.0289999999999999 0.79999999999999993
 30 3 354 1.2 2 3 20 2200 -0.14159265358979312 0.96713566780090332 59 0 0.81100000000000005 1
 31 3 157 0.40000000000000002 2 3 20 2000 -2.1415926535897931 0.90224599838256836 53 1 0.91700000000000004 0.89999999999999991
 32 3 558 3 2 4 16 2200 -2.1415926535897931 1.0020878314971924 59 0 1.177 0.79999999999999993
 33 3 418 1.6000000000000001 1 4 16 2400 -0.14159265358979312 1.0524940490722656 53 1 1.1100000000000001 0.79999999999999993
 34 3 367 1.2 2 4 16 2200 -1.1415926535897931 1.0797145366668701 53 1 0.98099999999999998 1
 35 3 481 3 1 3 16 2000 -3.1415926535897931 0.90973424911499023 59 0 1.0529999999999999 0.89999999999999991
 36 3 243 0.80000000000000004 2 3 16 2000 -3.1415926535897931 1.0179617404937744 53 1 1.05 0.79999999999999993
 37 3 484 3 1 3 16 2000 -0.14159265358979312 1.0458958148956299 59 0 0.90700000000000003 0.79999999999999993
 38 3 310 1.2 1 3 20 2400 2.8584073464102069 1.022132396697998 59 0 1.151 1
 39 3 499 3 1 3 20 2200 -2.1415926535897931 0.97327828407287598 59 0 0.90100000000000002 0.69999999999999996
 40 3 323 1.2 1 4 16 2400 -2.1415926535897931 1.0259773731231689 53 1 0.91100000000000003 0.69999999999999996
 41 3 281 0.80000000000000004 2 4 20 2200 -2.1415926535897931 1.0002481937408447 59 0 0.85599999999999998 0.79999999999999993
 42 3 387 1.6000000000000001 1 3 16 2000 1.8584073464102069 1.005852222442627 59 0 1.1819999999999999 1
 43 3 479 1.6000000000000001 2 4 20 2400 -1.1415926535897931 0.91751980781555176 59 0 1.0760000000000001 1
 44 3 147 0.40000000000000002 2 3 16 2000 1.8584073464102069 1.1803352832794189 59 0 1.024 0.69999999999999996
 45 3 413 1.6000000000000001 1 4 16 2200 0.85840734641020688 1.0850157737731934 59 0 0.999 1
 46 3 427 1.6000000000000001 1 4 20 2200 1.8584073464102069 1.0271742343902588 59 0 1.01 0.89999999999999991
 47 3 294 1.2 1 3 16 2200 2.8584073464102069 1.0289092063903809 53 1 0.99399999999999999 1
 48 3 290 1.2 1 3 16 2000 2.8584073464102069 1.0404722690582275 53 1 0.80400000000000005 0.79999999999999993


# name: resolution
# type: matrix
# rows: 1
# columns: 2
 1366 768


# name: hz
# type: scalar
60


# name: pc
# type: sq_string
# elements: 1
# length: 21
gregor-Latitude-E6320


# name: experiment
# type: sq_string
# elements: 1
# length: 4
RFPb


# name: isOctave
# type: bool
1




