# Created by Octave 5.2.0, Mon Apr 04 14:54:05 2022 CEST <student@gregor-Latitude-E6320>
# name: RFP
# type: scalar struct
# ndims: 2
 1 1
# length: 10
# name: vp
# type: sq_string
# elements: 1
# length: 3
V18


# name: mapping
# type: scalar
1


# name: date
# type: sq_string
# elements: 1
# length: 15
20220404T145221


# name: block
# type: scalar
8


# name: outmat
# type: matrix
# rows: 48
# columns: 14
 1 8 2 0 1 3 16 2000 0.85840734641020688 1.0874295234680176 53 1 0.94499999999999995 1
 2 8 385 1.6000000000000001 1 3 16 2000 -3.1415926535897931 1.1375038623809814 59 0 1.018 0.89999999999999991
 3 8 555 3 2 4 16 2000 -1.1415926535897931 1.0541369915008545 59 0 1.02 0.79999999999999993
 4 8 476 1.6000000000000001 2 4 20 2200 -0.14159265358979312 1.103621244430542 59 0 1.016 0.89999999999999991
 5 8 333 1.2 1 4 20 2400 -3.1415926535897931 1.1002647876739502 59 0 0.88900000000000001 0.89999999999999991
 6 8 231 0.80000000000000004 1 4 20 2000 -1.1415926535897931 1.1209304332733154 59 0 0.93400000000000005 0.89999999999999991
 7 8 500 3 1 3 20 2200 -0.14159265358979312 1.1838274002075195 59 0 0.80400000000000005 0.69999999999999996
 8 8 125 0.40000000000000002 1 4 16 2200 -2.1415926535897931 1.1652102470397949 53 1 0.84699999999999998 1
 9 8 200 0.80000000000000004 1 3 16 2200 0.85840734641020688 1.222081184387207 59 0 1.1519999999999999 0.79999999999999993
 10 8 341 1.2 2 3 16 2200 -3.1415926535897931 0.93242454528808594 59 0 0.94799999999999995 1
 11 8 266 0.80000000000000004 2 4 16 2000 -0.14159265358979312 1.0627875328063965 53 1 1.115 1
 12 8 291 1.2 1 3 16 2000 0.85840734641020688 1.0716803073883057 59 0 1.103 0.79999999999999993
 13 8 567 3 2 4 20 2000 0.85840734641020688 1.0907042026519775 59 0 0.872 0.79999999999999993
 14 8 349 1.2 2 3 20 2000 1.8584073464102069 1.0293800830841064 59 0 0.93700000000000006 0.89999999999999991
 15 8 194 0.80000000000000004 1 3 16 2000 1.8584073464102069 1.0667986869812012 53 1 0.88500000000000001 1
 16 8 260 0.80000000000000004 2 3 20 2200 2.8584073464102069 1.1010868549346924 59 0 1.165 0.79999999999999993
 17 8 327 1.2 1 4 20 2000 1.8584073464102069 1.0368173122406006 59 0 1.127 1
 18 8 272 0.80000000000000004 2 4 16 2200 -3.1415926535897931 1.1712651252746582 59 0 0.80200000000000005 0.89999999999999991
 19 8 556 3 2 4 16 2000 -0.14159265358979312 1.0635251998901367 59 0 0.995 0.79999999999999993
 20 8 345 1.2 2 3 16 2400 -3.1415926535897931 1.0911686420440674 59 0 1.1040000000000001 0.79999999999999993
 21 8 462 1.6000000000000001 2 4 16 2200 -2.1415926535897931 1.0923545360565186 59 0 1.004 0.69999999999999996
 22 8 469 1.6000000000000001 2 4 20 2000 -0.14159265358979312 1.1167564392089844 59 0 0.89800000000000002 0.69999999999999996
 23 8 316 1.2 1 4 16 2000 -3.1415926535897931 1.1725678443908691 59 0 1.194 0.89999999999999991
 24 8 386 1.6000000000000001 1 3 16 2000 0.85840734641020688 1.1171813011169434 59 0 1.1060000000000001 0.79999999999999993
 25 8 359 1.2 2 3 20 2400 1.8584073464102069 1.155595064163208 59 0 1.1879999999999999 0.79999999999999993
 26 8 133 0.40000000000000002 1 4 20 2000 2.8584073464102069 1.1972959041595459 59 0 1.0649999999999999 0.69999999999999996
 27 8 529 3 2 3 16 2000 -3.1415926535897931 0.98344731330871582 59 0 1.034 1
 28 8 104 0.40000000000000002 1 3 16 2200 0.85840734641020688 1.0699248313903809 53 1 1.1000000000000001 0.79999999999999993
 29 8 221 0.80000000000000004 1 4 16 2200 -1.1415926535897931 1.1748855113983154 59 0 0.94499999999999995 0.89999999999999991
 30 8 108 0.40000000000000002 1 3 16 2400 -2.1415926535897931 1.0835802555084229 53 1 1.1839999999999999 0.79999999999999993
 31 8 468 1.6000000000000001 2 4 16 2400 -0.14159265358979312 1.1499714851379395 59 0 1.022 1
 32 8 277 0.80000000000000004 2 4 20 2000 -2.1415926535897931 1.0442094802856445 59 0 1.0209999999999999 0.89999999999999991
 33 8 113 0.40000000000000002 1 3 20 2200 2.8584073464102069 1.3480408191680908 59 0 0.80600000000000005 0.79999999999999993
 34 8 301 1.2 1 3 20 2000 0.85840734641020688 1.2421531677246094 59 0 1.016 1
 35 8 438 1.6000000000000001 2 3 16 2200 0.85840734641020688 1.1877472400665283 59 0 0.95599999999999996 0.69999999999999996
 36 8 45 0 1 4 20 2400 -2.1415926535897931 1.2695732116699219 53 1 0.99299999999999999 1
 37 8 414 1.6000000000000001 1 4 16 2200 -0.14159265358979312 1.1867456436157227 59 0 0.874 0.79999999999999993
 38 8 487 3 1 3 16 2200 -0.14159265358979312 1.1430633068084717 59 0 0.89700000000000002 0.79999999999999993
 39 8 549 3 2 3 20 2400 0.85840734641020688 1.1270742416381836 59 0 1.0609999999999999 0.69999999999999996
 40 8 85 0 2 4 20 2000 2.8584073464102069 1.0966894626617432 59 0 0.94299999999999995 0.79999999999999993
 41 8 356 1.2 2 3 20 2200 0.85840734641020688 1.1299381256103516 59 0 0.96299999999999997 0.69999999999999996
 42 8 99 0.40000000000000002 1 3 16 2000 2.8584073464102069 1.3607258796691895 59 0 1.157 0.79999999999999993
 43 8 378 1.2 2 4 20 2200 -1.1415926535897931 1.2349424362182617 59 0 1.1739999999999999 0.89999999999999991
 44 8 436 1.6000000000000001 2 3 16 2000 -3.1415926535897931 1.1299412250518799 59 0 0.96899999999999997 1
 45 8 206 0.80000000000000004 1 3 20 2000 1.8584073464102069 1.192765474319458 59 0 1.1399999999999999 1
 46 8 575 3 2 4 20 2400 -3.1415926535897931 1.0335876941680908 59 0 0.85599999999999998 0.79999999999999993
 47 8 320 1.2 1 4 16 2200 -0.14159265358979312 1.1533055305480957 59 0 0.876 0.79999999999999993
 48 8 245 0.80000000000000004 2 3 16 2200 -0.14159265358979312 1.0746877193450928 53 1 0.80800000000000005 0.79999999999999993


# name: resolution
# type: matrix
# rows: 1
# columns: 2
 1366 768


# name: hz
# type: scalar
60


# name: pc
# type: sq_string
# elements: 1
# length: 21
gregor-Latitude-E6320


# name: experiment
# type: sq_string
# elements: 1
# length: 4
RFPb


# name: isOctave
# type: bool
1




