# Created by Octave 5.2.0, Mon Apr 04 14:59:26 2022 CEST <student@gregor-Latitude-E6320>
# name: RFP
# type: scalar struct
# ndims: 2
 1 1
# length: 10
# name: vp
# type: sq_string
# elements: 1
# length: 3
V18


# name: mapping
# type: scalar
1


# name: date
# type: sq_string
# elements: 1
# length: 15
20220404T145745


# name: block
# type: scalar
11


# name: outmat
# type: matrix
# rows: 48
# columns: 14
 1 11 405 1.6000000000000001 1 3 20 2400 0.85840734641020688 0.98459839820861816 59 0 1.004 0.69999999999999996
 2 11 3 0 1 3 16 2000 -0.14159265358979312 1.0852582454681396 53 1 0.86699999999999999 1
 3 11 396 1.6000000000000001 1 3 16 2400 -0.14159265358979312 1.0412523746490479 59 0 0.82599999999999996 0.89999999999999991
 4 11 175 0.40000000000000002 2 4 16 2200 1.8584073464102069 1.4168856143951416 53 1 1 0.89999999999999991
 5 11 540 3 2 3 16 2400 -1.1415926535897931 1.2048320770263672 59 0 0.84499999999999997 0.89999999999999991
 6 11 429 1.6000000000000001 1 4 20 2400 2.8584073464102069 1.1586742401123047 59 0 0.84899999999999998 0.89999999999999991
 7 11 363 1.2 2 4 16 2000 2.8584073464102069 1.0776493549346924 53 1 0.88500000000000001 0.79999999999999993
 8 11 186 0.40000000000000002 2 4 20 2200 -1.1415926535897931 1.0958740711212158 53 1 0.96599999999999997 1
 9 11 182 0.40000000000000002 2 4 20 2000 -1.1415926535897931 1.3707854747772217 53 1 1.0760000000000001 0.79999999999999993
 10 11 183 0.40000000000000002 2 4 20 2000 -1.1415926535897931 1.2231559753417969 53 1 0.86499999999999999 0.89999999999999991
 11 11 63 0 2 3 20 2000 -1.1415926535897931 1.0952527523040771 53 1 0.91600000000000004 0.89999999999999991
 12 11 244 0.80000000000000004 2 3 16 2000 -1.1415926535897931 0.89552092552185059 53 1 0.86199999999999999 1
 13 11 114 0.40000000000000002 1 3 20 2200 -0.14159265358979312 1.0446622371673584 53 1 0.89700000000000002 0.89999999999999991
 14 11 191 0.40000000000000002 2 4 20 2400 -0.14159265358979312 1.0601317882537842 53 1 1.073 1
 15 11 502 3 1 3 20 2400 -2.1415926535897931 1.1697103977203369 59 0 0.85299999999999998 1
 16 11 171 0.40000000000000002 2 4 16 2000 1.8584073464102069 1.0692710876464844 53 1 0.92600000000000005 0.89999999999999991
 17 11 178 0.40000000000000002 2 4 16 2400 0.85840734641020688 1.0940248966217041 53 1 1.0049999999999999 0.69999999999999996
 18 11 269 0.80000000000000004 2 4 16 2200 1.8584073464102069 0.99913167953491211 53 1 0.90400000000000003 0.89999999999999991
 19 11 4 0 1 3 16 2000 -1.1415926535897931 1.054774284362793 53 1 1.0209999999999999 0.79999999999999993
 20 11 538 3 2 3 16 2400 -3.1415926535897931 1.1549561023712158 59 0 0.82699999999999996 0.69999999999999996
 21 11 508 3 1 4 16 2000 -2.1415926535897931 1.0975255966186523 59 0 0.81000000000000005 0.69999999999999996
 22 11 544 3 2 3 20 2000 0.85840734641020688 1.0867254734039307 59 0 0.81699999999999995 0.89999999999999991
 23 11 369 1.2 2 4 16 2400 0.85840734641020688 1.092616081237793 59 0 0.88500000000000001 0.79999999999999993
 24 11 334 1.2 1 4 20 2400 1.8584073464102069 1.1437864303588867 59 0 1.181 0.89999999999999991
 25 11 211 0.80000000000000004 1 3 20 2200 -1.1415926535897931 1.1424953937530518 59 0 0.81599999999999995 0.69999999999999996
 26 11 434 1.6000000000000001 2 3 16 2000 2.8584073464102069 1.0324392318725586 59 0 1.056 0.69999999999999996
 27 11 162 0.40000000000000002 2 3 20 2200 1.8584073464102069 0.98382019996643066 53 1 0.93700000000000006 0.89999999999999991
 28 11 523 3 1 4 20 2200 -0.14159265358979312 0.83458542823791504 59 0 0.84399999999999997 0.79999999999999993
 29 11 78 0 2 4 16 2200 -2.1415926535897931 1.0270283222198486 53 1 0.94999999999999996 0.69999999999999996
 30 11 166 0.40000000000000002 2 3 20 2400 -0.14159265358979312 1.1177053451538086 53 1 1.0940000000000001 0.69999999999999996
 31 11 535 3 2 3 16 2200 -3.1415926535897931 1.1437969207763672 59 0 0.81799999999999995 0.79999999999999993
 32 11 284 0.80000000000000004 2 4 20 2200 -0.14159265358979312 1.1127042770385742 59 0 0.96599999999999997 0.79999999999999993
 33 11 44 0 1 4 20 2200 0.85840734641020688 1.1431863307952881 53 1 0.872 1
 34 11 146 0.40000000000000002 2 3 16 2000 -2.1415926535897931 1.0533576011657715 53 1 0.81699999999999995 0.69999999999999996
 35 11 276 0.80000000000000004 2 4 16 2400 1.8584073464102069 0.93279671669006348 53 1 1.1599999999999999 0.89999999999999991
 36 11 503 3 1 3 20 2400 1.8584073464102069 1.1049697399139404 59 0 1.0920000000000001 0.69999999999999996
 37 11 406 1.6000000000000001 1 3 20 2400 1.8584073464102069 1.2069854736328125 59 0 1.1870000000000001 0.79999999999999993
 38 11 319 1.2 1 4 16 2200 0.85840734641020688 1.1193492412567139 59 0 1.143 0.69999999999999996
 39 11 71 0 2 3 20 2400 0.85840734641020688 1.0757553577423096 53 1 0.81599999999999995 1
 40 11 335 1.2 1 4 20 2400 -3.1415926535897931 1.1215083599090576 59 0 0.98999999999999999 0.89999999999999991
 41 11 67 0 2 3 20 2200 -2.1415926535897931 1.1091523170471191 53 1 0.82699999999999996 1
 42 11 292 1.2 1 3 16 2000 -0.14159265358979312 1.0830678939819336 59 0 1.1879999999999999 0.79999999999999993
 43 11 470 1.6000000000000001 2 4 20 2000 1.8584073464102069 1.0579781532287598 59 0 0.82499999999999996 0.79999999999999993
 44 11 30 0 1 4 16 2200 -0.14159265358979312 1.0805501937866211 53 1 0.97799999999999998 0.89999999999999991
 45 11 127 0.40000000000000002 1 4 16 2200 -3.1415926535897931 1.2268743515014648 53 1 1.177 1
 46 11 372 1.2 2 4 16 2400 1.8584073464102069 1.1688580513000488 59 0 1.175 0.69999999999999996
 47 11 546 3 2 3 20 2200 1.8584073464102069 1.1113433837890625 59 0 1.1279999999999999 0.79999999999999993
 48 11 458 1.6000000000000001 2 4 16 2000 2.8584073464102069 1.0944335460662842 59 0 0.82599999999999996 0.89999999999999991


# name: resolution
# type: matrix
# rows: 1
# columns: 2
 1366 768


# name: hz
# type: scalar
60


# name: pc
# type: sq_string
# elements: 1
# length: 21
gregor-Latitude-E6320


# name: experiment
# type: sq_string
# elements: 1
# length: 4
RFPb


# name: isOctave
# type: bool
1




