# Created by Octave 5.2.0, Mon Apr 04 14:43:30 2022 CEST <student@gregor-Latitude-E6320>
# name: RFP
# type: scalar struct
# ndims: 2
 1 1
# length: 10
# name: vp
# type: sq_string
# elements: 1
# length: 3
V18


# name: mapping
# type: scalar
1


# name: date
# type: sq_string
# elements: 1
# length: 15
20220404T144148


# name: block
# type: scalar
2


# name: outmat
# type: matrix
# rows: 48
# columns: 14
 1 2 494 3 1 3 20 2000 1.8584073464102069 1.0671684741973877 59 0 1.149 0.69999999999999996
 2 2 440 1.6000000000000001 2 3 16 2200 -1.1415926535897931 1.0957255363464355 59 0 1.169 1
 3 2 96 0 2 4 20 2400 1.8584073464102069 1.1337840557098389 53 1 0.92300000000000004 0.89999999999999991
 4 2 151 0.40000000000000002 2 3 16 2200 2.8584073464102069 1.1635701656341553 53 1 0.90700000000000003 1
 5 2 416 1.6000000000000001 1 4 16 2200 2.8584073464102069 1.3914942741394043 53 1 1.1299999999999999 0.89999999999999991
 6 2 493 3 1 3 20 2000 2.8584073464102069 1.2194292545318604 59 0 1.1459999999999999 0.69999999999999996
 7 2 21 0 1 3 20 2400 -2.1415926535897931 1.1675286293029785 53 1 0.89100000000000001 0.79999999999999993
 8 2 435 1.6000000000000001 2 3 16 2000 2.8584073464102069 1.0188229084014893 59 0 0.98999999999999999 0.89999999999999991
 9 2 75 0 2 4 16 2000 1.8584073464102069 1.0504381656646729 53 1 0.94699999999999995 0.79999999999999993
 10 2 454 1.6000000000000001 2 3 20 2400 2.8584073464102069 1.1350963115692139 59 0 0.873 0.69999999999999996
 11 2 498 3 1 3 20 2200 2.8584073464102069 1.1552436351776123 59 0 1.109 0.79999999999999993
 12 2 238 0.80000000000000004 1 4 20 2400 1.8584073464102069 1.1533172130584717 59 0 0.90300000000000002 0.69999999999999996
 13 2 216 0.80000000000000004 1 3 20 2400 0.85840734641020688 1.0704042911529541 59 0 1.0009999999999999 0.69999999999999996
 14 2 492 3 1 3 16 2400 -2.1415926535897931 1.180201530456543 59 0 1.079 0.69999999999999996
 15 2 399 1.6000000000000001 1 3 20 2000 -3.1415926535897931 1.0583171844482422 59 0 0.90500000000000003 0.79999999999999993
 16 2 482 3 1 3 16 2000 -0.14159265358979312 0.9697573184967041 59 0 0.95999999999999996 0.89999999999999991
 17 2 185 0.40000000000000002 2 4 20 2200 1.8584073464102069 1.1027712821960449 53 1 1.008 0.79999999999999993
 18 2 338 1.2 2 3 16 2000 0.85840734641020688 1.0525143146514893 53 1 0.97099999999999997 0.89999999999999991
 19 2 340 1.2 2 3 16 2000 -2.1415926535897931 1.055635929107666 59 0 0.86599999999999999 0.79999999999999993
 20 2 58 0 2 3 16 2400 -0.14159265358979312 1.0068655014038086 53 1 1.194 1
 21 2 421 1.6000000000000001 1 4 20 2000 2.8584073464102069 1.2000782489776611 59 0 1.0129999999999999 0.79999999999999993
 22 2 464 1.6000000000000001 2 4 16 2200 -0.14159265358979312 1.2776052951812744 53 1 1.026 1
 23 2 253 0.80000000000000004 2 3 20 2000 2.8584073464102069 1.08380126953125 59 0 0.83799999999999997 0.89999999999999991
 24 2 350 1.2 2 3 20 2000 -1.1415926535897931 1.0845074653625488 59 0 0.95099999999999996 1
 25 2 574 3 2 4 20 2400 -0.14159265358979312 1.1171181201934814 59 0 0.91700000000000004 0.69999999999999996
 26 2 513 3 1 4 16 2400 2.8584073464102069 1.1595382690429688 59 0 0.96099999999999997 0.89999999999999991
 27 2 192 0.40000000000000002 2 4 20 2400 0.85840734641020688 1.0694432258605957 53 1 1.1539999999999999 0.69999999999999996
 28 2 368 1.2 2 4 16 2200 1.8584073464102069 1.0808520317077637 59 0 0.89900000000000002 0.69999999999999996
 29 2 88 0 2 4 20 2000 -1.1415926535897931 1.1138544082641602 53 1 0.98199999999999998 0.89999999999999991
 30 2 351 1.2 2 3 20 2000 -2.1415926535897931 1.0711691379547119 59 0 0.94999999999999996 0.69999999999999996
 31 2 355 1.2 2 3 20 2200 0.85840734641020688 1.1205244064331055 59 0 0.80700000000000005 0.79999999999999993
 32 2 534 3 2 3 16 2200 -3.1415926535897931 1.1331183910369873 59 0 0.94199999999999995 1
 33 2 409 1.6000000000000001 1 4 16 2000 -1.1415926535897931 1.0565121173858643 59 0 1.111 1
 34 2 504 3 1 3 20 2400 -2.1415926535897931 1.0551364421844482 59 0 0.81699999999999995 1
 35 2 61 0 2 3 20 2000 1.8584073464102069 0.81828117370605469 53 1 1.161 0.69999999999999996
 36 2 51 0 2 3 16 2000 1.8584073464102069 1.1199007034301758 53 1 0.98899999999999999 0.89999999999999991
 37 2 130 0.40000000000000002 1 4 16 2400 1.8584073464102069 1.0484533309936523 53 1 1.1299999999999999 0.69999999999999996
 38 2 148 0.40000000000000002 2 3 16 2000 -2.1415926535897931 1.0799598693847656 53 1 1.137 1
 39 2 219 0.80000000000000004 1 4 16 2000 -0.14159265358979312 1.0878784656524658 53 1 0.83899999999999997 0.79999999999999993
 40 2 169 0.40000000000000002 2 4 16 2000 0.85840734641020688 1.0619027614593506 53 1 0.88700000000000001 1
 41 2 443 1.6000000000000001 2 3 16 2400 0.85840734641020688 1.108412504196167 59 0 0.82099999999999995 0.89999999999999991
 42 2 177 0.40000000000000002 2 4 16 2400 -1.1415926535897931 1.0031449794769287 53 1 0.876 0.89999999999999991
 43 2 91 0 2 4 20 2200 -2.1415926535897931 1.1666224002838135 53 1 0.83999999999999997 0.89999999999999991
 44 2 550 3 2 3 20 2400 -1.1415926535897931 1.0459496974945068 59 0 1.0820000000000001 0.89999999999999991
 45 2 342 1.2 2 3 16 2200 -1.1415926535897931 1.1169919967651367 59 0 1.1950000000000001 1
 46 2 33 0 1 4 16 2400 2.8584073464102069 1.0246000289916992 53 1 1.0660000000000001 1
 47 2 230 0.80000000000000004 1 4 20 2000 -3.1415926535897931 1.0495953559875488 53 1 1.0189999999999999 0.69999999999999996
 48 2 380 1.2 2 4 20 2200 1.8584073464102069 0.96034765243530273 59 0 0.96599999999999997 0.89999999999999991


# name: resolution
# type: matrix
# rows: 1
# columns: 2
 1366 768


# name: hz
# type: scalar
60


# name: pc
# type: sq_string
# elements: 1
# length: 21
gregor-Latitude-E6320


# name: experiment
# type: sq_string
# elements: 1
# length: 4
RFPb


# name: isOctave
# type: bool
1




