# Created by Octave 5.2.0, Mon Apr 04 14:48:45 2022 CEST <student@gregor-Latitude-E6320>
# name: RFP
# type: scalar struct
# ndims: 2
 1 1
# length: 10
# name: vp
# type: sq_string
# elements: 1
# length: 3
V18


# name: mapping
# type: scalar
1


# name: date
# type: sq_string
# elements: 1
# length: 15
20220404T144701


# name: block
# type: scalar
5


# name: outmat
# type: matrix
# rows: 48
# columns: 14
 1 5 401 1.6000000000000001 1 3 20 2200 -0.14159265358979312 1.0322914123535156 59 0 1.0449999999999999 0.69999999999999996
 2 5 109 0.40000000000000002 1 3 20 2000 -1.1415926535897931 1.0724821090698242 53 1 1.155 0.79999999999999993
 3 5 300 1.2 1 3 16 2400 1.8584073464102069 1.101656436920166 59 0 0.89600000000000002 0.79999999999999993
 4 5 384 1.2 2 4 20 2400 -2.1415926535897931 0.97788405418395996 59 0 0.94699999999999995 0.79999999999999993
 5 5 213 0.80000000000000004 1 3 20 2400 -2.1415926535897931 0.85267257690429688 59 0 1.0640000000000001 0.69999999999999996
 6 5 441 1.6000000000000001 2 3 16 2400 -1.1415926535897931 0.9012763500213623 59 0 1.2 0.89999999999999991
 7 5 446 1.6000000000000001 2 3 20 2000 2.8584073464102069 1.1315207481384277 59 0 1.1719999999999999 0.89999999999999991
 8 5 317 1.2 1 4 16 2200 0.85840734641020688 1.0642178058624268 59 0 1.071 0.69999999999999996
 9 5 521 3 1 4 20 2200 2.8584073464102069 0.95750951766967773 59 0 0.92900000000000005 0.79999999999999993
 10 5 576 3 2 4 20 2400 -1.1415926535897931 0.96790528297424316 59 0 0.877 1
 11 5 571 3 2 4 20 2200 1.8584073464102069 1.073129415512085 59 0 0.89600000000000002 0.69999999999999996
 12 5 505 3 1 4 16 2000 -0.14159265358979312 0.99280047416687012 59 0 1.194 0.79999999999999993
 13 5 433 1.6000000000000001 2 3 16 2000 -2.1415926535897931 0.88370585441589355 59 0 1.024 1
 14 5 154 0.40000000000000002 2 3 16 2400 0.85840734641020688 0.99144864082336426 53 1 1.016 0.69999999999999996
 15 5 346 1.2 2 3 16 2400 -1.1415926535897931 0.84094071388244629 59 0 1.0780000000000001 0.89999999999999991
 16 5 116 0.40000000000000002 1 3 20 2200 -1.1415926535897931 0.86949610710144043 59 0 1.1419999999999999 0.89999999999999991
 17 5 371 1.2 2 4 16 2400 2.8584073464102069 0.95662736892700195 59 0 1.0980000000000001 0.89999999999999991
 18 5 522 3 1 4 20 2200 1.8584073464102069 2.5150182247161865 59 0 1.1890000000000001 0.79999999999999993
 19 5 530 3 2 3 16 2000 -2.1415926535897931 1.2505791187286377 59 0 1.0549999999999999 1
 20 5 197 0.80000000000000004 1 3 16 2200 -2.1415926535897931 1.4319238662719727 53 1 1.016 1
 21 5 80 0 2 4 16 2200 -2.1415926535897931 1.1546964645385742 53 1 1.01 0.69999999999999996
 22 5 50 0 2 3 16 2000 -0.14159265358979312 0.99279046058654785 53 1 1.048 0.69999999999999996
 23 5 352 1.2 2 3 20 2000 2.8584073464102069 1.2556779384613037 59 0 0.86599999999999999 1
 24 5 26 0 1 4 16 2000 0.85840734641020688 1.1823914051055908 53 1 1.1579999999999999 0.89999999999999991
 25 5 501 3 1 3 20 2400 -1.1415926535897931 1.1444861888885498 59 0 0.84099999999999997 0.89999999999999991
 26 5 165 0.40000000000000002 2 3 20 2400 -1.1415926535897931 1.0979506969451904 53 1 1.0820000000000001 0.79999999999999993
 27 5 375 1.2 2 4 20 2000 -1.1415926535897931 1.1461212635040283 53 1 0.93700000000000006 0.79999999999999993
 28 5 459 1.6000000000000001 2 4 16 2000 -2.1415926535897931 1.0774250030517578 59 0 0.98999999999999999 0.89999999999999991
 29 5 381 1.2 2 4 20 2400 0.85840734641020688 1.0947098731994629 53 1 1.087 0.89999999999999991
 30 5 563 3 2 4 16 2400 -0.14159265358979312 1.0944180488586426 59 0 0.92100000000000004 0.69999999999999996
 31 5 7 0 1 3 16 2200 1.8584073464102069 1.1714715957641602 53 1 1.1619999999999999 0.69999999999999996
 32 5 82 0 2 4 16 2400 2.8584073464102069 1.1895248889923096 53 1 1.071 0.79999999999999993
 33 5 273 0.80000000000000004 2 4 16 2400 -1.1415926535897931 1.1456725597381592 53 1 1.139 0.79999999999999993
 34 5 293 1.2 1 3 16 2200 -3.1415926535897931 1.1148331165313721 59 0 0.90800000000000003 0.79999999999999993
 35 5 205 0.80000000000000004 1 3 20 2000 -3.1415926535897931 1.1028835773468018 53 1 0.89900000000000002 0.89999999999999991
 36 5 485 3 1 3 16 2200 -1.1415926535897931 1.1275475025177002 59 0 1.0609999999999999 1
 37 5 124 0.40000000000000002 1 4 16 2000 -0.14159265358979312 1.1669869422912598 53 1 0.90400000000000003 0.79999999999999993
 38 5 442 1.6000000000000001 2 3 16 2400 0.85840734641020688 1.0556886196136475 53 1 1.1519999999999999 0.89999999999999991
 39 5 55 0 2 3 16 2200 2.8584073464102069 1.0232832431793213 53 1 0.92300000000000004 0.79999999999999993
 40 5 19 0 1 3 20 2200 -1.1415926535897931 1.0173048973083496 53 1 0.85099999999999998 0.69999999999999996
 41 5 248 0.80000000000000004 2 3 16 2200 2.8584073464102069 1.065946102142334 53 1 1.117 0.79999999999999993
 42 5 424 1.6000000000000001 1 4 20 2000 2.8584073464102069 1.0172755718231201 59 0 1.0089999999999999 1
 43 5 282 0.80000000000000004 2 4 20 2200 -1.1415926535897931 1.0365307331085205 59 0 0.93700000000000006 0.69999999999999996
 44 5 331 1.2 1 4 20 2200 -2.1415926535897931 1.0081908702850342 59 0 0.85699999999999998 0.79999999999999993
 45 5 93 0 2 4 20 2400 -1.1415926535897931 1.047093391418457 53 1 1.129 0.79999999999999993
 46 5 460 1.6000000000000001 2 4 16 2000 -0.14159265358979312 1.0566885471343994 53 1 0.92800000000000005 0.69999999999999996
 47 5 239 0.80000000000000004 1 4 20 2400 -1.1415926535897931 1.0680902004241943 53 1 0.88300000000000001 0.69999999999999996
 48 5 14 0 1 3 20 2000 0.85840734641020688 1.221752405166626 59 0 0.90100000000000002 0.69999999999999996


# name: resolution
# type: matrix
# rows: 1
# columns: 2
 1366 768


# name: hz
# type: scalar
60


# name: pc
# type: sq_string
# elements: 1
# length: 21
gregor-Latitude-E6320


# name: experiment
# type: sq_string
# elements: 1
# length: 4
RFPb


# name: isOctave
# type: bool
1




