# Created by Octave 5.2.0, Mon Apr 04 14:57:43 2022 CEST <student@gregor-Latitude-E6320>
# name: RFP
# type: scalar struct
# ndims: 2
 1 1
# length: 10
# name: vp
# type: sq_string
# elements: 1
# length: 3
V18


# name: mapping
# type: scalar
1


# name: date
# type: sq_string
# elements: 1
# length: 15
20220404T145559


# name: block
# type: scalar
10


# name: outmat
# type: matrix
# rows: 48
# columns: 14
 1 10 202 0.80000000000000004 1 3 16 2400 -0.14159265358979312 1.4209747314453125 53 1 0.999 0.69999999999999996
 2 10 267 0.80000000000000004 2 4 16 2000 1.8584073464102069 1.246434211730957 53 1 1.036 1
 3 10 247 0.80000000000000004 2 3 16 2200 2.8584073464102069 1.2544233798980713 59 0 1.099 0.69999999999999996
 4 10 156 0.40000000000000002 2 3 16 2400 -3.1415926535897931 1.4731161594390869 59 0 1.1539999999999999 0.69999999999999996
 5 10 203 0.80000000000000004 1 3 16 2400 -0.14159265358979312 1.2316679954528809 53 1 1.0229999999999999 0.89999999999999991
 6 10 64 0 2 3 20 2000 2.8584073464102069 1.1235494613647461 53 1 0.90900000000000003 0.69999999999999996
 7 10 6 0 1 3 16 2200 -3.1415926535897931 1.4111204147338867 53 1 0.97999999999999998 1
 8 10 562 3 2 4 16 2400 -2.1415926535897931 1.234614372253418 59 0 0.82599999999999996 0.79999999999999993
 9 10 531 3 2 3 16 2000 -1.1415926535897931 1.2998547554016113 59 0 0.95299999999999996 0.69999999999999996
 10 10 511 3 1 4 16 2200 2.8584073464102069 1.3017985820770264 59 0 1.012 1
 11 10 69 0 2 3 20 2400 -1.1415926535897931 1.2172837257385254 53 1 0.88100000000000001 1
 12 10 510 3 1 4 16 2200 -2.1415926535897931 1.220740795135498 59 0 1.069 0.69999999999999996
 13 10 304 1.2 1 3 20 2000 -3.1415926535897931 1.2321774959564209 59 0 1.103 0.89999999999999991
 14 10 235 0.80000000000000004 1 4 20 2200 -0.14159265358979312 1.2202656269073486 59 0 0.83199999999999996 0.89999999999999991
 15 10 430 1.6000000000000001 1 4 20 2400 0.85840734641020688 1.1561605930328369 59 0 1.111 0.79999999999999993
 16 10 173 0.40000000000000002 2 4 16 2200 -1.1415926535897931 1.0525193214416504 53 1 1 0.89999999999999991
 17 10 66 0 2 3 20 2200 -2.1415926535897931 1.0551838874816895 53 1 0.98799999999999999 0.89999999999999991
 18 10 100 0.40000000000000002 1 3 16 2000 -3.1415926535897931 1.0689823627471924 53 1 0.92700000000000005 0.79999999999999993
 19 10 450 1.6000000000000001 2 3 20 2200 2.8584073464102069 1.0537123680114746 59 0 1.077 0.79999999999999993
 20 10 417 1.6000000000000001 1 4 16 2400 1.8584073464102069 1.2517142295837402 59 0 0.83799999999999997 0.69999999999999996
 21 10 339 1.2 2 3 16 2000 -2.1415926535897931 1.1466033458709717 59 0 1.0600000000000001 0.79999999999999993
 22 10 307 1.2 1 3 20 2200 -3.1415926535897931 1.1329381465911865 59 0 1.1279999999999999 0.69999999999999996
 23 10 198 0.80000000000000004 1 3 16 2200 0.85840734641020688 1.188037633895874 59 0 1.0109999999999999 1
 24 10 536 3 2 3 16 2200 -0.14159265358979312 1.0520660877227783 59 0 0.93000000000000005 0.69999999999999996
 25 10 497 3 1 3 20 2200 -2.1415926535897931 1.0829086303710938 59 0 1.149 0.89999999999999991
 26 10 393 1.6000000000000001 1 3 16 2400 -1.1415926535897931 1.1316304206848145 59 0 0.80400000000000005 0.89999999999999991
 27 10 23 0 1 3 20 2400 0.85840734641020688 1.0050954818725586 53 1 1.022 0.79999999999999993
 28 10 268 0.80000000000000004 2 4 16 2000 2.8584073464102069 1.0655794143676758 53 1 1.1879999999999999 1
 29 10 559 3 2 4 16 2200 -2.1415926535897931 1.1373002529144287 59 0 0.90800000000000003 1
 30 10 38 0 1 4 20 2000 0.85840734641020688 1.0720584392547607 53 1 1.1830000000000001 1
 31 10 420 1.6000000000000001 1 4 16 2400 1.8584073464102069 1.1337821483612061 59 0 1.052 0.79999999999999993
 32 10 103 0.40000000000000002 1 3 16 2200 -3.1415926535897931 1.1631433963775635 53 1 0.81399999999999995 0.79999999999999993
 33 10 89 0 2 4 20 2200 -2.1415926535897931 1.0361435413360596 53 1 1.0369999999999999 1
 34 10 297 1.2 1 3 16 2400 -2.1415926535897931 1.1753737926483154 59 0 1.002 0.69999999999999996
 35 10 398 1.6000000000000001 1 3 20 2000 -2.1415926535897931 0.9867551326751709 59 0 0.98999999999999999 0.89999999999999991
 36 10 467 1.6000000000000001 2 4 16 2400 -2.1415926535897931 1.0673542022705078 59 0 0.95299999999999996 0.69999999999999996
 37 10 298 1.2 1 3 16 2400 -2.1415926535897931 0.96621942520141602 59 0 0.94899999999999995 0.69999999999999996
 38 10 415 1.6000000000000001 1 4 16 2200 0.85840734641020688 1.0046844482421875 59 0 0.98599999999999999 0.69999999999999996
 39 10 280 0.80000000000000004 2 4 20 2000 0.85840734641020688 0.99944162368774414 53 1 0.83399999999999996 1
 40 10 489 3 1 3 16 2400 -1.1415926535897931 0.86375951766967773 59 0 1.2 0.79999999999999993
 41 10 167 0.40000000000000002 2 3 20 2400 -3.1415926535897931 1.11850905418396 59 0 0.82999999999999996 0.69999999999999996
 42 10 344 1.2 2 3 16 2200 0.85840734641020688 1.1333596706390381 59 0 1.0429999999999999 0.89999999999999991
 43 10 262 0.80000000000000004 2 3 20 2400 -2.1415926535897931 1.053668737411499 59 0 1.131 1
 44 10 389 1.6000000000000001 1 3 16 2200 1.8584073464102069 0.93461036682128906 59 0 1.046 0.79999999999999993
 45 10 388 1.6000000000000001 1 3 16 2000 -1.1415926535897931 1.2231571674346924 59 0 0.96299999999999997 0.69999999999999996
 46 10 560 3 2 4 16 2200 -1.1415926535897931 1.1842010021209717 59 0 0.82799999999999996 0.89999999999999991
 47 10 332 1.2 1 4 20 2200 -3.1415926535897931 1.1609601974487305 59 0 0.88100000000000001 0.89999999999999991
 48 10 8 0 1 3 16 2200 -1.1415926535897931 0.8384556770324707 53 1 1.1719999999999999 0.79999999999999993


# name: resolution
# type: matrix
# rows: 1
# columns: 2
 1366 768


# name: hz
# type: scalar
60


# name: pc
# type: sq_string
# elements: 1
# length: 21
gregor-Latitude-E6320


# name: experiment
# type: sq_string
# elements: 1
# length: 4
RFPb


# name: isOctave
# type: bool
1




