# Created by Octave 5.2.0, Mon Apr 04 14:52:18 2022 CEST <student@gregor-Latitude-E6320>
# name: RFP
# type: scalar struct
# ndims: 2
 1 1
# length: 10
# name: vp
# type: sq_string
# elements: 1
# length: 3
V18


# name: mapping
# type: scalar
1


# name: date
# type: sq_string
# elements: 1
# length: 15
20220404T145035


# name: block
# type: scalar
7


# name: outmat
# type: matrix
# rows: 48
# columns: 14
 1 7 115 0.40000000000000002 1 3 20 2200 0.85840734641020688 1.2427089214324951 53 1 1.044 1
 2 7 40 0 1 4 20 2000 -2.1415926535897931 1.0829079151153564 53 1 0.95199999999999996 1
 3 7 81 0 2 4 16 2400 1.8584073464102069 1.0639240741729736 53 1 1.1120000000000001 0.89999999999999991
 4 7 570 3 2 4 20 2200 0.85840734641020688 1.0632808208465576 59 0 0.88 0.79999999999999993
 5 7 527 3 1 4 20 2400 1.8584073464102069 1.1079888343811035 59 0 1.0609999999999999 0.89999999999999991
 6 7 76 0 2 4 16 2000 2.8584073464102069 1.0659258365631104 53 1 0.81599999999999995 1
 7 7 218 0.80000000000000004 1 4 16 2000 -1.1415926535897931 1.0370948314666748 53 1 1.095 0.79999999999999993
 8 7 518 3 1 4 20 2000 -1.1415926535897931 1.0170602798461914 59 0 1.0449999999999999 1
 9 7 428 1.6000000000000001 1 4 20 2200 -0.14159265358979312 1.13279128074646 59 0 1.1639999999999999 0.89999999999999991
 10 7 106 0.40000000000000002 1 3 16 2400 -1.1415926535897931 1.094548225402832 53 1 1.089 0.69999999999999996
 11 7 212 0.80000000000000004 1 3 20 2200 2.8584073464102069 1.1929559707641602 59 0 1.1639999999999999 0.79999999999999993
 12 7 214 0.80000000000000004 1 3 20 2400 -2.1415926535897931 1.0687205791473389 59 0 0.81699999999999995 0.69999999999999996
 13 7 222 0.80000000000000004 1 4 16 2200 -0.14159265358979312 1.0806200504302979 53 1 1.04 0.69999999999999996
 14 7 180 0.40000000000000002 2 4 16 2400 -3.1415926535897931 1.0675327777862549 53 1 0.97499999999999998 1
 15 7 515 3 1 4 16 2400 0.85840734641020688 1.0417575836181641 59 0 0.996 1
 16 7 123 0.40000000000000002 1 4 16 2000 2.8584073464102069 1.0919466018676758 53 1 0.97599999999999998 1
 17 7 152 0.40000000000000002 2 3 16 2200 -2.1415926535897931 1.1794652938842773 53 1 0.95499999999999996 0.89999999999999991
 18 7 252 0.80000000000000004 2 3 16 2400 -3.1415926535897931 1.2672305107116699 59 0 1.0980000000000001 0.69999999999999996
 19 7 150 0.40000000000000002 2 3 16 2200 2.8584073464102069 1.0633180141448975 53 1 0.80500000000000005 1
 20 7 473 1.6000000000000001 2 4 20 2200 -1.1415926535897931 1.0225987434387207 59 0 1.1619999999999999 0.79999999999999993
 21 7 188 0.40000000000000002 2 4 20 2200 2.8584073464102069 0.99228119850158691 53 1 0.96699999999999997 0.89999999999999991
 22 7 160 0.40000000000000002 2 3 20 2000 2.8584073464102069 1.0697317123413086 59 0 0.94599999999999995 0.79999999999999993
 23 7 60 0 2 3 16 2400 -1.1415926535897931 1.067415714263916 53 1 1.0609999999999999 1
 24 7 22 0 1 3 20 2400 2.8584073464102069 1.3937926292419434 53 1 1.0860000000000001 1
 25 7 444 1.6000000000000001 2 3 16 2400 -0.14159265358979312 1.1134903430938721 59 0 1.069 1
 26 7 201 0.80000000000000004 1 3 16 2400 -0.14159265358979312 1.1028132438659668 59 0 0.91200000000000003 1
 27 7 525 3 1 4 20 2400 2.8584073464102069 1.3081073760986328 59 0 0.93700000000000006 0.69999999999999996
 28 7 557 3 2 4 16 2200 -1.1415926535897931 1.1220364570617676 59 0 1.081 0.79999999999999993
 29 7 548 3 2 3 20 2200 0.85840734641020688 1.0254559516906738 59 0 0.92400000000000004 0.79999999999999993
 30 7 190 0.40000000000000002 2 4 20 2400 -2.1415926535897931 1.0006091594696045 53 1 1.0700000000000001 0.79999999999999993
 31 7 210 0.80000000000000004 1 3 20 2200 -0.14159265358979312 1.2154483795166016 59 0 0.99399999999999999 1
 32 7 220 0.80000000000000004 1 4 16 2000 1.8584073464102069 0.98358702659606934 59 0 0.95999999999999996 0.69999999999999996
 33 7 120 0.40000000000000002 1 3 20 2400 -1.1415926535897931 1.1962754726409912 53 1 0.90300000000000002 0.79999999999999993
 34 7 56 0 2 3 16 2200 -2.1415926535897931 1.0413675308227539 53 1 0.80000000000000004 0.69999999999999996
 35 7 90 0 2 4 20 2200 -3.1415926535897931 1.0076193809509277 53 1 0.95399999999999996 0.69999999999999996
 36 7 256 0.80000000000000004 2 3 20 2000 -3.1415926535897931 1.0255343914031982 59 0 0.81399999999999995 1
 37 7 437 1.6000000000000001 2 3 16 2200 -0.14159265358979312 1.0511622428894043 59 0 0.83399999999999996 0.79999999999999993
 38 7 250 0.80000000000000004 2 3 16 2400 1.8584073464102069 1.0730166435241699 59 0 0.93100000000000005 1
 39 7 573 3 2 4 20 2400 2.8584073464102069 1.0774285793304443 59 0 1.1299999999999999 0.69999999999999996
 40 7 382 1.2 2 4 20 2400 -2.1415926535897931 1.0944108963012695 59 0 1.196 0.79999999999999993
 41 7 322 1.2 1 4 16 2400 -2.1415926535897931 1.104341983795166 59 0 1.1879999999999999 0.89999999999999991
 42 7 362 1.2 2 4 16 2000 0.85840734641020688 0.97699308395385742 59 0 1.1879999999999999 1
 43 7 228 0.80000000000000004 1 4 16 2400 -1.1415926535897931 1.2117586135864258 59 0 0.93500000000000005 0.89999999999999991
 44 7 70 0 2 3 20 2400 1.8584073464102069 0.93638396263122559 53 1 0.97699999999999998 1
 45 7 296 1.2 1 3 16 2200 -3.1415926535897931 1.7164342403411865 59 0 0.999 0.89999999999999991
 46 7 153 0.40000000000000002 2 3 16 2400 -1.1415926535897931 1.4008762836456299 53 1 1.129 0.89999999999999991
 47 7 543 3 2 3 20 2000 1.8584073464102069 1.3672621250152588 59 0 1.095 0.69999999999999996
 48 7 397 1.6000000000000001 1 3 20 2000 -1.1415926535897931 1.222245454788208 59 0 0.84299999999999997 0.89999999999999991


# name: resolution
# type: matrix
# rows: 1
# columns: 2
 1366 768


# name: hz
# type: scalar
60


# name: pc
# type: sq_string
# elements: 1
# length: 21
gregor-Latitude-E6320


# name: experiment
# type: sq_string
# elements: 1
# length: 4
RFPb


# name: isOctave
# type: bool
1




