# Created by Octave 5.2.0, Tue Apr 05 14:16:57 2022 CEST <student@gregor-Latitude-E6320>
# name: RFP
# type: scalar struct
# ndims: 2
 1 1
# length: 10
# name: vp
# type: sq_string
# elements: 1
# length: 3
V19


# name: mapping
# type: scalar
1


# name: date
# type: sq_string
# elements: 1
# length: 15
20220405T141437


# name: block
# type: scalar
3


# name: outmat
# type: matrix
# rows: 48
# columns: 14
 1 3 243 0.80000000000000004 2 3 16 2000 2.8584073464102069 1.1258528232574463 53 1 1.145 0.79999999999999993
 2 3 80 0 2 4 16 2200 -1.1415926535897931 3.5452423095703125 53 1 1.0800000000000001 0.89999999999999991
 3 3 448 1.6000000000000001 2 3 20 2000 -2.1415926535897931 1.2958223819732666 59 0 1.1930000000000001 0.89999999999999991
 4 3 87 0 2 4 20 2000 -2.1415926535897931 4.0180904865264893 53 1 1.1579999999999999 0.69999999999999996
 5 3 205 0.80000000000000004 1 3 20 2000 -0.14159265358979312 1.5392301082611084 59 0 0.95199999999999996 0.89999999999999991
 6 3 142 0.40000000000000002 1 4 20 2400 1.8584073464102069 0.91186428070068359 53 1 0.82099999999999995 1
 7 3 302 1.2 1 3 20 2000 0.85840734641020688 0.8609168529510498 59 0 1.123 1
 8 3 233 0.80000000000000004 1 4 20 2200 -2.1415926535897931 1.0693674087524414 59 0 1.179 0.89999999999999991
 9 3 159 0.40000000000000002 2 3 20 2000 -3.1415926535897931 1.0314464569091797 53 1 1.0740000000000001 0.89999999999999991
 10 3 24 0 1 3 20 2400 -1.1415926535897931 4.4272835254669189 53 1 1.1220000000000001 0.79999999999999993
 11 3 285 0.80000000000000004 2 4 20 2400 0.85840734641020688 1.0833344459533691 59 0 0.875 0.79999999999999993
 12 3 411 1.6000000000000001 1 4 16 2000 1.8584073464102069 3.9937944412231445 59 0 0.87 1
 13 3 284 0.80000000000000004 2 4 20 2200 -3.1415926535897931 1.1826741695404053 59 0 0.998 1
 14 3 426 1.6000000000000001 1 4 20 2200 -2.1415926535897931 3.4878616333007812 59 0 0.92500000000000004 0.79999999999999993
 15 3 360 1.2 2 3 20 2400 -0.14159265358979312 1.3662972450256348 59 0 0.88600000000000001 0.69999999999999996
 16 3 13 0 1 3 20 2000 2.8584073464102069 0.89960503578186035 53 1 1.087 0.89999999999999991
 17 3 58 0 2 3 16 2400 0.85840734641020688 0.81912422180175781 53 1 0.96999999999999997 0.79999999999999993
 18 3 320 1.2 1 4 16 2200 1.8584073464102069 3.5453789234161377 53 1 1.1000000000000001 1
 19 3 226 0.80000000000000004 1 4 16 2400 -3.1415926535897931 1.2597601413726807 53 1 0.94099999999999995 0.89999999999999991
 20 3 132 0.40000000000000002 1 4 16 2400 -0.14159265358979312 0.9830467700958252 53 1 0.95999999999999996 0.89999999999999991
 21 3 238 0.80000000000000004 1 4 20 2400 -1.1415926535897931 4.2213828563690186 53 1 1.1120000000000001 1
 22 3 310 1.2 1 3 20 2400 -2.1415926535897931 1.0646054744720459 59 0 1.153 1
 23 3 179 0.40000000000000002 2 4 16 2400 -2.1415926535897931 0.96080970764160156 53 1 0.86099999999999999 0.79999999999999993
 24 3 219 0.80000000000000004 1 4 16 2000 -0.14159265358979312 1.1363599300384521 59 0 1.046 0.89999999999999991
 25 3 258 0.80000000000000004 2 3 20 2200 0.85840734641020688 2.8230113983154297 59 0 0.85699999999999998 1
 26 3 82 0 2 4 16 2400 -1.1415926535897931 1.0347087383270264 53 1 0.81499999999999995 0.69999999999999996
 27 3 21 0 1 3 20 2400 0.85840734641020688 3.2640838623046875 53 1 1.165 0.89999999999999991
 28 3 130 0.40000000000000002 1 4 16 2400 -1.1415926535897931 1.2658967971801758 53 1 1.1499999999999999 0.79999999999999993
 29 3 484 3 1 3 16 2000 -2.1415926535897931 0.89268136024475098 59 0 1.0189999999999999 0.79999999999999993
 30 3 454 1.6000000000000001 2 3 20 2400 -0.14159265358979312 3.2753846645355225 59 0 0.95899999999999996 1
 31 3 328 1.2 1 4 20 2000 -1.1415926535897931 0.90767860412597656 59 0 1.0329999999999999 0.69999999999999996
 32 3 461 1.6000000000000001 2 4 16 2200 -0.14159265358979312 0.8405296802520752 59 0 0.95199999999999996 0.79999999999999993
 33 3 297 1.2 1 3 16 2400 -0.14159265358979312 0.96333503723144531 59 0 0.98099999999999998 0.79999999999999993
 34 3 212 0.80000000000000004 1 3 20 2200 0.85840734641020688 3.6120507717132568 59 0 0.90400000000000003 0.69999999999999996
 35 3 118 0.40000000000000002 1 3 20 2400 -3.1415926535897931 1.0012927055358887 53 1 0.94699999999999995 1
 36 3 357 1.2 2 3 20 2400 -1.1415926535897931 0.86432933807373047 59 0 1.157 0.89999999999999991
 37 3 18 0 1 3 20 2200 -3.1415926535897931 4.295642614364624 53 1 0.97099999999999997 1
 38 3 71 0 2 3 20 2400 -0.14159265358979312 1.0957190990447998 53 1 1.1559999999999999 1
 39 3 335 1.2 1 4 20 2400 -0.14159265358979312 1.088463306427002 59 0 1.1970000000000001 0.69999999999999996
 40 3 457 1.6000000000000001 2 4 16 2000 -2.1415926535897931 1.0280327796936035 59 0 1.1359999999999999 1
 41 3 67 0 2 3 20 2200 -0.14159265358979312 1.194171667098999 53 1 0.81100000000000005 0.89999999999999991
 42 3 489 3 1 3 16 2400 1.8584073464102069 1.0475513935089111 59 0 0.95799999999999996 1
 43 3 481 3 1 3 16 2000 1.8584073464102069 2.5689635276794434 59 0 1.0960000000000001 1
 44 3 262 0.80000000000000004 2 3 20 2400 2.8584073464102069 1.3670766353607178 59 0 1.1799999999999999 0.89999999999999991
 45 3 356 1.2 2 3 20 2200 2.8584073464102069 1.070467472076416 59 0 1.1950000000000001 0.89999999999999991
 46 3 417 1.6000000000000001 1 4 16 2400 -0.14159265358979312 4.2332239151000977 59 0 1.0549999999999999 1
 47 3 10 0 1 3 16 2400 0.85840734641020688 1.0402591228485107 53 1 0.85299999999999998 0.79999999999999993
 48 3 391 1.6000000000000001 1 3 16 2200 0.85840734641020688 2.5131254196166992 59 0 0.89500000000000002 0.79999999999999993


# name: resolution
# type: matrix
# rows: 1
# columns: 2
 1366 768


# name: hz
# type: scalar
60


# name: pc
# type: sq_string
# elements: 1
# length: 21
gregor-Latitude-E6320


# name: experiment
# type: sq_string
# elements: 1
# length: 4
RFPb


# name: isOctave
# type: bool
1




