# Created by Octave 5.2.0, Tue Apr 05 14:27:04 2022 CEST <student@gregor-Latitude-E6320>
# name: RFP
# type: scalar struct
# ndims: 2
 1 1
# length: 10
# name: vp
# type: sq_string
# elements: 1
# length: 3
V19


# name: mapping
# type: scalar
1


# name: date
# type: sq_string
# elements: 1
# length: 15
20220405T142515


# name: block
# type: scalar
8


# name: outmat
# type: matrix
# rows: 48
# columns: 14
 1 8 572 3 2 4 20 2200 -0.14159265358979312 0.9660484790802002 59 0 0.90400000000000003 0.79999999999999993
 2 8 156 0.40000000000000002 2 3 16 2400 1.8584073464102069 0.86886835098266602 53 1 0.83499999999999996 0.89999999999999991
 3 8 280 0.80000000000000004 2 4 20 2000 -2.1415926535897931 2.2809491157531738 59 0 0.82799999999999996 1
 4 8 126 0.40000000000000002 1 4 16 2200 -3.1415926535897931 2.1783013343811035 59 0 1.002 0.69999999999999996
 5 8 289 1.2 1 3 16 2000 -2.1415926535897931 1.2875204086303711 59 0 1.073 1
 6 8 408 1.6000000000000001 1 3 20 2400 1.8584073464102069 0.85259056091308594 53 1 0.92400000000000004 0.69999999999999996
 7 8 64 0 2 3 20 2000 -2.1415926535897931 1.1384925842285156 59 0 1.014 0.69999999999999996
 8 8 17 0 1 3 20 2200 -3.1415926535897931 1.0091633796691895 53 1 1.0900000000000001 1
 9 8 460 1.6000000000000001 2 4 16 2000 -2.1415926535897931 2.974738597869873 59 0 0.876 0.89999999999999991
 10 8 206 0.80000000000000004 1 3 20 2000 -0.14159265358979312 0.99708437919616699 59 0 1.091 0.69999999999999996
 11 8 541 3 2 3 20 2000 -0.14159265358979312 0.99425768852233887 59 0 1.0820000000000001 1
 12 8 63 0 2 3 20 2000 -0.14159265358979312 0.82140469551086426 59 0 0.98899999999999999 0.89999999999999991
 13 8 192 0.40000000000000002 2 4 20 2400 2.8584073464102069 3.1400294303894043 53 1 1.0629999999999999 1
 14 8 546 3 2 3 20 2200 0.85840734641020688 0.87322330474853516 59 0 0.95699999999999996 1
 15 8 422 1.6000000000000001 1 4 20 2000 1.8584073464102069 0.99045062065124512 59 0 0.80100000000000005 0.79999999999999993
 16 8 292 1.2 1 3 16 2000 -2.1415926535897931 0.85008955001831055 59 0 1.1120000000000001 1
 17 8 93 0 2 4 20 2400 -3.1415926535897931 0.87396812438964844 53 1 0.90600000000000003 0.79999999999999993
 18 8 506 3 1 4 16 2000 -1.1415926535897931 1.0020644664764404 59 0 0.83899999999999997 0.69999999999999996
 19 8 423 1.6000000000000001 1 4 20 2000 1.8584073464102069 0.97782397270202637 59 0 0.95099999999999996 0.89999999999999991
 20 8 96 0 2 4 20 2400 0.85840734641020688 0.91605329513549805 59 0 0.83699999999999997 0.89999999999999991
 21 8 361 1.2 2 4 16 2000 -2.1415926535897931 0.88467264175415039 59 0 1 0.69999999999999996
 22 8 464 1.6000000000000001 2 4 16 2200 -1.1415926535897931 0.98183822631835938 59 0 0.91300000000000003 0.89999999999999991
 23 8 308 1.2 1 3 20 2200 -0.14159265358979312 1.0423429012298584 59 0 0.81699999999999995 0.89999999999999991
 24 8 188 0.40000000000000002 2 4 20 2200 -2.1415926535897931 0.86574411392211914 59 0 1.0209999999999999 0.79999999999999993
 25 8 382 1.2 2 4 20 2400 2.8584073464102069 2.3882167339324951 59 0 1.0149999999999999 1
 26 8 576 3 2 4 20 2400 1.8584073464102069 0.86959195137023926 59 0 1.093 0.69999999999999996
 27 8 26 0 1 4 16 2000 -2.1415926535897931 0.89395594596862793 53 1 0.86199999999999999 0.69999999999999996
 28 8 512 3 1 4 16 2200 -3.1415926535897931 2.8292257785797119 59 0 0.91800000000000004 0.79999999999999993
 29 8 462 1.6000000000000001 2 4 16 2200 -3.1415926535897931 1.4534375667572021 53 1 0.85999999999999999 0.89999999999999991
 30 8 327 1.2 1 4 20 2000 1.8584073464102069 1.9407932758331299 59 0 0.98499999999999999 1
 31 8 16 0 1 3 20 2000 -0.14159265358979312 1.0197994709014893 53 1 1.1699999999999999 0.89999999999999991
 32 8 114 0.40000000000000002 1 3 20 2200 -2.1415926535897931 1.0284802913665771 53 1 0.80400000000000005 0.89999999999999991
 33 8 344 1.2 2 3 16 2200 -3.1415926535897931 0.99690580368041992 53 1 0.95899999999999996 1
 34 8 45 0 1 4 20 2400 2.8584073464102069 0.92625641822814941 53 1 1.0309999999999999 0.89999999999999991
 35 8 27 0 1 4 16 2000 -3.1415926535897931 0.84721946716308594 53 1 1.155 0.69999999999999996
 36 8 564 3 2 4 16 2400 2.8584073464102069 0.86992383003234863 59 0 0.93000000000000005 0.79999999999999993
 37 8 515 3 1 4 16 2400 -3.1415926535897931 1.0399167537689209 59 0 1.0860000000000001 0.89999999999999991
 38 8 479 1.6000000000000001 2 4 20 2400 -1.1415926535897931 0.95838165283203125 59 0 0.84899999999999998 1
 39 8 326 1.2 1 4 20 2000 -0.14159265358979312 0.91917896270751953 59 0 1.1850000000000001 0.89999999999999991
 40 8 547 3 2 3 20 2200 -0.14159265358979312 1.0215656757354736 59 0 0.95399999999999996 0.69999999999999996
 41 8 556 3 2 4 16 2000 2.8584073464102069 1.010911226272583 59 0 0.91800000000000004 0.79999999999999993
 42 8 213 0.80000000000000004 1 3 20 2400 0.85840734641020688 1.0280566215515137 53 1 0.82599999999999996 0.79999999999999993
 43 8 2 0 1 3 16 2000 -3.1415926535897931 0.8538975715637207 53 1 1.1559999999999999 0.79999999999999993
 44 8 270 0.80000000000000004 2 4 16 2200 1.8584073464102069 0.97434568405151367 59 0 0.90200000000000002 0.69999999999999996
 45 8 23 0 1 3 20 2400 -0.14159265358979312 3.209324836730957 59 0 0.91400000000000003 1
 46 8 244 0.80000000000000004 2 3 16 2000 0.85840734641020688 1.0003902912139893 59 0 1.0369999999999999 0.69999999999999996
 47 8 394 1.6000000000000001 1 3 16 2400 0.85840734641020688 1.0492343902587891 59 0 1.121 0.79999999999999993
 48 8 143 0.40000000000000002 1 4 20 2400 -0.14159265358979312 0.91483688354492188 53 1 1.075 0.89999999999999991


# name: resolution
# type: matrix
# rows: 1
# columns: 2
 1366 768


# name: hz
# type: scalar
60


# name: pc
# type: sq_string
# elements: 1
# length: 21
gregor-Latitude-E6320


# name: experiment
# type: sq_string
# elements: 1
# length: 4
RFPb


# name: isOctave
# type: bool
1




