# Created by Octave 5.2.0, Tue Apr 05 14:32:34 2022 CEST <student@gregor-Latitude-E6320>
# name: RFP
# type: scalar struct
# ndims: 2
 1 1
# length: 10
# name: vp
# type: sq_string
# elements: 1
# length: 3
V19


# name: mapping
# type: scalar
1


# name: date
# type: sq_string
# elements: 1
# length: 15
20220405T143040


# name: block
# type: scalar
11


# name: outmat
# type: matrix
# rows: 48
# columns: 14
 1 11 69 0 2 3 20 2400 -0.14159265358979312 3.4977598190307617 53 1 0.98499999999999999 0.79999999999999993
 2 11 95 0 2 4 20 2400 0.85840734641020688 0.9290001392364502 53 1 1.012 1
 3 11 294 1.2 1 3 16 2200 1.8584073464102069 1.0076265335083008 59 0 1.1519999999999999 0.79999999999999993
 4 11 352 1.2 2 3 20 2000 1.8584073464102069 0.97359848022460938 59 0 1.1899999999999999 1
 5 11 428 1.6000000000000001 1 4 20 2200 -0.14159265358979312 3.0960648059844971 59 0 0.96799999999999997 0.79999999999999993
 6 11 325 1.2 1 4 20 2000 -3.1415926535897931 0.9938352108001709 59 0 1.0069999999999999 0.69999999999999996
 7 11 11 0 1 3 16 2400 -0.14159265358979312 2.8719732761383057 53 1 1.117 1
 8 11 39 0 1 4 20 2000 -0.14159265358979312 0.94695663452148438 53 1 1.1799999999999999 1
 9 11 493 3 1 3 20 2000 0.85840734641020688 0.98656368255615234 59 0 1.032 0.69999999999999996
 10 11 123 0.40000000000000002 1 4 16 2000 -3.1415926535897931 0.85175228118896484 59 0 1.196 0.69999999999999996
 11 11 287 0.80000000000000004 2 4 20 2400 -1.1415926535897931 0.88443970680236816 59 0 1.1739999999999999 0.69999999999999996
 12 11 88 0 2 4 20 2000 -0.14159265358979312 0.98071670532226562 53 1 1.0509999999999999 1
 13 11 407 1.6000000000000001 1 3 20 2400 -0.14159265358979312 0.86948657035827637 59 0 0.97099999999999997 0.89999999999999991
 14 11 19 0 1 3 20 2200 0.85840734641020688 0.91793179512023926 59 0 0.91500000000000004 0.79999999999999993
 15 11 570 3 2 4 20 2200 -3.1415926535897931 2.6319684982299805 59 0 1.143 1
 16 11 387 1.6000000000000001 1 3 16 2000 -1.1415926535897931 0.94355082511901855 59 0 1.1499999999999999 1
 17 11 242 0.80000000000000004 2 3 16 2000 0.85840734641020688 0.89629387855529785 59 0 1.0780000000000001 1
 18 11 432 1.6000000000000001 1 4 20 2400 -3.1415926535897931 3.0293962955474854 59 0 0.98399999999999999 0.69999999999999996
 19 11 385 1.6000000000000001 1 3 16 2000 -0.14159265358979312 0.86737442016601562 59 0 0.86199999999999999 0.79999999999999993
 20 11 65 0 2 3 20 2200 -2.1415926535897931 0.90565896034240723 53 1 0.88400000000000001 0.89999999999999991
 21 11 355 1.2 2 3 20 2200 -1.1415926535897931 0.92414593696594238 59 0 0.97099999999999997 1
 22 11 397 1.6000000000000001 1 3 20 2000 1.8584073464102069 1.0168607234954834 59 0 1.1439999999999999 0.79999999999999993
 23 11 560 3 2 4 16 2200 -1.1415926535897931 0.97364258766174316 59 0 0.95999999999999996 0.69999999999999996
 24 11 288 0.80000000000000004 2 4 20 2400 -1.1415926535897931 0.8724205493927002 59 0 0.82999999999999996 0.79999999999999993
 25 11 425 1.6000000000000001 1 4 20 2200 -2.1415926535897931 2.2687568664550781 59 0 1.194 0.69999999999999996
 26 11 154 0.40000000000000002 2 3 16 2400 -1.1415926535897931 0.9773404598236084 53 1 0.96399999999999997 0.69999999999999996
 27 11 147 0.40000000000000002 2 3 16 2000 0.85840734641020688 0.89255332946777344 53 1 0.88400000000000001 1
 28 11 412 1.6000000000000001 1 4 16 2000 0.85840734641020688 0.90848422050476074 59 0 1.099 0.69999999999999996
 29 11 245 0.80000000000000004 2 3 16 2200 -1.1415926535897931 2.2499103546142578 59 0 1.157 0.69999999999999996
 30 11 155 0.40000000000000002 2 3 16 2400 2.8584073464102069 0.90857410430908203 53 1 0.89600000000000002 1
 31 11 349 1.2 2 3 20 2000 1.8584073464102069 0.93074393272399902 59 0 1.1910000000000001 1
 32 11 443 1.6000000000000001 2 3 16 2400 -0.14159265358979312 0.89782309532165527 59 0 1.1359999999999999 0.79999999999999993
 33 11 267 0.80000000000000004 2 4 16 2000 1.8584073464102069 1.0385086536407471 59 0 1.1559999999999999 1
 34 11 241 0.80000000000000004 2 3 16 2000 -1.1415926535897931 0.99255704879760742 59 0 1.0269999999999999 0.69999999999999996
 35 11 274 0.80000000000000004 2 4 16 2400 -1.1415926535897931 0.88889884948730469 59 0 0.93500000000000005 0.79999999999999993
 36 11 174 0.40000000000000002 2 4 16 2200 0.85840734641020688 0.82447552680969238 53 1 1.135 1
 37 11 50 0 2 3 16 2000 -3.1415926535897931 1.1233170032501221 53 1 1.1539999999999999 1
 38 11 46 0 1 4 20 2400 -0.14159265358979312 1.4751856327056885 53 1 1.145 1
 39 11 235 0.80000000000000004 1 4 20 2200 -0.14159265358979312 2.3482961654663086 53 1 1.0660000000000001 0.89999999999999991
 40 11 164 0.40000000000000002 2 3 20 2200 -1.1415926535897931 0.93689942359924316 59 0 1.1140000000000001 0.89999999999999991
 41 11 499 3 1 3 20 2200 2.8584073464102069 3.6313371658325195 59 0 1.1080000000000001 0.69999999999999996
 42 11 315 1.2 1 4 16 2000 -3.1415926535897931 0.97870373725891113 59 0 1.175 0.89999999999999991
 43 11 441 1.6000000000000001 2 3 16 2400 -0.14159265358979312 0.99330258369445801 59 0 0.96599999999999997 0.79999999999999993
 44 11 56 0 2 3 16 2200 -1.1415926535897931 0.91996502876281738 53 1 0.90700000000000003 1
 45 11 376 1.2 2 4 20 2000 -2.1415926535897931 0.83916831016540527 59 0 0.82399999999999995 0.89999999999999991
 46 11 363 1.2 2 4 16 2000 2.8584073464102069 0.88478875160217285 59 0 1.145 0.79999999999999993
 47 11 269 0.80000000000000004 2 4 16 2200 0.85840734641020688 0.91660213470458984 59 0 0.95399999999999996 0.89999999999999991
 48 11 218 0.80000000000000004 1 4 16 2000 -0.14159265358979312 0.92196893692016602 59 0 1.052 0.79999999999999993


# name: resolution
# type: matrix
# rows: 1
# columns: 2
 1366 768


# name: hz
# type: scalar
60


# name: pc
# type: sq_string
# elements: 1
# length: 21
gregor-Latitude-E6320


# name: experiment
# type: sq_string
# elements: 1
# length: 4
RFPb


# name: isOctave
# type: bool
1




