# Created by Octave 5.2.0, Tue Apr 05 14:28:51 2022 CEST <student@gregor-Latitude-E6320>
# name: RFP
# type: scalar struct
# ndims: 2
 1 1
# length: 10
# name: vp
# type: sq_string
# elements: 1
# length: 3
V19


# name: mapping
# type: scalar
1


# name: date
# type: sq_string
# elements: 1
# length: 15
20220405T142705


# name: block
# type: scalar
9


# name: outmat
# type: matrix
# rows: 48
# columns: 14
 1 9 389 1.6000000000000001 1 3 16 2200 -2.1415926535897931 0.99635052680969238 59 0 1.1619999999999999 0.69999999999999996
 2 9 409 1.6000000000000001 1 4 16 2000 -3.1415926535897931 2.8984372615814209 59 0 0.80600000000000005 0.69999999999999996
 3 9 538 3 2 3 16 2400 2.8584073464102069 0.96205759048461914 59 0 0.93799999999999994 0.89999999999999991
 4 9 333 1.2 1 4 20 2400 1.8584073464102069 2.208162784576416 59 0 0.82699999999999996 0.69999999999999996
 5 9 166 0.40000000000000002 2 3 20 2400 -3.1415926535897931 0.99769330024719238 59 0 1.075 0.69999999999999996
 6 9 70 0 2 3 20 2400 0.85840734641020688 0.87339615821838379 53 1 0.98099999999999998 0.89999999999999991
 7 9 119 0.40000000000000002 1 3 20 2400 -0.14159265358979312 2.9424030780792236 53 1 0.80300000000000005 0.79999999999999993
 8 9 168 0.40000000000000002 2 3 20 2400 -2.1415926535897931 1.0476303100585938 53 1 0.97799999999999998 0.89999999999999991
 9 9 266 0.80000000000000004 2 4 16 2000 1.8584073464102069 0.8451535701751709 53 1 0.91900000000000004 0.89999999999999991
 10 9 278 0.80000000000000004 2 4 20 2000 -0.14159265358979312 1.0319907665252686 59 0 0.85099999999999998 0.69999999999999996
 11 9 521 3 1 4 20 2200 -1.1415926535897931 1.0596413612365723 59 0 1.0920000000000001 0.69999999999999996
 12 9 514 3 1 4 16 2400 -2.1415926535897931 0.99288296699523926 59 0 0.89300000000000002 0.69999999999999996
 13 9 148 0.40000000000000002 2 3 16 2000 -2.1415926535897931 0.89244389533996582 53 1 0.84999999999999998 1
 14 9 250 0.80000000000000004 2 3 16 2400 1.8584073464102069 2.4882235527038574 59 0 0.91800000000000004 0.89999999999999991
 15 9 200 0.80000000000000004 1 3 16 2200 -0.14159265358979312 0.86525440216064453 59 0 0.84099999999999997 0.89999999999999991
 16 9 4 0 1 3 16 2000 -1.1415926535897931 0.98690414428710938 59 0 1.0409999999999999 0.89999999999999991
 17 9 116 0.40000000000000002 1 3 20 2200 -0.14159265358979312 1.3875675201416016 53 1 0.81699999999999995 1
 18 9 281 0.80000000000000004 2 4 20 2200 -2.1415926535897931 0.9796295166015625 59 0 1.0009999999999999 1
 19 9 468 1.6000000000000001 2 4 16 2400 -2.1415926535897931 2.5940988063812256 59 0 1.0529999999999999 0.69999999999999996
 20 9 173 0.40000000000000002 2 4 16 2200 0.85840734641020688 0.87834382057189941 53 1 0.95099999999999996 1
 21 9 261 0.80000000000000004 2 3 20 2400 0.85840734641020688 0.86685085296630859 59 0 0.94599999999999995 0.69999999999999996
 22 9 381 1.2 2 4 20 2400 0.85840734641020688 1.9562897682189941 59 0 0.872 0.79999999999999993
 23 9 12 0 1 3 16 2400 2.8584073464102069 0.99464035034179688 53 1 0.90800000000000003 1
 24 9 49 0 2 3 16 2000 -2.1415926535897931 0.90721535682678223 53 1 1.119 1
 25 9 451 1.6000000000000001 2 3 20 2200 -0.14159265358979312 1.0556113719940186 59 0 1.101 0.89999999999999991
 26 9 36 0 1 4 16 2400 -2.1415926535897931 0.97832942008972168 53 1 1.0720000000000001 0.89999999999999991
 27 9 113 0.40000000000000002 1 3 20 2200 2.8584073464102069 0.91049551963806152 59 0 1.1779999999999999 0.69999999999999996
 28 9 390 1.6000000000000001 1 3 16 2200 -3.1415926535897931 0.88969135284423828 59 0 1.1060000000000001 1
 29 9 365 1.2 2 4 16 2200 -0.14159265358979312 0.8818671703338623 59 0 0.95099999999999996 0.69999999999999996
 30 9 29 0 1 4 16 2200 2.8584073464102069 0.88993716239929199 53 1 1.103 0.69999999999999996
 31 9 400 1.6000000000000001 1 3 20 2000 -1.1415926535897931 0.96211767196655273 59 0 1.1379999999999999 0.79999999999999993
 32 9 574 3 2 4 20 2400 2.8584073464102069 0.9645388126373291 59 0 1.123 0.89999999999999991
 33 9 256 0.80000000000000004 2 3 20 2000 -0.14159265358979312 1.043766975402832 59 0 0.85799999999999998 0.69999999999999996
 34 9 257 0.80000000000000004 2 3 20 2200 -0.14159265358979312 1.0352919101715088 59 0 0.81599999999999995 0.89999999999999991
 35 9 375 1.2 2 4 20 2000 1.8584073464102069 1.1167824268341064 59 0 1.0009999999999999 1
 36 9 8 0 1 3 16 2200 1.8584073464102069 0.90185141563415527 53 1 0.92700000000000005 0.69999999999999996
 37 9 249 0.80000000000000004 2 3 16 2400 2.8584073464102069 0.94986271858215332 59 0 0.84899999999999998 0.69999999999999996
 38 9 160 0.40000000000000002 2 3 20 2000 -3.1415926535897931 0.93094229698181152 53 1 1.143 0.89999999999999991
 39 9 120 0.40000000000000002 1 3 20 2400 1.8584073464102069 2.7321486473083496 53 1 0.85399999999999998 0.69999999999999996
 40 9 68 0 2 3 20 2200 0.85840734641020688 0.99213576316833496 53 1 1.143 1
 41 9 471 1.6000000000000001 2 4 20 2000 0.85840734641020688 0.94104194641113281 59 0 0.99199999999999999 0.69999999999999996
 42 9 129 0.40000000000000002 1 4 16 2400 -1.1415926535897931 0.98957061767578125 53 1 1.1319999999999999 1
 43 9 201 0.80000000000000004 1 3 16 2400 2.8584073464102069 0.96519684791564941 59 0 1.018 0.79999999999999993
 44 9 207 0.80000000000000004 1 3 20 2000 -2.1415926535897931 1.0439178943634033 59 0 1.1160000000000001 0.89999999999999991
 45 9 217 0.80000000000000004 1 4 16 2000 -0.14159265358979312 1.1100063323974609 59 0 0.82799999999999996 1
 46 9 101 0.40000000000000002 1 3 16 2200 -3.1415926535897931 1.118344783782959 53 1 1.145 0.89999999999999991
 47 9 399 1.6000000000000001 1 3 20 2000 1.8584073464102069 0.83392930030822754 59 0 0.89500000000000002 0.89999999999999991
 48 9 275 0.80000000000000004 2 4 16 2400 -3.1415926535897931 0.82120847702026367 59 0 0.98999999999999999 1


# name: resolution
# type: matrix
# rows: 1
# columns: 2
 1366 768


# name: hz
# type: scalar
60


# name: pc
# type: sq_string
# elements: 1
# length: 21
gregor-Latitude-E6320


# name: experiment
# type: sq_string
# elements: 1
# length: 4
RFPb


# name: isOctave
# type: bool
1




