# Created by Octave 5.2.0, Tue Apr 05 14:21:24 2022 CEST <student@gregor-Latitude-E6320>
# name: RFP
# type: scalar struct
# ndims: 2
 1 1
# length: 10
# name: vp
# type: sq_string
# elements: 1
# length: 3
V19


# name: mapping
# type: scalar
1


# name: date
# type: sq_string
# elements: 1
# length: 15
20220405T141912


# name: block
# type: scalar
5


# name: outmat
# type: matrix
# rows: 48
# columns: 14
 1 5 144 0.40000000000000002 1 4 20 2400 -2.1415926535897931 1.0625464916229248 53 1 1.0820000000000001 0.69999999999999996
 2 5 537 3 2 3 16 2400 2.8584073464102069 1.068476676940918 59 0 1.107 0.79999999999999993
 3 5 469 1.6000000000000001 2 4 20 2000 -3.1415926535897931 1.0011341571807861 59 0 1.141 0.69999999999999996
 4 5 552 3 2 3 20 2400 1.8584073464102069 1.0282461643218994 59 0 0.86399999999999999 1
 5 5 392 1.6000000000000001 1 3 16 2200 -3.1415926535897931 2.882317066192627 59 0 0.876 0.79999999999999993
 6 5 553 3 2 4 16 2000 2.8584073464102069 1.063201904296875 59 0 1.0169999999999999 1
 7 5 313 1.2 1 4 16 2000 -3.1415926535897931 4.5048706531524658 59 0 1.089 0.89999999999999991
 8 5 105 0.40000000000000002 1 3 16 2400 2.8584073464102069 1.0545356273651123 53 1 0.92400000000000004 0.69999999999999996
 9 5 456 1.6000000000000001 2 3 20 2400 -0.14159265358979312 1.0067207813262939 59 0 0.83599999999999997 0.79999999999999993
 10 5 1 0 1 3 16 2000 0.85840734641020688 0.93213701248168945 53 1 1.1719999999999999 1
 11 5 508 3 1 4 16 2000 2.8584073464102069 4.7672770023345947 59 0 1.1080000000000001 0.69999999999999996
 12 5 303 1.2 1 3 20 2000 -0.14159265358979312 1.0139508247375488 59 0 0.81899999999999995 1
 13 5 507 3 1 4 16 2000 -2.1415926535897931 2.1358578205108643 59 0 1.1459999999999999 0.69999999999999996
 14 5 350 1.2 2 3 20 2000 -3.1415926535897931 1.3696861267089844 59 0 0.874 0.79999999999999993
 15 5 86 0 2 4 20 2000 -0.14159265358979312 1.0858039855957031 53 1 1.137 0.89999999999999991
 16 5 60 0 2 3 16 2400 1.8584073464102069 1.0551407337188721 53 1 1.002 0.79999999999999993
 17 5 195 0.80000000000000004 1 3 16 2000 -3.1415926535897931 0.88071227073669434 59 0 0.89600000000000002 0.89999999999999991
 18 5 230 0.80000000000000004 1 4 20 2000 -3.1415926535897931 3.8534080982208252 59 0 1.0609999999999999 1
 19 5 496 3 1 3 20 2000 -3.1415926535897931 0.98479437828063965 59 0 1.1659999999999999 0.69999999999999996
 20 5 330 1.2 1 4 20 2200 1.8584073464102069 1.0705947875976562 53 1 1.1559999999999999 0.79999999999999993
 21 5 125 0.40000000000000002 1 4 16 2200 -1.1415926535897931 0.97323250770568848 53 1 0.96099999999999997 0.79999999999999993
 22 5 529 3 2 3 16 2000 -0.14159265358979312 1.0157065391540527 59 0 1.1499999999999999 1
 23 5 61 0 2 3 20 2000 -1.1415926535897931 3.3956804275512695 53 1 1.008 1
 24 5 196 0.80000000000000004 1 3 16 2000 1.8584073464102069 1.0946788787841797 53 1 1.0700000000000001 0.79999999999999993
 25 5 406 1.6000000000000001 1 3 20 2400 -3.1415926535897931 3.6048953533172607 59 0 1.083 1
 26 5 231 0.80000000000000004 1 4 20 2000 -2.1415926535897931 1.0543689727783203 59 0 1.099 0.69999999999999996
 27 5 91 0 2 4 20 2200 -3.1415926535897931 1.0220270156860352 53 1 0.91500000000000004 1
 28 5 502 3 1 3 20 2400 1.8584073464102069 1.0631906986236572 59 0 0.94199999999999995 0.89999999999999991
 29 5 573 3 2 4 20 2400 -3.1415926535897931 3.2604966163635254 59 0 0.81899999999999995 0.69999999999999996
 30 5 263 0.80000000000000004 2 3 20 2400 1.8584073464102069 1.0445833206176758 59 0 0.84299999999999997 0.89999999999999991
 31 5 539 3 2 3 16 2400 -0.14159265358979312 0.88721156120300293 59 0 0.94699999999999995 0.69999999999999996
 32 5 314 1.2 1 4 16 2000 1.8584073464102069 3.3301103115081787 59 0 0.98499999999999999 1
 33 5 305 1.2 1 3 20 2200 -3.1415926535897931 1.1023285388946533 59 0 1.073 0.89999999999999991
 34 5 354 1.2 2 3 20 2200 -1.1415926535897931 1.0155630111694336 59 0 0.81499999999999995 0.89999999999999991
 35 5 379 1.2 2 4 20 2200 -2.1415926535897931 0.96833944320678711 59 0 1.028 0.89999999999999991
 36 5 318 1.2 1 4 16 2200 -3.1415926535897931 0.95489311218261719 53 1 0.85299999999999998 1
 37 5 102 0.40000000000000002 1 3 16 2200 0.85840734641020688 4.1233925819396973 59 0 1.0600000000000001 1
 38 5 140 0.40000000000000002 1 4 20 2200 1.8584073464102069 1.189340353012085 53 1 0.95999999999999996 0.69999999999999996
 39 5 181 0.40000000000000002 2 4 20 2000 2.8584073464102069 1.0261917114257812 53 1 1.1839999999999999 0.89999999999999991
 40 5 34 0 1 4 16 2400 1.8584073464102069 0.89659380912780762 53 1 0.80700000000000005 0.69999999999999996
 41 5 331 1.2 1 4 20 2200 -1.1415926535897931 1.0330629348754883 59 0 1.1399999999999999 0.89999999999999991
 42 5 202 0.80000000000000004 1 3 16 2400 -1.1415926535897931 1.0635652542114258 59 0 1.0489999999999999 0.69999999999999996
 43 5 136 0.40000000000000002 1 4 20 2000 -0.14159265358979312 1.0639488697052002 53 1 1.085 0.89999999999999991
 44 5 272 0.80000000000000004 2 4 16 2200 -3.1415926535897931 0.85196518898010254 59 0 1.0049999999999999 1
 45 5 108 0.40000000000000002 1 3 16 2400 -1.1415926535897931 2.6482703685760498 59 0 0.96699999999999997 0.89999999999999991
 46 5 127 0.40000000000000002 1 4 16 2200 -0.14159265358979312 3.291851282119751 59 0 0.83299999999999996 0.69999999999999996
 47 5 431 1.6000000000000001 1 4 20 2400 0.85840734641020688 0.91903853416442871 59 0 1.1240000000000001 0.89999999999999991
 48 5 398 1.6000000000000001 1 3 20 2000 -0.14159265358979312 3.8672304153442383 59 0 0.94699999999999995 0.69999999999999996


# name: resolution
# type: matrix
# rows: 1
# columns: 2
 1366 768


# name: hz
# type: scalar
60


# name: pc
# type: sq_string
# elements: 1
# length: 21
gregor-Latitude-E6320


# name: experiment
# type: sq_string
# elements: 1
# length: 4
RFPb


# name: isOctave
# type: bool
1




