# Created by Octave 5.2.0, Tue Apr 05 14:23:27 2022 CEST <student@gregor-Latitude-E6320>
# name: RFP
# type: scalar struct
# ndims: 2
 1 1
# length: 10
# name: vp
# type: sq_string
# elements: 1
# length: 3
V19


# name: mapping
# type: scalar
1


# name: date
# type: sq_string
# elements: 1
# length: 15
20220405T142125


# name: block
# type: scalar
6


# name: outmat
# type: matrix
# rows: 48
# columns: 14
 1 6 33 0 1 4 16 2400 -2.1415926535897931 0.81575965881347656 53 1 1.1890000000000001 0.69999999999999996
 2 6 90 0 2 4 20 2200 -1.1415926535897931 4.8370277881622314 53 1 1.163 0.89999999999999991
 3 6 557 3 2 4 16 2200 2.8584073464102069 1.1095230579376221 59 0 1.0229999999999999 0.69999999999999996
 4 6 22 0 1 3 20 2400 -0.14159265358979312 1.1038379669189453 53 1 0.81499999999999995 0.69999999999999996
 5 6 52 0 2 3 16 2000 0.85840734641020688 1.0845365524291992 53 1 0.95699999999999996 0.89999999999999991
 6 6 76 0 2 4 16 2000 2.8584073464102069 0.89200711250305176 53 1 1.1259999999999999 0.69999999999999996
 7 6 562 3 2 4 16 2400 -1.1415926535897931 3.9155020713806152 59 0 0.90600000000000003 1
 8 6 204 0.80000000000000004 1 3 16 2400 1.8584073464102069 0.99324536323547363 59 0 1.105 0.79999999999999993
 9 6 554 3 2 4 16 2000 -1.1415926535897931 1.0311765670776367 59 0 1.0960000000000001 1
 10 6 299 1.2 1 3 16 2400 1.8584073464102069 3.5280063152313232 59 0 1.0569999999999999 0.79999999999999993
 11 6 413 1.6000000000000001 1 4 16 2200 -3.1415926535897931 0.99555540084838867 59 0 1.1839999999999999 0.89999999999999991
 12 6 189 0.40000000000000002 2 4 20 2400 2.8584073464102069 1.0002412796020508 53 1 0.90300000000000002 0.79999999999999993
 13 6 323 1.2 1 4 16 2400 -2.1415926535897931 0.8475794792175293 59 0 0.85999999999999999 0.89999999999999991
 14 6 227 0.80000000000000004 1 4 16 2400 0.85840734641020688 3.6871819496154785 59 0 1.1970000000000001 0.79999999999999993
 15 6 282 0.80000000000000004 2 4 20 2200 -2.1415926535897931 0.97521352767944336 53 1 0.93600000000000005 0.79999999999999993
 16 6 215 0.80000000000000004 1 3 20 2400 -1.1415926535897931 3.2234396934509277 59 0 1.1619999999999999 0.89999999999999991
 17 6 531 3 2 3 16 2000 -0.14159265358979312 0.93575263023376465 59 0 1.131 0.79999999999999993
 18 6 158 0.40000000000000002 2 3 20 2000 -0.14159265358979312 0.95709872245788574 59 0 1.179 1
 19 6 211 0.80000000000000004 1 3 20 2200 -0.14159265358979312 3.504375696182251 59 0 1.1120000000000001 1
 20 6 362 1.2 2 4 16 2000 1.8584073464102069 1.1287455558776855 59 0 0.80200000000000005 0.89999999999999991
 21 6 83 0 2 4 16 2400 1.8584073464102069 0.94269299507141113 53 1 1.071 1
 22 6 401 1.6000000000000001 1 3 20 2200 -2.1415926535897931 1.8445937633514404 59 0 0.88200000000000001 0.89999999999999991
 23 6 73 0 2 4 16 2000 2.8584073464102069 1.0496954917907715 53 1 0.83099999999999996 0.89999999999999991
 24 6 368 1.2 2 4 16 2200 -3.1415926535897931 1.0537326335906982 59 0 0.998 0.79999999999999993
 25 6 295 1.2 1 3 16 2200 -1.1415926535897931 0.83114361763000488 59 0 0.90600000000000003 0.79999999999999993
 26 6 459 1.6000000000000001 2 4 16 2000 1.8584073464102069 1.0648250579833984 59 0 1.1379999999999999 1
 27 6 209 0.80000000000000004 1 3 20 2200 2.8584073464102069 1.0625574588775635 59 0 0.98899999999999999 0.69999999999999996
 28 6 259 0.80000000000000004 2 3 20 2200 -1.1415926535897931 0.86988973617553711 59 0 1.1819999999999999 0.69999999999999996
 29 6 255 0.80000000000000004 2 3 20 2000 -1.1415926535897931 0.92750906944274902 59 0 1.075 1
 30 6 351 1.2 2 3 20 2000 -1.1415926535897931 1.0550699234008789 59 0 1.1180000000000001 0.89999999999999991
 31 6 520 3 1 4 20 2000 -0.14159265358979312 3.2976372241973877 59 0 0.91900000000000004 0.69999999999999996
 32 6 404 1.6000000000000001 1 3 20 2200 0.85840734641020688 1.0509803295135498 59 0 0.84399999999999997 0.79999999999999993
 33 6 40 0 1 4 20 2000 1.8584073464102069 1.049210786819458 53 1 0.92400000000000004 0.69999999999999996
 34 6 47 0 1 4 20 2400 -0.14159265358979312 0.95862865447998047 53 1 1.0649999999999999 0.89999999999999991
 35 6 449 1.6000000000000001 2 3 20 2200 -2.1415926535897931 1.0194764137268066 59 0 0.97399999999999998 0.69999999999999996
 36 6 561 3 2 4 16 2400 1.8584073464102069 1.0169565677642822 59 0 1.0549999999999999 0.79999999999999993
 37 6 510 3 1 4 16 2200 -0.14159265358979312 0.96796655654907227 59 0 1.1879999999999999 0.79999999999999993
 38 6 500 3 1 3 20 2200 0.85840734641020688 0.90568375587463379 59 0 1.0149999999999999 0.69999999999999996
 39 6 477 1.6000000000000001 2 4 20 2400 0.85840734641020688 0.97638630867004395 59 0 1.083 1
 40 6 94 0 2 4 20 2400 -3.1415926535897931 1.0075192451477051 53 1 0.89300000000000002 0.79999999999999993
 41 6 271 0.80000000000000004 2 4 16 2200 2.8584073464102069 1.0151548385620117 59 0 1.1479999999999999 0.89999999999999991
 42 6 528 3 1 4 20 2400 -1.1415926535897931 0.95644187927246094 59 0 0.97099999999999997 0.89999999999999991
 43 6 536 3 2 3 16 2200 0.85840734641020688 0.93075442314147949 59 0 1.1739999999999999 0.89999999999999991
 44 6 167 0.40000000000000002 2 3 20 2400 -2.1415926535897931 2.9510862827301025 59 0 1.0720000000000001 0.89999999999999991
 45 6 220 0.80000000000000004 1 4 16 2000 0.85840734641020688 0.83805465698242188 59 0 1.1399999999999999 1
 46 6 77 0 2 4 16 2200 -3.1415926535897931 1.0230212211608887 53 1 0.90200000000000002 0.89999999999999991
 47 6 240 0.80000000000000004 1 4 20 2400 1.8584073464102069 2.5794024467468262 59 0 1.0820000000000001 0.69999999999999996
 48 6 447 1.6000000000000001 2 3 20 2000 -2.1415926535897931 0.9527733325958252 59 0 0.93600000000000005 0.79999999999999993


# name: resolution
# type: matrix
# rows: 1
# columns: 2
 1366 768


# name: hz
# type: scalar
60


# name: pc
# type: sq_string
# elements: 1
# length: 21
gregor-Latitude-E6320


# name: experiment
# type: sq_string
# elements: 1
# length: 4
RFPb


# name: isOctave
# type: bool
1




