# Created by Octave 5.2.0, Tue Apr 05 14:12:16 2022 CEST <student@gregor-Latitude-E6320>
# name: RFP
# type: scalar struct
# ndims: 2
 1 1
# length: 10
# name: vp
# type: sq_string
# elements: 1
# length: 3
V19


# name: mapping
# type: scalar
1


# name: date
# type: sq_string
# elements: 1
# length: 15
20220405T140951


# name: block
# type: scalar
1


# name: outmat
# type: matrix
# rows: 48
# columns: 14
 1 1 373 1.2 2 4 20 2000 -3.1415926535897931 2.5563733577728271 59 0 1.1779999999999999 0.69999999999999996
 2 1 232 0.80000000000000004 1 4 20 2000 -0.14159265358979312 1.4248642921447754 59 0 0.88400000000000001 0.89999999999999991
 3 1 30 0 1 4 16 2200 -3.1415926535897931 0.99286270141601562 53 1 1.0900000000000001 1
 4 1 104 0.40000000000000002 1 3 16 2200 -3.1415926535897931 22.607013702392578 53 1 0.94499999999999995 0.89999999999999991
 5 1 177 0.40000000000000002 2 4 16 2400 1.8584073464102069 1.1433084011077881 53 1 1.0269999999999999 0.89999999999999991
 6 1 25 0 1 4 16 2000 2.8584073464102069 1.0806050300598145 53 1 1.1200000000000001 0.79999999999999993
 7 1 534 3 2 3 16 2200 -0.14159265358979312 3.2322731018066406 59 0 1.1319999999999999 0.89999999999999991
 8 1 530 3 2 3 16 2000 -0.14159265358979312 1.2610213756561279 59 0 1.0369999999999999 1
 9 1 358 1.2 2 3 20 2400 -3.1415926535897931 0.9757390022277832 59 0 1.151 1
 10 1 117 0.40000000000000002 1 3 20 2400 -2.1415926535897931 3.9207446575164795 59 0 0.87 0.89999999999999991
 11 1 414 1.6000000000000001 1 4 16 2200 2.8584073464102069 1.3576416969299316 59 0 0.89400000000000002 0.89999999999999991
 12 1 378 1.2 2 4 20 2200 1.8584073464102069 1.0531888008117676 59 0 1.1279999999999999 1
 13 1 31 0 1 4 16 2200 1.8584073464102069 0.89504098892211914 53 1 1.0369999999999999 1
 14 1 178 0.40000000000000002 2 4 16 2400 2.8584073464102069 4.7672946453094482 53 1 0.94799999999999995 0.79999999999999993
 15 1 486 3 1 3 16 2200 0.85840734641020688 1.3491883277893066 59 0 1.002 0.79999999999999993
 16 1 42 0 1 4 20 2200 2.8584073464102069 1.2939167022705078 53 1 1.165 0.69999999999999996
 17 1 566 3 2 4 20 2000 -3.1415926535897931 1.132143497467041 59 0 0.80100000000000005 1
 18 1 364 1.2 2 4 16 2000 -3.1415926535897931 1.1855242252349854 59 0 1.165 0.79999999999999993
 19 1 98 0.40000000000000002 1 3 16 2000 -1.1415926535897931 4.1239924430847168 53 1 1.173 0.69999999999999996
 20 1 533 3 2 3 16 2200 -3.1415926535897931 1.7704057693481445 59 0 0.85099999999999998 1
 21 1 509 3 1 4 16 2200 -1.1415926535897931 1.3979814052581787 59 0 1.167 1
 22 1 317 1.2 1 4 16 2200 -1.1415926535897931 1.2161085605621338 53 1 1.127 1
 23 1 452 1.6000000000000001 2 3 20 2200 2.8584073464102069 1.5495567321777344 53 1 1.0049999999999999 0.79999999999999993
 24 1 51 0 2 3 16 2000 -2.1415926535897931 2.4591379165649414 59 0 1.1599999999999999 0.69999999999999996
 25 1 169 0.40000000000000002 2 4 16 2000 2.8584073464102069 1.2884631156921387 53 1 1.004 0.79999999999999993
 26 1 439 1.6000000000000001 2 3 16 2200 0.85840734641020688 1.1939616203308105 59 0 0.89100000000000001 0.79999999999999993
 27 1 307 1.2 1 3 20 2200 -3.1415926535897931 0.97758865356445312 59 0 0.84199999999999997 1
 28 1 480 1.6000000000000001 2 4 20 2400 -1.1415926535897931 0.99765157699584961 59 0 1.167 0.79999999999999993
 29 1 466 1.6000000000000001 2 4 16 2400 -3.1415926535897931 0.99675321578979492 59 0 1.014 0.79999999999999993
 30 1 286 0.80000000000000004 2 4 20 2400 1.8584073464102069 1.076195240020752 59 0 0.97199999999999998 0.79999999999999993
 31 1 221 0.80000000000000004 1 4 16 2200 -0.14159265358979312 1.0028612613677979 53 1 0.84499999999999997 0.79999999999999993
 32 1 265 0.80000000000000004 2 4 16 2000 0.85840734641020688 1.0200064182281494 53 1 0.92200000000000004 0.79999999999999993
 33 1 106 0.40000000000000002 1 3 16 2400 -2.1415926535897931 1.1464753150939941 53 1 1.0109999999999999 1
 34 1 550 3 2 3 20 2400 0.85840734641020688 1.0365724563598633 59 0 0.84899999999999998 0.89999999999999991
 35 1 190 0.40000000000000002 2 4 20 2400 -2.1415926535897931 1.6379349231719971 53 1 1.0860000000000001 0.79999999999999993
 36 1 377 1.2 2 4 20 2200 -2.1415926535897931 1.101736307144165 59 0 0.84699999999999998 0.79999999999999993
 37 1 427 1.6000000000000001 1 4 20 2200 -1.1415926535897931 1.1586835384368896 59 0 1.1160000000000001 0.69999999999999996
 38 1 109 0.40000000000000002 1 3 20 2000 2.8584073464102069 0.87260031700134277 59 0 1.0509999999999999 0.79999999999999993
 39 1 436 1.6000000000000001 2 3 16 2000 -2.1415926535897931 5.1442298889160156 59 0 0.878 0.89999999999999991
 40 1 85 0 2 4 20 2000 -1.1415926535897931 1.1225965023040771 53 1 1.1870000000000001 0.69999999999999996
 41 1 110 0.40000000000000002 1 3 20 2000 -1.1415926535897931 1.2912182807922363 53 1 1.194 1
 42 1 133 0.40000000000000002 1 4 20 2000 2.8584073464102069 1.0543675422668457 53 1 0.93500000000000005 1
 43 1 403 1.6000000000000001 1 3 20 2200 -0.14159265358979312 1.019500732421875 59 0 1.157 0.89999999999999991
 44 1 279 0.80000000000000004 2 4 20 2000 2.8584073464102069 0.97208929061889648 59 0 0.85599999999999998 0.69999999999999996
 45 1 172 0.40000000000000002 2 4 16 2000 -2.1415926535897931 0.92662453651428223 53 1 0.81899999999999995 0.69999999999999996
 46 1 48 0 1 4 20 2400 0.85840734641020688 1.0743653774261475 53 1 0.82799999999999996 0.89999999999999991
 47 1 540 3 2 3 16 2400 2.8584073464102069 1.2621302604675293 59 0 0.88700000000000001 0.89999999999999991
 48 1 380 1.2 2 4 20 2200 -0.14159265358979312 0.85976815223693848 59 0 0.91500000000000004 0.79999999999999993


# name: resolution
# type: matrix
# rows: 1
# columns: 2
 1366 768


# name: hz
# type: scalar
60


# name: pc
# type: sq_string
# elements: 1
# length: 21
gregor-Latitude-E6320


# name: experiment
# type: sq_string
# elements: 1
# length: 4
RFPb


# name: isOctave
# type: bool
1




