# Created by Octave 5.2.0, Tue Apr 05 14:34:26 2022 CEST <student@gregor-Latitude-E6320>
# name: RFP
# type: scalar struct
# ndims: 2
 1 1
# length: 10
# name: vp
# type: sq_string
# elements: 1
# length: 3
V19


# name: mapping
# type: scalar
1


# name: date
# type: sq_string
# elements: 1
# length: 15
20220405T143235


# name: block
# type: scalar
12


# name: outmat
# type: matrix
# rows: 48
# columns: 14
 1 12 563 3 2 4 16 2400 -1.1415926535897931 2.6996750831604004 59 0 1.004 1
 2 12 395 1.6000000000000001 1 3 16 2400 1.8584073464102069 2.9029169082641602 59 0 0.97799999999999998 0.89999999999999991
 3 12 234 0.80000000000000004 1 4 20 2200 -3.1415926535897931 3.7664394378662109 59 0 1.159 0.79999999999999993
 4 12 72 0 2 3 20 2400 -0.14159265358979312 1.0309932231903076 53 1 0.89700000000000002 0.69999999999999996
 5 12 122 0.40000000000000002 1 4 16 2000 -3.1415926535897931 0.91052031517028809 53 1 0.97799999999999998 0.69999999999999996
 6 12 522 3 1 4 20 2200 -0.14159265358979312 0.89011144638061523 59 0 1.075 0.79999999999999993
 7 12 565 3 2 4 20 2000 -1.1415926535897931 0.85673880577087402 59 0 0.95699999999999996 0.79999999999999993
 8 12 369 1.2 2 4 16 2400 -3.1415926535897931 2.6293931007385254 59 0 0.90400000000000003 0.79999999999999993
 9 12 410 1.6000000000000001 1 4 16 2000 -0.14159265358979312 1.0210387706756592 59 0 1.036 0.89999999999999991
 10 12 478 1.6000000000000001 2 4 20 2400 1.8584073464102069 0.85750174522399902 59 0 1.1579999999999999 1
 11 12 268 0.80000000000000004 2 4 16 2000 1.8584073464102069 0.89452838897705078 59 0 0.93000000000000005 0.69999999999999996
 12 12 519 3 1 4 20 2000 1.8584073464102069 0.90040040016174316 59 0 0.85899999999999999 1
 13 12 89 0 2 4 20 2200 -3.1415926535897931 0.88589167594909668 53 1 0.95999999999999996 0.79999999999999993
 14 12 527 3 1 4 20 2400 -1.1415926535897931 0.89956164360046387 59 0 0.84799999999999998 0.69999999999999996
 15 12 20 0 1 3 20 2200 0.85840734641020688 0.83027815818786621 53 1 1.0960000000000001 1
 16 12 55 0 2 3 16 2200 -3.1415926535897931 2.4761226177215576 53 1 1.02 1
 17 12 260 0.80000000000000004 2 3 20 2200 2.8584073464102069 0.82072544097900391 59 0 1.032 0.89999999999999991
 18 12 41 0 1 4 20 2200 2.8584073464102069 0.84439325332641602 53 1 0.94599999999999995 0.79999999999999993
 19 12 343 1.2 2 3 16 2200 2.8584073464102069 2.2674267292022705 59 0 0.91400000000000003 1
 20 12 555 3 2 4 16 2000 -3.1415926535897931 0.94825077056884766 59 0 0.88900000000000001 1
 21 12 568 3 2 4 20 2000 -1.1415926535897931 0.88704252243041992 59 0 0.93999999999999995 0.69999999999999996
 22 12 15 0 1 3 20 2000 -1.1415926535897931 0.8459632396697998 53 1 1.0149999999999999 0.69999999999999996
 23 12 374 1.2 2 4 20 2000 -1.1415926535897931 1.0224316120147705 59 0 1.1259999999999999 0.69999999999999996
 24 12 371 1.2 2 4 16 2400 2.8584073464102069 0.87576436996459961 59 0 1.0800000000000001 0.79999999999999993
 25 12 488 3 1 3 16 2200 -0.14159265358979312 0.9790194034576416 59 0 0.82799999999999996 0.89999999999999991
 26 12 208 0.80000000000000004 1 3 20 2000 -1.1415926535897931 0.89196515083312988 59 0 0.97799999999999998 0.79999999999999993
 27 12 162 0.40000000000000002 2 3 20 2200 0.85840734641020688 0.9178166389465332 59 0 1.1459999999999999 0.89999999999999991
 28 12 494 3 1 3 20 2000 -3.1415926535897931 2.579655647277832 59 0 1.149 0.89999999999999991
 29 12 316 1.2 1 4 16 2000 -2.1415926535897931 1.0924255847930908 59 0 1.1519999999999999 1
 30 12 131 0.40000000000000002 1 4 16 2400 -2.1415926535897931 1.0264863967895508 59 0 1.145 0.79999999999999993
 31 12 124 0.40000000000000002 1 4 16 2000 -0.14159265358979312 0.89331531524658203 59 0 1.1830000000000001 0.69999999999999996
 32 12 341 1.2 2 3 16 2200 2.8584073464102069 0.95362257957458496 59 0 1.0189999999999999 0.69999999999999996
 33 12 485 3 1 3 16 2200 -1.1415926535897931 0.92090678215026855 59 0 1.04 0.79999999999999993
 34 12 446 1.6000000000000001 2 3 20 2000 -2.1415926535897931 2.3612236976623535 59 0 0.98099999999999998 0.89999999999999991
 35 12 185 0.40000000000000002 2 4 20 2200 -2.1415926535897931 0.94558095932006836 59 0 0.82199999999999995 0.69999999999999996
 36 12 383 1.2 2 4 20 2400 -3.1415926535897931 0.87042999267578125 59 0 1.139 1
 37 12 402 1.6000000000000001 1 3 20 2200 -2.1415926535897931 0.93981575965881348 59 0 0.81499999999999995 0.69999999999999996
 38 12 237 0.80000000000000004 1 4 20 2400 -0.14159265358979312 0.85839390754699707 59 0 1.0780000000000001 0.69999999999999996
 39 12 346 1.2 2 3 16 2400 0.85840734641020688 2.8545193672180176 59 0 0.90900000000000003 0.69999999999999996
 40 12 337 1.2 2 3 16 2000 0.85840734641020688 0.89201045036315918 59 0 0.97599999999999998 1
 41 12 44 0 1 4 20 2200 1.8584073464102069 0.86738872528076172 59 0 1.0780000000000001 0.69999999999999996
 42 12 569 3 2 4 20 2200 -0.14159265358979312 0.92000913619995117 59 0 0.82899999999999996 1
 43 12 309 1.2 1 3 20 2400 -1.1415926535897931 1.0019156932830811 59 0 0.80600000000000005 0.69999999999999996
 44 12 321 1.2 1 4 16 2400 0.85840734641020688 0.83654046058654785 59 0 1.1739999999999999 0.79999999999999993
 45 12 112 0.40000000000000002 1 3 20 2000 -3.1415926535897931 0.91296219825744629 59 0 1.167 0.69999999999999996
 46 12 151 0.40000000000000002 2 3 16 2200 -0.14159265358979312 1.0733296871185303 53 1 1.0069999999999999 0.89999999999999991
 47 12 366 1.2 2 4 16 2200 -1.1415926535897931 1.0229344367980957 59 0 0.81899999999999995 0.89999999999999991
 48 12 14 0 1 3 20 2000 -2.1415926535897931 0.85554051399230957 59 0 1.1659999999999999 0.79999999999999993


# name: resolution
# type: matrix
# rows: 1
# columns: 2
 1366 768


# name: hz
# type: scalar
60


# name: pc
# type: sq_string
# elements: 1
# length: 21
gregor-Latitude-E6320


# name: experiment
# type: sq_string
# elements: 1
# length: 4
RFPb


# name: isOctave
# type: bool
1




