# Created by Octave 5.2.0, Tue Apr 05 14:25:14 2022 CEST <student@gregor-Latitude-E6320>
# name: RFP
# type: scalar struct
# ndims: 2
 1 1
# length: 10
# name: vp
# type: sq_string
# elements: 1
# length: 3
V19


# name: mapping
# type: scalar
1


# name: date
# type: sq_string
# elements: 1
# length: 15
20220405T142328


# name: block
# type: scalar
7


# name: outmat
# type: matrix
# rows: 48
# columns: 14
 1 7 504 3 1 3 20 2400 0.85840734641020688 0.99687457084655762 59 0 1.1240000000000001 0.89999999999999991
 2 7 66 0 2 3 20 2200 -0.14159265358979312 1.0488314628601074 53 1 1.1100000000000001 0.69999999999999996
 3 7 92 0 2 4 20 2200 -1.1415926535897931 0.88044881820678711 53 1 1.0700000000000001 0.79999999999999993
 4 7 442 1.6000000000000001 2 3 16 2400 2.8584073464102069 0.84846735000610352 59 0 0.90200000000000002 0.79999999999999993
 5 7 450 1.6000000000000001 2 3 20 2200 -1.1415926535897931 1.03753662109375 59 0 0.97899999999999998 1
 6 7 253 0.80000000000000004 2 3 20 2000 -0.14159265358979312 2.6402702331542969 59 0 1.1819999999999999 0.69999999999999996
 7 7 347 1.2 2 3 16 2400 2.8584073464102069 1.1981873512268066 59 0 0.89500000000000002 0.79999999999999993
 8 7 472 1.6000000000000001 2 4 20 2000 0.85840734641020688 1.0466179847717285 59 0 0.84199999999999997 0.89999999999999991
 9 7 214 0.80000000000000004 1 3 20 2400 -0.14159265358979312 0.84117674827575684 59 0 0.96399999999999997 0.69999999999999996
 10 7 99 0.40000000000000002 1 3 16 2000 1.8584073464102069 0.95031881332397461 53 1 0.88600000000000001 0.89999999999999991
 11 7 290 1.2 1 3 16 2000 -3.1415926535897931 1.0049526691436768 59 0 1.1919999999999999 1
 12 7 193 0.80000000000000004 1 3 16 2000 -3.1415926535897931 1.0329217910766602 59 0 1.177 0.79999999999999993
 13 7 517 3 1 4 20 2000 -1.1415926535897931 0.98524236679077148 59 0 0.999 1
 14 7 332 1.2 1 4 20 2200 2.8584073464102069 0.95048928260803223 59 0 0.872 0.69999999999999996
 15 7 571 3 2 4 20 2200 1.8584073464102069 0.99201416969299316 59 0 1.075 1
 16 7 444 1.6000000000000001 2 3 16 2400 1.8584073464102069 0.9844200611114502 59 0 0.89500000000000002 0.89999999999999991
 17 7 497 3 1 3 20 2200 0.85840734641020688 0.89937567710876465 59 0 0.82299999999999995 0.89999999999999991
 18 7 334 1.2 1 4 20 2400 2.8584073464102069 2.3528704643249512 59 0 0.80000000000000004 1
 19 7 62 0 2 3 20 2000 -0.14159265358979312 1.0029938220977783 53 1 1.0149999999999999 0.79999999999999993
 20 7 304 1.2 1 3 20 2000 -2.1415926535897931 2.9385528564453125 59 0 1.1739999999999999 1
 21 7 43 0 1 4 20 2200 0.85840734641020688 1.0736329555511475 53 1 0.94999999999999996 0.89999999999999991
 22 7 475 1.6000000000000001 2 4 20 2200 -1.1415926535897931 1.0360877513885498 59 0 1.1180000000000001 0.89999999999999991
 23 7 180 0.40000000000000002 2 4 16 2400 -0.14159265358979312 0.99574780464172363 53 1 0.84899999999999998 1
 24 7 388 1.6000000000000001 1 3 16 2000 0.85840734641020688 0.89437150955200195 59 0 1.198 0.79999999999999993
 25 7 170 0.40000000000000002 2 4 16 2000 0.85840734641020688 0.9337310791015625 53 1 0.82699999999999996 1
 26 7 532 3 2 3 16 2000 2.8584073464102069 1.0556032657623291 59 0 0.96899999999999997 0.79999999999999993
 27 7 418 1.6000000000000001 1 4 16 2400 -2.1415926535897931 1.2216789722442627 59 0 0.80300000000000005 0.69999999999999996
 28 7 115 0.40000000000000002 1 3 20 2200 -3.1415926535897931 0.9080512523651123 59 0 0.99399999999999999 1
 29 7 273 0.80000000000000004 2 4 16 2400 0.85840734641020688 2.3782849311828613 59 0 0.98599999999999999 0.79999999999999993
 30 7 548 3 2 3 20 2200 -1.1415926535897931 1.0024757385253906 59 0 1.1379999999999999 0.69999999999999996
 31 7 353 1.2 2 3 20 2200 -3.1415926535897931 0.84853672981262207 59 0 0.95199999999999996 0.79999999999999993
 32 7 421 1.6000000000000001 1 4 20 2000 -2.1415926535897931 0.82729458808898926 59 0 0.94499999999999995 0.79999999999999993
 33 7 482 3 1 3 16 2000 -1.1415926535897931 0.83940815925598145 59 0 0.999 0.79999999999999993
 34 7 474 1.6000000000000001 2 4 20 2200 1.8584073464102069 0.83502888679504395 59 0 1.0409999999999999 0.89999999999999991
 35 7 516 3 1 4 16 2400 -3.1415926535897931 0.90099930763244629 59 0 1.1339999999999999 0.79999999999999993
 36 7 348 1.2 2 3 16 2400 2.8584073464102069 0.81702804565429688 59 0 0.89100000000000001 0.89999999999999991
 37 7 545 3 2 3 20 2200 0.85840734641020688 0.83925890922546387 59 0 0.96899999999999997 0.79999999999999993
 38 7 386 1.6000000000000001 1 3 16 2000 2.8584073464102069 2.7956299781799316 59 0 1.131 0.89999999999999991
 39 7 487 3 1 3 16 2200 2.8584073464102069 1.2249505519866943 59 0 0.92100000000000004 1
 40 7 97 0.40000000000000002 1 3 16 2000 1.8584073464102069 0.98477554321289062 53 1 0.80600000000000005 0.89999999999999991
 41 7 415 1.6000000000000001 1 4 16 2200 -0.14159265358979312 0.89023447036743164 59 0 1.054 1
 42 7 293 1.2 1 3 16 2200 -1.1415926535897931 2.6432995796203613 59 0 0.88900000000000001 0.69999999999999996
 43 7 433 1.6000000000000001 2 3 16 2000 -2.1415926535897931 1.0214095115661621 59 0 0.97699999999999998 0.69999999999999996
 44 7 57 0 2 3 16 2400 1.8584073464102069 1.0524001121520996 53 1 0.93700000000000006 0.89999999999999991
 45 7 79 0 2 4 16 2200 2.8584073464102069 1.0178079605102539 53 1 1.0049999999999999 0.89999999999999991
 46 7 32 0 1 4 16 2200 0.85840734641020688 0.89079475402832031 53 1 0.84499999999999997 0.79999999999999993
 47 7 524 3 1 4 20 2200 -2.1415926535897931 0.98785758018493652 59 0 1.012 1
 48 7 146 0.40000000000000002 2 3 16 2000 -3.1415926535897931 0.9779047966003418 53 1 1.1639999999999999 0.89999999999999991


# name: resolution
# type: matrix
# rows: 1
# columns: 2
 1366 768


# name: hz
# type: scalar
60


# name: pc
# type: sq_string
# elements: 1
# length: 21
gregor-Latitude-E6320


# name: experiment
# type: sq_string
# elements: 1
# length: 4
RFPb


# name: isOctave
# type: bool
1




