# Created by Octave 5.2.0, Tue Apr 05 14:14:34 2022 CEST <student@gregor-Latitude-E6320>
# name: RFP
# type: scalar struct
# ndims: 2
 1 1
# length: 10
# name: vp
# type: sq_string
# elements: 1
# length: 3
V19


# name: mapping
# type: scalar
1


# name: date
# type: sq_string
# elements: 1
# length: 15
20220405T141224


# name: block
# type: scalar
2


# name: outmat
# type: matrix
# rows: 48
# columns: 14
 1 2 247 0.80000000000000004 2 3 16 2200 -1.1415926535897931 1.1022014617919922 53 1 1.0580000000000001 0.79999999999999993
 2 2 229 0.80000000000000004 1 4 20 2000 -0.14159265358979312 0.98375678062438965 53 1 1.1479999999999999 1
 3 2 440 1.6000000000000001 2 3 16 2200 -3.1415926535897931 1.197601318359375 59 0 1.117 1
 4 2 199 0.80000000000000004 1 3 16 2200 0.85840734641020688 0.82993221282958984 59 0 0.81200000000000006 0.79999999999999993
 5 2 171 0.40000000000000002 2 4 16 2000 -2.1415926535897931 1.1680142879486084 53 1 1.0029999999999999 0.69999999999999996
 6 2 339 1.2 2 3 16 2000 -1.1415926535897931 1.07961106300354 53 1 1.004 0.79999999999999993
 7 2 501 3 1 3 20 2400 -0.14159265358979312 0.86553573608398438 59 0 0.92600000000000005 0.89999999999999991
 8 2 336 1.2 1 4 20 2400 -0.14159265358979312 4.4920103549957275 59 0 1.107 0.79999999999999993
 9 2 476 1.6000000000000001 2 4 20 2200 2.8584073464102069 1.2835109233856201 59 0 0.94699999999999995 1
 10 2 35 0 1 4 16 2400 -2.1415926535897931 0.87967944145202637 53 1 0.97299999999999998 1
 11 2 194 0.80000000000000004 1 3 16 2000 1.8584073464102069 0.82906866073608398 53 1 1.083 0.89999999999999991
 12 2 543 3 2 3 20 2000 -1.1415926535897931 2.7746968269348145 59 0 1.1339999999999999 0.79999999999999993
 13 2 153 0.40000000000000002 2 3 16 2400 0.85840734641020688 1.2477908134460449 53 1 0.98899999999999999 1
 14 2 239 0.80000000000000004 1 4 20 2400 -2.1415926535897931 3.6544449329376221 59 0 1.04 0.79999999999999993
 15 2 149 0.40000000000000002 2 3 16 2200 -2.1415926535897931 1.6347048282623291 53 1 1.1359999999999999 0.69999999999999996
 16 2 6 0 1 3 16 2200 1.8584073464102069 1.08760666847229 53 1 0.999 1
 17 2 525 3 1 4 20 2400 1.8584073464102069 0.91513514518737793 59 0 1.071 0.69999999999999996
 18 2 210 0.80000000000000004 1 3 20 2200 -3.1415926535897931 4.8421921730041504 59 0 1.056 0.69999999999999996
 19 2 103 0.40000000000000002 1 3 16 2200 -1.1415926535897931 1.2897367477416992 53 1 1.131 0.89999999999999991
 20 2 161 0.40000000000000002 2 3 20 2200 -3.1415926535897931 1.0624148845672607 53 1 0.83199999999999996 0.69999999999999996
 21 2 467 1.6000000000000001 2 4 16 2400 -3.1415926535897931 1.4310564994812012 53 1 0.98099999999999998 0.69999999999999996
 22 2 511 3 1 4 16 2200 0.85840734641020688 4.1196753978729248 53 1 0.80300000000000005 0.69999999999999996
 23 2 228 0.80000000000000004 1 4 16 2400 -3.1415926535897931 1.0547761917114258 53 1 0.84799999999999998 0.89999999999999991
 24 2 163 0.40000000000000002 2 3 20 2200 2.8584073464102069 1.1442017555236816 53 1 1.0509999999999999 1
 25 2 298 1.2 1 3 16 2400 0.85840734641020688 1.123511791229248 53 1 1.1339999999999999 0.89999999999999991
 26 2 319 1.2 1 4 16 2200 -2.1415926535897931 1.1926765441894531 53 1 0.91900000000000004 0.79999999999999993
 27 2 416 1.6000000000000001 1 4 16 2200 2.8584073464102069 0.90645694732666016 53 1 1.02 0.79999999999999993
 28 2 225 0.80000000000000004 1 4 16 2400 0.85840734641020688 4.4325456619262695 53 1 1.0389999999999999 0.69999999999999996
 29 2 491 3 1 3 16 2400 2.8584073464102069 1.1427462100982666 59 0 1.117 1
 30 2 300 1.2 1 3 16 2400 -1.1415926535897931 1.1059095859527588 59 0 1.1000000000000001 0.79999999999999993
 31 2 187 0.40000000000000002 2 4 20 2200 0.85840734641020688 0.9163362979888916 53 1 1.167 0.79999999999999993
 32 2 498 3 1 3 20 2200 -2.1415926535897931 1.332148551940918 59 0 1.099 0.69999999999999996
 33 2 435 1.6000000000000001 2 3 16 2000 1.8584073464102069 1.0506019592285156 59 0 1.0109999999999999 0.79999999999999993
 34 2 277 0.80000000000000004 2 4 20 2000 -2.1415926535897931 0.82379794120788574 59 0 1.121 0.89999999999999991
 35 2 121 0.40000000000000002 1 4 16 2000 1.8584073464102069 0.93412446975708008 53 1 0.95199999999999996 0.89999999999999991
 36 2 483 3 1 3 16 2000 1.8584073464102069 0.94135236740112305 59 0 1.0660000000000001 0.89999999999999991
 37 2 139 0.40000000000000002 1 4 20 2200 -1.1415926535897931 0.82225251197814941 59 0 1.129 0.89999999999999991
 38 2 157 0.40000000000000002 2 3 20 2000 -0.14159265358979312 0.85297846794128418 59 0 1.0700000000000001 0.79999999999999993
 39 2 254 0.80000000000000004 2 3 20 2000 -0.14159265358979312 1.0466196537017822 59 0 0.90300000000000002 0.79999999999999993
 40 2 393 1.6000000000000001 1 3 16 2400 2.8584073464102069 1.1271049976348877 59 0 1.002 0.89999999999999991
 41 2 301 1.2 1 3 20 2000 0.85840734641020688 3.8580262660980225 59 0 1.093 0.89999999999999991
 42 2 84 0 2 4 16 2400 -2.1415926535897931 0.99228286743164062 53 1 1.016 0.79999999999999993
 43 2 490 3 1 3 16 2400 0.85840734641020688 3.1417684555053711 59 0 1.1120000000000001 1
 44 2 134 0.40000000000000002 1 4 20 2000 -0.14159265358979312 1.3444359302520752 53 1 0.80800000000000005 1
 45 2 165 0.40000000000000002 2 3 20 2400 1.8584073464102069 0.85639142990112305 53 1 0.81499999999999995 0.89999999999999991
 46 2 384 1.2 2 4 20 2400 -0.14159265358979312 3.584686279296875 53 1 0.97099999999999997 1
 47 2 567 3 2 4 20 2000 1.8584073464102069 1.0724313259124756 59 0 1.0640000000000001 1
 48 2 81 0 2 4 16 2400 -3.1415926535897931 3.155707836151123 53 1 1.159 0.89999999999999991


# name: resolution
# type: matrix
# rows: 1
# columns: 2
 1366 768


# name: hz
# type: scalar
60


# name: pc
# type: sq_string
# elements: 1
# length: 21
gregor-Latitude-E6320


# name: experiment
# type: sq_string
# elements: 1
# length: 4
RFPb


# name: isOctave
# type: bool
1




