# Created by Octave 5.2.0, Tue Apr 05 14:30:38 2022 CEST <student@gregor-Latitude-E6320>
# name: RFP
# type: scalar struct
# ndims: 2
 1 1
# length: 10
# name: vp
# type: sq_string
# elements: 1
# length: 3
V19


# name: mapping
# type: scalar
1


# name: date
# type: sq_string
# elements: 1
# length: 15
20220405T142852


# name: block
# type: scalar
10


# name: outmat
# type: matrix
# rows: 48
# columns: 14
 1 10 38 0 1 4 20 2000 -2.1415926535897931 0.99490618705749512 53 1 0.88500000000000001 0.69999999999999996
 2 10 311 1.2 1 3 20 2400 -2.1415926535897931 3.1389651298522949 59 0 1.161 1
 3 10 312 1.2 1 3 20 2400 2.8584073464102069 0.97375297546386719 59 0 1.1619999999999999 0.79999999999999993
 4 10 465 1.6000000000000001 2 4 16 2400 -3.1415926535897931 0.92343401908874512 59 0 1.121 1
 5 10 145 0.40000000000000002 2 3 16 2000 0.85840734641020688 0.87390899658203125 53 1 0.91700000000000004 1
 6 10 359 1.2 2 3 20 2400 -3.1415926535897931 0.82455205917358398 59 0 1.1899999999999999 0.79999999999999993
 7 10 53 0 2 3 16 2200 -1.1415926535897931 0.99016261100769043 53 1 0.94899999999999995 0.89999999999999991
 8 10 367 1.2 2 4 16 2200 0.85840734641020688 0.91790342330932617 53 1 1.0289999999999999 1
 9 10 518 3 1 4 20 2000 -2.1415926535897931 2.2428033351898193 59 0 0.85399999999999998 0.69999999999999996
 10 10 216 0.80000000000000004 1 3 20 2400 -2.1415926535897931 1.0052547454833984 59 0 1.097 1
 11 10 396 1.6000000000000001 1 3 16 2400 -2.1415926535897931 0.83637833595275879 59 0 1.0509999999999999 0.89999999999999991
 12 10 182 0.40000000000000002 2 4 20 2000 -3.1415926535897931 0.88370418548583984 59 0 1.0609999999999999 0.79999999999999993
 13 10 54 0 2 3 16 2200 -0.14159265358979312 0.87463498115539551 53 1 0.92400000000000004 0.69999999999999996
 14 10 345 1.2 2 3 16 2400 -0.14159265358979312 2.8504445552825928 53 1 0.85699999999999998 0.69999999999999996
 15 10 224 0.80000000000000004 1 4 16 2200 -0.14159265358979312 0.89623165130615234 53 1 0.92000000000000004 0.79999999999999993
 16 10 559 3 2 4 16 2200 -3.1415926535897931 0.81971526145935059 53 1 1.1459999999999999 0.69999999999999996
 17 10 434 1.6000000000000001 2 3 16 2000 2.8584073464102069 1.0444023609161377 59 0 0.86699999999999999 0.79999999999999993
 18 10 453 1.6000000000000001 2 3 20 2400 -0.14159265358979312 0.99842405319213867 59 0 0.98999999999999999 0.79999999999999993
 19 10 264 0.80000000000000004 2 3 20 2400 -0.14159265358979312 0.90592265129089355 59 0 1.044 0.79999999999999993
 20 10 5 0 1 3 16 2200 -2.1415926535897931 0.87627863883972168 53 1 0.89000000000000001 0.79999999999999993
 21 10 551 3 2 3 20 2400 1.8584073464102069 0.96977424621582031 59 0 1.0489999999999999 0.79999999999999993
 22 10 203 0.80000000000000004 1 3 16 2400 -2.1415926535897931 0.90387177467346191 59 0 0.83699999999999997 0.89999999999999991
 23 10 372 1.2 2 4 16 2400 -0.14159265358979312 0.89503335952758789 59 0 1.1200000000000001 0.79999999999999993
 24 10 236 0.80000000000000004 1 4 20 2200 1.8584073464102069 0.92825937271118164 59 0 0.84699999999999998 0.69999999999999996
 25 10 473 1.6000000000000001 2 4 20 2200 -3.1415926535897931 1.055356502532959 59 0 0.86699999999999999 1
 26 10 544 3 2 3 20 2000 -1.1415926535897931 0.91903972625732422 59 0 0.82699999999999996 0.79999999999999993
 27 10 438 1.6000000000000001 2 3 16 2200 2.8584073464102069 0.99927520751953125 59 0 1.1859999999999999 0.79999999999999993
 28 10 176 0.40000000000000002 2 4 16 2200 -2.1415926535897931 1.0279178619384766 59 0 0.91700000000000004 0.69999999999999996
 29 10 150 0.40000000000000002 2 3 16 2200 -2.1415926535897931 0.8284001350402832 53 1 1.171 1
 30 10 458 1.6000000000000001 2 4 16 2000 2.8584073464102069 0.93972969055175781 59 0 1.1679999999999999 0.79999999999999993
 31 10 137 0.40000000000000002 1 4 20 2200 0.85840734641020688 1.0648765563964844 53 1 1.0680000000000001 1
 32 10 183 0.40000000000000002 2 4 20 2000 0.85840734641020688 0.95299506187438965 53 1 1.1559999999999999 0.89999999999999991
 33 10 575 3 2 4 20 2400 2.8584073464102069 0.97774910926818848 59 0 1.002 1
 34 10 283 0.80000000000000004 2 4 20 2200 -0.14159265358979312 0.86525964736938477 59 0 1.198 0.89999999999999991
 35 10 340 1.2 2 3 16 2000 0.85840734641020688 0.95016574859619141 59 0 1.0620000000000001 0.69999999999999996
 36 10 306 1.2 1 3 20 2200 1.8584073464102069 0.91473698616027832 59 0 1.0740000000000001 0.89999999999999991
 37 10 59 0 2 3 16 2400 -2.1415926535897931 0.95380449295043945 53 1 1.014 0.69999999999999996
 38 10 111 0.40000000000000002 1 3 20 2000 0.85840734641020688 2.6831982135772705 53 1 1.1930000000000001 0.79999999999999993
 39 10 455 1.6000000000000001 2 3 20 2400 2.8584073464102069 0.9128575325012207 59 0 1.073 0.69999999999999996
 40 10 184 0.40000000000000002 2 4 20 2000 1.8584073464102069 0.94139885902404785 59 0 1.0329999999999999 0.89999999999999991
 41 10 549 3 2 3 20 2400 0.85840734641020688 0.8393561840057373 59 0 0.85699999999999998 0.79999999999999993
 42 10 175 0.40000000000000002 2 4 16 2200 1.8584073464102069 0.87986588478088379 53 1 0.996 0.79999999999999993
 43 10 324 1.2 1 4 16 2400 2.8584073464102069 0.83755087852478027 59 0 1.1140000000000001 1
 44 10 75 0 2 4 16 2000 2.8584073464102069 2.7565975189208984 53 1 0.98399999999999999 1
 45 10 78 0 2 4 16 2200 2.8584073464102069 0.91800642013549805 53 1 0.96999999999999997 0.89999999999999991
 46 10 9 0 1 3 16 2400 1.8584073464102069 2.6121840476989746 53 1 0.89900000000000002 0.69999999999999996
 47 10 535 3 2 3 16 2200 -1.1415926535897931 1.007758617401123 59 0 1.1859999999999999 0.89999999999999991
 48 10 186 0.40000000000000002 2 4 20 2200 1.8584073464102069 0.82993102073669434 53 1 1.026 0.89999999999999991


# name: resolution
# type: matrix
# rows: 1
# columns: 2
 1366 768


# name: hz
# type: scalar
60


# name: pc
# type: sq_string
# elements: 1
# length: 21
gregor-Latitude-E6320


# name: experiment
# type: sq_string
# elements: 1
# length: 4
RFPb


# name: isOctave
# type: bool
1




