# Created by Octave 5.2.0, Tue Apr 05 14:19:10 2022 CEST <student@gregor-Latitude-E6320>
# name: RFP
# type: scalar struct
# ndims: 2
 1 1
# length: 10
# name: vp
# type: sq_string
# elements: 1
# length: 3
V19


# name: mapping
# type: scalar
1


# name: date
# type: sq_string
# elements: 1
# length: 15
20220405T141659


# name: block
# type: scalar
4


# name: outmat
# type: matrix
# rows: 48
# columns: 14
 1 4 470 1.6000000000000001 2 4 20 2000 2.8584073464102069 1.1036715507507324 59 0 1.026 0.79999999999999993
 2 4 342 1.2 2 3 16 2200 -3.1415926535897931 4.6200873851776123 59 0 1.1020000000000001 0.89999999999999991
 3 4 542 3 2 3 20 2000 -1.1415926535897931 1.2047088146209717 59 0 1.173 0.69999999999999996
 4 4 430 1.6000000000000001 1 4 20 2400 0.85840734641020688 1.0162467956542969 59 0 1.042 0.89999999999999991
 5 4 252 0.80000000000000004 2 3 16 2400 2.8584073464102069 0.86217427253723145 59 0 1.0409999999999999 0.69999999999999996
 6 4 197 0.80000000000000004 1 3 16 2200 -2.1415926535897931 3.4929060935974121 59 0 1.1719999999999999 0.79999999999999993
 7 4 338 1.2 2 3 16 2000 2.8584073464102069 0.86337566375732422 59 0 1.1080000000000001 0.89999999999999991
 8 4 296 1.2 1 3 16 2200 0.85840734641020688 3.5582587718963623 59 0 1.1899999999999999 0.69999999999999996
 9 4 141 0.40000000000000002 1 4 20 2400 -2.1415926535897931 1.0454645156860352 53 1 0.93400000000000005 0.89999999999999991
 10 4 74 0 2 4 16 2000 1.8584073464102069 0.8264763355255127 53 1 1.1419999999999999 0.89999999999999991
 11 4 405 1.6000000000000001 1 3 20 2400 -3.1415926535897931 0.99399280548095703 59 0 1.01 0.79999999999999993
 12 4 420 1.6000000000000001 1 4 16 2400 -3.1415926535897931 0.86828064918518066 59 0 0.98299999999999998 0.89999999999999991
 13 4 523 3 1 4 20 2200 2.8584073464102069 1.0421993732452393 59 0 1 1
 14 4 463 1.6000000000000001 2 4 16 2200 1.8584073464102069 1.0465905666351318 59 0 0.91200000000000003 0.89999999999999991
 15 4 100 0.40000000000000002 1 3 16 2000 -1.1415926535897931 0.82441949844360352 53 1 0.90100000000000002 1
 16 4 437 1.6000000000000001 2 3 16 2200 -2.1415926535897931 0.8352808952331543 59 0 1.0489999999999999 0.69999999999999996
 17 4 251 0.80000000000000004 2 3 16 2400 -3.1415926535897931 2.3556361198425293 59 0 0.86799999999999999 1
 18 4 7 0 1 3 16 2200 -1.1415926535897931 0.95859980583190918 53 1 1.04 1
 19 4 445 1.6000000000000001 2 3 20 2000 1.8584073464102069 2.2529158592224121 59 0 0.81100000000000005 0.69999999999999996
 20 4 198 0.80000000000000004 1 3 16 2200 -1.1415926535897931 1.0836668014526367 59 0 0.94999999999999996 0.69999999999999996
 21 4 107 0.40000000000000002 1 3 16 2400 1.8584073464102069 2.393404483795166 53 1 1.194 0.79999999999999993
 22 4 419 1.6000000000000001 1 4 16 2400 -3.1415926535897931 1.3966925144195557 59 0 0.90300000000000002 0.79999999999999993
 23 4 135 0.40000000000000002 1 4 20 2000 0.85840734641020688 1.0523245334625244 59 0 1.0029999999999999 0.69999999999999996
 24 4 276 0.80000000000000004 2 4 16 2400 0.85840734641020688 3.0071530342102051 59 0 1.0740000000000001 0.69999999999999996
 25 4 329 1.2 1 4 20 2200 2.8584073464102069 1.2414684295654297 59 0 1.1439999999999999 0.89999999999999991
 26 4 152 0.40000000000000002 2 3 16 2200 -2.1415926535897931 3.7135546207427979 59 0 0.96799999999999997 0.69999999999999996
 27 4 138 0.40000000000000002 1 4 20 2200 -1.1415926535897931 1.599078893661499 59 0 1.1000000000000001 1
 28 4 28 0 1 4 16 2000 1.8584073464102069 1.1054844856262207 53 1 1.1240000000000001 0.69999999999999996
 29 4 429 1.6000000000000001 1 4 20 2400 0.85840734641020688 1.1179323196411133 59 0 1.006 0.69999999999999996
 30 4 37 0 1 4 20 2000 2.8584073464102069 1.066699743270874 53 1 0.83099999999999996 1
 31 4 222 0.80000000000000004 1 4 16 2200 -0.14159265358979312 1.0517723560333252 53 1 1.0569999999999999 0.69999999999999996
 32 4 503 3 1 3 20 2400 1.8584073464102069 1.0905559062957764 59 0 1.0860000000000001 1
 33 4 526 3 1 4 20 2400 -1.1415926535897931 1.0341525077819824 59 0 1.089 0.79999999999999993
 34 4 322 1.2 1 4 16 2400 -1.1415926535897931 1.0118682384490967 59 0 1.139 0.69999999999999996
 35 4 495 3 1 3 20 2000 -2.1415926535897931 0.91753292083740234 59 0 0.91800000000000004 0.89999999999999991
 36 4 223 0.80000000000000004 1 4 16 2200 -3.1415926535897931 0.89966058731079102 59 0 0.998 0.89999999999999991
 37 4 191 0.40000000000000002 2 4 20 2400 -1.1415926535897931 3.8649415969848633 59 0 1.0509999999999999 0.79999999999999993
 38 4 492 3 1 3 16 2400 -2.1415926535897931 0.89714670181274414 59 0 0.89700000000000002 1
 39 4 248 0.80000000000000004 2 3 16 2200 -1.1415926535897931 1.0723085403442383 59 0 0.97099999999999997 0.89999999999999991
 40 4 3 0 1 3 16 2000 -0.14159265358979312 3.5977914333343506 53 1 1.1910000000000001 0.69999999999999996
 41 4 558 3 2 4 16 2200 2.8584073464102069 1.1164872646331787 59 0 0.86499999999999999 0.79999999999999993
 42 4 370 1.2 2 4 16 2400 -3.1415926535897931 0.96866035461425781 59 0 1.1619999999999999 1
 43 4 424 1.6000000000000001 1 4 20 2000 2.8584073464102069 3.0709233283996582 59 0 1.014 0.89999999999999991
 44 4 246 0.80000000000000004 2 3 16 2200 0.85840734641020688 1.0356411933898926 53 1 0.90800000000000003 0.89999999999999991
 45 4 128 0.40000000000000002 1 4 16 2200 2.8584073464102069 3.730668306350708 53 1 1.042 1
 46 4 291 1.2 1 3 16 2000 -3.1415926535897931 0.86623883247375488 59 0 0.877 0.69999999999999996
 47 4 505 3 1 4 16 2000 0.85840734641020688 2.6112406253814697 59 0 0.99199999999999999 0.89999999999999991
 48 4 513 3 1 4 16 2400 -1.1415926535897931 3.1379425525665283 59 0 1.1519999999999999 0.69999999999999996


# name: resolution
# type: matrix
# rows: 1
# columns: 2
 1366 768


# name: hz
# type: scalar
60


# name: pc
# type: sq_string
# elements: 1
# length: 21
gregor-Latitude-E6320


# name: experiment
# type: sq_string
# elements: 1
# length: 4
RFPb


# name: isOctave
# type: bool
1




