# Created by Octave 5.2.0, Tue Apr 05 15:02:58 2022 CEST <student@gregor-Latitude-E6320>
# name: RFP
# type: scalar struct
# ndims: 2
 1 1
# length: 10
# name: vp
# type: sq_string
# elements: 1
# length: 3
V20


# name: mapping
# type: scalar
1


# name: date
# type: sq_string
# elements: 1
# length: 15
20220405T150111


# name: block
# type: scalar
2


# name: outmat
# type: matrix
# rows: 48
# columns: 14
 1 2 491 3 1 3 16 2400 0.85840734641020688 0.95328116416931152 59 0 0.93600000000000005 1
 2 2 445 1.6000000000000001 2 3 20 2000 -2.1415926535897931 1.070120096206665 59 0 1.115 0.69999999999999996
 3 2 191 0.40000000000000002 2 4 20 2400 2.8584073464102069 1.0176188945770264 53 1 1.1299999999999999 0.79999999999999993
 4 2 211 0.80000000000000004 1 3 20 2200 -3.1415926535897931 1.0886526107788086 59 0 0.84099999999999997 1
 5 2 68 0 2 3 20 2200 -0.14159265358979312 0.87507295608520508 53 1 0.98299999999999998 0.79999999999999993
 6 2 444 1.6000000000000001 2 3 16 2400 -3.1415926535897931 0.99868369102478027 59 0 1.1950000000000001 0.79999999999999993
 7 2 17 0 1 3 20 2200 0.85840734641020688 0.93977832794189453 53 1 1.117 0.79999999999999993
 8 2 137 0.40000000000000002 1 4 20 2200 0.85840734641020688 1.0908243656158447 53 1 1.1819999999999999 0.89999999999999991
 9 2 287 0.80000000000000004 2 4 20 2400 1.8584073464102069 1.0257346630096436 59 0 0.92400000000000004 0.79999999999999993
 10 2 510 3 1 4 16 2200 2.8584073464102069 0.88583922386169434 59 0 1.198 1
 11 2 524 3 1 4 20 2200 0.85840734641020688 0.96365118026733398 59 0 1.173 0.79999999999999993
 12 2 308 1.2 1 3 20 2200 -2.1415926535897931 1.0917267799377441 59 0 1.167 0.89999999999999991
 13 2 242 0.80000000000000004 2 3 16 2000 -0.14159265358979312 1.277336597442627 59 0 1.1479999999999999 1
 14 2 338 1.2 2 3 16 2000 2.8584073464102069 1.0458881855010986 59 0 1.157 0.69999999999999996
 15 2 440 1.6000000000000001 2 3 16 2200 -2.1415926535897931 1.047663688659668 59 0 1.1140000000000001 0.69999999999999996
 16 2 496 3 1 3 20 2000 1.8584073464102069 1.0525979995727539 59 0 1.044 0.89999999999999991
 17 2 493 3 1 3 20 2000 -2.1415926535897931 1.1440370082855225 59 0 0.86899999999999999 0.69999999999999996
 18 2 443 1.6000000000000001 2 3 16 2400 -2.1415926535897931 1.1783447265625 59 0 0.85399999999999998 0.89999999999999991
 19 2 271 0.80000000000000004 2 4 16 2200 -1.1415926535897931 1.0457303524017334 53 1 1.1359999999999999 0.89999999999999991
 20 2 229 0.80000000000000004 1 4 20 2000 -1.1415926535897931 1.2244365215301514 59 0 1.085 1
 21 2 40 0 1 4 20 2000 -1.1415926535897931 1.0594983100891113 53 1 1.028 1
 22 2 88 0 2 4 20 2000 0.85840734641020688 1.1377072334289551 53 1 0.95699999999999996 0.69999999999999996
 23 2 152 0.40000000000000002 2 3 16 2200 -2.1415926535897931 1.0889999866485596 53 1 1.0189999999999999 0.79999999999999993
 24 2 412 1.6000000000000001 1 4 16 2000 -0.14159265358979312 1.1640808582305908 59 0 0.81699999999999995 0.69999999999999996
 25 2 97 0.40000000000000002 1 3 16 2000 1.8584073464102069 1.0815942287445068 53 1 1.1679999999999999 0.79999999999999993
 26 2 394 1.6000000000000001 1 3 16 2400 -0.14159265358979312 0.96352124214172363 59 0 0.99199999999999999 0.69999999999999996
 27 2 563 3 2 4 16 2400 1.8584073464102069 1.0548775196075439 59 0 1.101 0.89999999999999991
 28 2 193 0.80000000000000004 1 3 16 2000 -0.14159265358979312 0.95648527145385742 59 0 1.0609999999999999 0.69999999999999996
 29 2 82 0 2 4 16 2400 -0.14159265358979312 0.85083699226379395 53 1 1.1919999999999999 0.79999999999999993
 30 2 124 0.40000000000000002 1 4 16 2000 0.85840734641020688 0.85244941711425781 53 1 1.0609999999999999 0.69999999999999996
 31 2 14 0 1 3 20 2000 -2.1415926535897931 0.8195641040802002 53 1 0.86299999999999999 1
 32 2 519 3 1 4 20 2000 0.85840734641020688 2.9495754241943359 59 0 0.97099999999999997 1
 33 2 381 1.2 2 4 20 2400 -0.14159265358979312 1.1168391704559326 59 0 1.1439999999999999 1
 34 2 5 0 1 3 16 2200 -3.1415926535897931 1.1126306056976318 53 1 1.1779999999999999 1
 35 2 26 0 1 4 16 2000 -0.14159265358979312 1.1319551467895508 53 1 1.014 1
 36 2 521 3 1 4 20 2200 -3.1415926535897931 1.0736253261566162 59 0 0.98099999999999998 0.89999999999999991
 37 2 200 0.80000000000000004 1 3 16 2200 -2.1415926535897931 1.0552470684051514 59 0 1.119 0.89999999999999991
 38 2 405 1.6000000000000001 1 3 20 2400 2.8584073464102069 0.86371731758117676 59 0 1.119 0.79999999999999993
 39 2 122 0.40000000000000002 1 4 16 2000 1.8584073464102069 3.289031982421875 53 1 1.0489999999999999 0.89999999999999991
 40 2 52 0 2 3 16 2000 -2.1415926535897931 1.3147788047790527 53 1 1.135 0.69999999999999996
 41 2 346 1.2 2 3 16 2400 -2.1415926535897931 1.2281360626220703 59 0 1.0840000000000001 1
 42 2 111 0.40000000000000002 1 3 20 2000 0.85840734641020688 1.5155942440032959 53 1 1.006 0.79999999999999993
 43 2 546 3 2 3 20 2200 -1.1415926535897931 1.0715696811676025 59 0 0.90700000000000003 0.79999999999999993
 44 2 369 1.2 2 4 16 2400 1.8584073464102069 1.0197830200195312 59 0 1.008 0.79999999999999993
 45 2 74 0 2 4 16 2000 0.85840734641020688 1.1589095592498779 53 1 1.0720000000000001 0.79999999999999993
 46 2 218 0.80000000000000004 1 4 16 2000 -0.14159265358979312 1.0380399227142334 59 0 0.92200000000000004 1
 47 2 71 0 2 3 20 2400 -0.14159265358979312 0.98290848731994629 53 1 0.85399999999999998 1
 48 2 180 0.40000000000000002 2 4 16 2400 1.8584073464102069 1.0552361011505127 53 1 0.94599999999999995 0.79999999999999993


# name: resolution
# type: matrix
# rows: 1
# columns: 2
 1366 768


# name: hz
# type: scalar
60


# name: pc
# type: sq_string
# elements: 1
# length: 21
gregor-Latitude-E6320


# name: experiment
# type: sq_string
# elements: 1
# length: 4
RFPb


# name: isOctave
# type: bool
1




