# Created by Octave 5.2.0, Tue Apr 05 15:08:25 2022 CEST <student@gregor-Latitude-E6320>
# name: RFP
# type: scalar struct
# ndims: 2
 1 1
# length: 10
# name: vp
# type: sq_string
# elements: 1
# length: 3
V20


# name: mapping
# type: scalar
1


# name: date
# type: sq_string
# elements: 1
# length: 15
20220405T150638


# name: block
# type: scalar
5


# name: outmat
# type: matrix
# rows: 48
# columns: 14
 1 5 117 0.40000000000000002 1 3 20 2400 -1.1415926535897931 1.1159751415252686 53 1 0.89700000000000002 0.69999999999999996
 2 5 358 1.2 2 3 20 2400 1.8584073464102069 1.1076264381408691 59 0 1.171 1
 3 5 9 0 1 3 16 2400 1.8584073464102069 1.0214791297912598 53 1 1.131 0.89999999999999991
 4 5 574 3 2 4 20 2400 1.8584073464102069 1.0685610771179199 59 0 0.98999999999999999 0.89999999999999991
 5 5 59 0 2 3 16 2400 -3.1415926535897931 1.099736213684082 53 1 1.1279999999999999 0.89999999999999991
 6 5 91 0 2 4 20 2200 1.8584073464102069 1.3511254787445068 53 1 0.91400000000000003 1
 7 5 70 0 2 3 20 2400 -0.14159265358979312 1.0932722091674805 53 1 0.82199999999999995 1
 8 5 221 0.80000000000000004 1 4 16 2200 -2.1415926535897931 1.0859470367431641 59 0 1.165 0.69999999999999996
 9 5 36 0 1 4 16 2400 -3.1415926535897931 1.1025698184967041 53 1 0.98999999999999999 0.89999999999999991
 10 5 131 0.40000000000000002 1 4 16 2400 -2.1415926535897931 1.0905599594116211 53 1 0.95399999999999996 1
 11 5 220 0.80000000000000004 1 4 16 2000 -0.14159265358979312 1.1582908630371094 53 1 0.88200000000000001 1
 12 5 499 3 1 3 20 2200 2.8584073464102069 1.1039056777954102 59 0 0.81899999999999995 0.79999999999999993
 13 5 331 1.2 1 4 20 2200 -0.14159265358979312 1.2353637218475342 59 0 0.96599999999999997 0.79999999999999993
 14 5 213 0.80000000000000004 1 3 20 2400 -1.1415926535897931 1.3319089412689209 59 0 1.091 1
 15 5 192 0.40000000000000002 2 4 20 2400 -2.1415926535897931 1.2217488288879395 53 1 1.155 0.89999999999999991
 16 5 402 1.6000000000000001 1 3 20 2200 2.8584073464102069 1.2242610454559326 59 0 1.1890000000000001 0.69999999999999996
 17 5 442 1.6000000000000001 2 3 16 2400 -2.1415926535897931 1.1339397430419922 59 0 0.84199999999999997 0.69999999999999996
 18 5 60 0 2 3 16 2400 2.8584073464102069 1.0996983051300049 53 1 1.1060000000000001 0.79999999999999993
 19 5 452 1.6000000000000001 2 3 20 2200 1.8584073464102069 1.0771915912628174 59 0 1.1679999999999999 1
 20 5 109 0.40000000000000002 1 3 20 2000 0.85840734641020688 1.2029986381530762 53 1 0.81000000000000005 0.89999999999999991
 21 5 299 1.2 1 3 16 2400 2.8584073464102069 1.2941210269927979 59 0 1.159 0.79999999999999993
 22 5 467 1.6000000000000001 2 4 16 2400 1.8584073464102069 1.2003073692321777 59 0 0.95099999999999996 0.89999999999999991
 23 5 53 0 2 3 16 2200 -2.1415926535897931 1.0294597148895264 53 1 0.997 1
 24 5 396 1.6000000000000001 1 3 16 2400 0.85840734641020688 1.0246851444244385 59 0 0.86499999999999999 0.89999999999999991
 25 5 367 1.2 2 4 16 2200 -1.1415926535897931 1.506904125213623 59 0 1.044 1
 26 5 223 0.80000000000000004 1 4 16 2200 -0.14159265358979312 1.1348860263824463 53 1 0.96699999999999997 1
 27 5 439 1.6000000000000001 2 3 16 2200 1.8584073464102069 1.1528794765472412 59 0 0.89000000000000001 0.79999999999999993
 28 5 549 3 2 3 20 2400 -3.1415926535897931 1.2010898590087891 59 0 0.85499999999999998 0.69999999999999996
 29 5 149 0.40000000000000002 2 3 16 2200 1.8584073464102069 1.1303462982177734 53 1 1.161 1
 30 5 531 3 2 3 16 2000 -2.1415926535897931 1.1470074653625488 59 0 1.145 1
 31 5 324 1.2 1 4 16 2400 1.8584073464102069 1.2332108020782471 59 0 0.88100000000000001 0.79999999999999993
 32 5 326 1.2 1 4 20 2000 -1.1415926535897931 1.185197114944458 59 0 1.1279999999999999 1
 33 5 391 1.6000000000000001 1 3 16 2200 -3.1415926535897931 1.244741678237915 59 0 1.101 0.79999999999999993
 34 5 560 3 2 4 16 2200 -2.1415926535897931 1.2116010189056396 59 0 1.004 0.79999999999999993
 35 5 478 1.6000000000000001 2 4 20 2400 -1.1415926535897931 1.0637021064758301 59 0 1.141 0.79999999999999993
 36 5 487 3 1 3 16 2200 -1.1415926535897931 1.1604962348937988 59 0 0.83199999999999996 0.69999999999999996
 37 5 465 1.6000000000000001 2 4 16 2400 -2.1415926535897931 1.2190654277801514 59 0 0.95699999999999996 0.69999999999999996
 38 5 362 1.2 2 4 16 2000 -1.1415926535897931 1.1441211700439453 59 0 0.97899999999999998 1
 39 5 84 0 2 4 16 2400 2.8584073464102069 1.0664525032043457 53 1 1.135 0.69999999999999996
 40 5 567 3 2 4 20 2000 -2.1415926535897931 1.2229385375976562 59 0 1.121 0.69999999999999996
 41 5 108 0.40000000000000002 1 3 16 2400 -0.14159265358979312 1.1106672286987305 53 1 1.198 0.79999999999999993
 42 5 290 1.2 1 3 16 2000 -2.1415926535897931 1.1111786365509033 59 0 1.0780000000000001 0.69999999999999996
 43 5 73 0 2 4 16 2000 -3.1415926535897931 1.2052452564239502 53 1 1.1299999999999999 0.89999999999999991
 44 5 199 0.80000000000000004 1 3 16 2200 0.85840734641020688 1.5462105274200439 59 0 0.94999999999999996 0.69999999999999996
 45 5 212 0.80000000000000004 1 3 20 2200 -1.1415926535897931 1.2942817211151123 59 0 1.155 0.89999999999999991
 46 5 400 1.6000000000000001 1 3 20 2000 -2.1415926535897931 1.1618542671203613 59 0 0.94399999999999995 1
 47 5 330 1.2 1 4 20 2200 -1.1415926535897931 1.131033182144165 59 0 1.1699999999999999 1
 48 5 545 3 2 3 20 2200 -3.1415926535897931 1.1187739372253418 59 0 1.1040000000000001 0.69999999999999996


# name: resolution
# type: matrix
# rows: 1
# columns: 2
 1366 768


# name: hz
# type: scalar
60


# name: pc
# type: sq_string
# elements: 1
# length: 21
gregor-Latitude-E6320


# name: experiment
# type: sq_string
# elements: 1
# length: 4
RFPb


# name: isOctave
# type: bool
1




