# Created by Octave 5.2.0, Tue Apr 05 15:06:36 2022 CEST <student@gregor-Latitude-E6320>
# name: RFP
# type: scalar struct
# ndims: 2
 1 1
# length: 10
# name: vp
# type: sq_string
# elements: 1
# length: 3
V20


# name: mapping
# type: scalar
1


# name: date
# type: sq_string
# elements: 1
# length: 15
20220405T150448


# name: block
# type: scalar
4


# name: outmat
# type: matrix
# rows: 48
# columns: 14
 1 4 121 0.40000000000000002 1 4 16 2000 1.8584073464102069 1.1361305713653564 53 1 0.90700000000000003 0.79999999999999993
 2 4 276 0.80000000000000004 2 4 16 2400 1.8584073464102069 1.2706222534179688 53 1 1.1639999999999999 0.89999999999999991
 3 4 29 0 1 4 16 2200 -3.1415926535897931 1.1626718044281006 53 1 1.1060000000000001 0.79999999999999993
 4 4 1 0 1 3 16 2000 -3.1415926535897931 1.1607649326324463 53 1 0.98999999999999999 1
 5 4 94 0 2 4 20 2400 -3.1415926535897931 1.155019998550415 53 1 0.80500000000000005 1
 6 4 239 0.80000000000000004 1 4 20 2400 -3.1415926535897931 1.1016440391540527 59 0 1.1259999999999999 0.89999999999999991
 7 4 118 0.40000000000000002 1 3 20 2400 -2.1415926535897931 1.243680477142334 53 1 1.0129999999999999 0.89999999999999991
 8 4 283 0.80000000000000004 2 4 20 2200 -2.1415926535897931 1.3089151382446289 59 0 1.042 0.79999999999999993
 9 4 265 0.80000000000000004 2 4 16 2000 0.85840734641020688 1.1337993144989014 53 1 1.1870000000000001 1
 10 4 201 0.80000000000000004 1 3 16 2400 -1.1415926535897931 1.1123361587524414 53 1 0.81499999999999995 0.69999999999999996
 11 4 513 3 1 4 16 2400 0.85840734641020688 1.1525819301605225 59 0 1.1060000000000001 1
 12 4 334 1.2 1 4 20 2400 -3.1415926535897931 1.181159496307373 59 0 1.004 0.89999999999999991
 13 4 310 1.2 1 3 20 2400 -1.1415926535897931 1.1567909717559814 59 0 1.0349999999999999 0.69999999999999996
 14 4 343 1.2 2 3 16 2200 1.8584073464102069 1.1574382781982422 59 0 0.90600000000000003 0.89999999999999991
 15 4 517 3 1 4 20 2000 1.8584073464102069 1.2051856517791748 59 0 1.151 0.79999999999999993
 16 4 258 0.80000000000000004 2 3 20 2200 -1.1415926535897931 1.2352402210235596 59 0 1.0609999999999999 0.79999999999999993
 17 4 226 0.80000000000000004 1 4 16 2400 -0.14159265358979312 1.0914430618286133 53 1 1.0329999999999999 1
 18 4 248 0.80000000000000004 2 3 16 2200 -2.1415926535897931 1.0250513553619385 59 0 0.96099999999999997 0.69999999999999996
 19 4 160 0.40000000000000002 2 3 20 2000 -0.14159265358979312 1.0590088367462158 53 1 1.038 1
 20 4 473 1.6000000000000001 2 4 20 2200 1.8584073464102069 2.9883439540863037 59 0 1.1919999999999999 0.89999999999999991
 21 4 481 3 1 3 16 2000 -0.14159265358979312 1.3899238109588623 59 0 0.92300000000000004 0.79999999999999993
 22 4 383 1.2 2 4 20 2400 1.8584073464102069 1.2298376560211182 59 0 1.127 1
 23 4 243 0.80000000000000004 2 3 16 2000 1.8584073464102069 1.1554725170135498 53 1 1.1779999999999999 0.89999999999999991
 24 4 380 1.2 2 4 20 2200 -3.1415926535897931 1.3355741500854492 59 0 0.91300000000000003 1
 25 4 110 0.40000000000000002 1 3 20 2000 -0.14159265358979312 1.1627678871154785 59 0 1.129 1
 26 4 104 0.40000000000000002 1 3 16 2200 -1.1415926535897931 1.0691452026367188 53 1 0.84199999999999997 0.69999999999999996
 27 4 263 0.80000000000000004 2 3 20 2400 -0.14159265358979312 1.0907256603240967 59 0 0.90700000000000003 0.79999999999999993
 28 4 13 0 1 3 20 2000 -3.1415926535897931 1.1182324886322021 53 1 1.0820000000000001 1
 29 4 344 1.2 2 3 16 2200 -0.14159265358979312 1.1145715713500977 59 0 0.97199999999999998 0.79999999999999993
 30 4 479 1.6000000000000001 2 4 20 2400 -0.14159265358979312 1.1481716632843018 59 0 1.1299999999999999 1
 31 4 233 0.80000000000000004 1 4 20 2200 -3.1415926535897931 1.0811126232147217 53 1 1.0960000000000001 1
 32 4 171 0.40000000000000002 2 4 16 2000 0.85840734641020688 1.1734426021575928 53 1 0.80500000000000005 0.69999999999999996
 33 4 485 3 1 3 16 2200 1.8584073464102069 1.1384830474853516 59 0 0.97799999999999998 1
 34 4 294 1.2 1 3 16 2200 -2.1415926535897931 1.0893058776855469 59 0 1.119 1
 35 4 251 0.80000000000000004 2 3 16 2400 -1.1415926535897931 1.009598970413208 53 1 0.82299999999999995 1
 36 4 303 1.2 1 3 20 2000 -0.14159265358979312 1.0946016311645508 59 0 1.022 0.89999999999999991
 37 4 289 1.2 1 3 16 2000 0.85840734641020688 1.1147377490997314 59 0 1.117 1
 38 4 158 0.40000000000000002 2 3 20 2000 -3.1415926535897931 1.0679433345794678 53 1 0.877 1
 39 4 138 0.40000000000000002 1 4 20 2200 -1.1415926535897931 1.1753082275390625 53 1 0.89400000000000002 0.89999999999999991
 40 4 569 3 2 4 20 2200 -1.1415926535897931 1.0671613216400146 59 0 0.89800000000000002 0.69999999999999996
 41 4 217 0.80000000000000004 1 4 16 2000 -1.1415926535897931 1.1383073329925537 53 1 0.93999999999999995 0.79999999999999993
 42 4 322 1.2 1 4 16 2400 -0.14159265358979312 1.2516574859619141 59 0 1.0760000000000001 1
 43 4 304 1.2 1 3 20 2000 -0.14159265358979312 1.3036353588104248 59 0 1.075 1
 44 4 548 3 2 3 20 2200 -1.1415926535897931 1.1864910125732422 59 0 0.96599999999999997 0.89999999999999991
 45 4 182 0.40000000000000002 2 4 20 2000 -1.1415926535897931 1.1439766883850098 53 1 1.0409999999999999 1
 46 4 106 0.40000000000000002 1 3 16 2400 -3.1415926535897931 1.2465856075286865 53 1 0.88400000000000001 0.89999999999999991
 47 4 85 0 2 4 20 2000 -3.1415926535897931 1.1016714572906494 53 1 1.133 1
 48 4 325 1.2 1 4 20 2000 -0.14159265358979312 1.0949399471282959 59 0 1.1910000000000001 1


# name: resolution
# type: matrix
# rows: 1
# columns: 2
 1366 768


# name: hz
# type: scalar
60


# name: pc
# type: sq_string
# elements: 1
# length: 21
gregor-Latitude-E6320


# name: experiment
# type: sq_string
# elements: 1
# length: 4
RFPb


# name: isOctave
# type: bool
1




