# Created by Octave 5.2.0, Tue Apr 05 15:13:44 2022 CEST <student@gregor-Latitude-E6320>
# name: RFP
# type: scalar struct
# ndims: 2
 1 1
# length: 10
# name: vp
# type: sq_string
# elements: 1
# length: 3
V20


# name: mapping
# type: scalar
1


# name: date
# type: sq_string
# elements: 1
# length: 15
20220405T151156


# name: block
# type: scalar
8


# name: outmat
# type: matrix
# rows: 48
# columns: 14
 1 8 93 0 2 4 20 2400 -3.1415926535897931 1.2906918525695801 53 1 0.96499999999999997 0.89999999999999991
 2 8 175 0.40000000000000002 2 4 16 2200 1.8584073464102069 1.241887092590332 53 1 1.1140000000000001 0.79999999999999993
 3 8 47 0 1 4 20 2400 -3.1415926535897931 1.3017771244049072 53 1 0.93000000000000005 0.89999999999999991
 4 8 378 1.2 2 4 20 2200 -1.1415926535897931 1.1204206943511963 59 0 0.80100000000000005 0.69999999999999996
 5 8 129 0.40000000000000002 1 4 16 2400 -0.14159265358979312 1.1761074066162109 53 1 1.0940000000000001 0.79999999999999993
 6 8 321 1.2 1 4 16 2400 2.8584073464102069 1.2497322559356689 59 0 1.097 1
 7 8 116 0.40000000000000002 1 3 20 2200 -2.1415926535897931 1.309567928314209 59 0 1.0069999999999999 0.69999999999999996
 8 8 401 1.6000000000000001 1 3 20 2200 2.8584073464102069 1.2635927200317383 59 0 1.1719999999999999 0.89999999999999991
 9 8 128 0.40000000000000002 1 4 16 2200 -3.1415926535897931 1.091221809387207 53 1 1.167 0.69999999999999996
 10 8 65 0 2 3 20 2200 -3.1415926535897931 1.3039572238922119 53 1 1.0649999999999999 0.79999999999999993
 11 8 309 1.2 1 3 20 2400 -0.14159265358979312 1.1189017295837402 59 0 0.91100000000000003 0.69999999999999996
 12 8 90 0 2 4 20 2200 -1.1415926535897931 1.2568624019622803 53 1 0.97799999999999998 1
 13 8 419 1.6000000000000001 1 4 16 2400 2.8584073464102069 1.175297737121582 59 0 1.095 0.89999999999999991
 14 8 417 1.6000000000000001 1 4 16 2400 1.8584073464102069 1.2592794895172119 59 0 1.1479999999999999 0.79999999999999993
 15 8 503 3 1 3 20 2400 1.8584073464102069 1.1039586067199707 59 0 1.0329999999999999 0.69999999999999996
 16 8 407 1.6000000000000001 1 3 20 2400 -1.1415926535897931 1.3705830574035645 59 0 0.82699999999999996 0.69999999999999996
 17 8 483 3 1 3 16 2000 1.8584073464102069 1.2232093811035156 59 0 1.1080000000000001 0.69999999999999996
 18 8 498 3 1 3 20 2200 2.8584073464102069 1.2110071182250977 59 0 0.82899999999999996 1
 19 8 155 0.40000000000000002 2 3 16 2400 -3.1415926535897931 1.1309494972229004 53 1 0.80800000000000005 0.69999999999999996
 20 8 492 3 1 3 16 2400 -0.14159265358979312 1.1407134532928467 59 0 1.139 0.69999999999999996
 21 8 431 1.6000000000000001 1 4 20 2400 -2.1415926535897931 1.2680463790893555 59 0 1.159 0.69999999999999996
 22 8 557 3 2 4 16 2200 -3.1415926535897931 1.1658456325531006 59 0 0.83499999999999996 0.79999999999999993
 23 8 282 0.80000000000000004 2 4 20 2200 2.8584073464102069 1.0196294784545898 59 0 1.1819999999999999 0.69999999999999996
 24 8 132 0.40000000000000002 1 4 16 2400 2.8584073464102069 1.1406593322753906 53 1 0.81999999999999995 0.79999999999999993
 25 8 489 3 1 3 16 2400 -0.14159265358979312 1.2065560817718506 59 0 1.0640000000000001 0.69999999999999996
 26 8 404 1.6000000000000001 1 3 20 2200 -3.1415926535897931 1.2311978340148926 59 0 1.1799999999999999 1
 27 8 102 0.40000000000000002 1 3 16 2200 -3.1415926535897931 1.1061670780181885 53 1 1.0620000000000001 0.79999999999999993
 28 8 543 3 2 3 20 2000 -3.1415926535897931 1.1415209770202637 59 0 0.80600000000000005 0.89999999999999991
 29 8 497 3 1 3 20 2200 -3.1415926535897931 1.1149516105651855 59 0 1.097 0.69999999999999996
 30 8 386 1.6000000000000001 1 3 16 2000 0.85840734641020688 1.1402513980865479 59 0 1.1399999999999999 1
 31 8 575 3 2 4 20 2400 -1.1415926535897931 1.1484811305999756 59 0 1.173 0.69999999999999996
 32 8 319 1.2 1 4 16 2200 1.8584073464102069 1.2527971267700195 59 0 1.028 1
 33 8 470 1.6000000000000001 2 4 20 2000 0.85840734641020688 1.0824589729309082 59 0 0.85299999999999998 0.79999999999999993
 34 8 564 3 2 4 16 2400 0.85840734641020688 1.0628962516784668 59 0 0.93500000000000005 0.79999999999999993
 35 8 434 1.6000000000000001 2 3 16 2000 -1.1415926535897931 1.0662472248077393 59 0 1.048 1
 36 8 225 0.80000000000000004 1 4 16 2400 -1.1415926535897931 1.1218869686126709 53 1 0.94999999999999996 1
 37 8 368 1.2 2 4 16 2200 -1.1415926535897931 1.0982611179351807 59 0 1.139 1
 38 8 410 1.6000000000000001 1 4 16 2000 2.8584073464102069 1.5045065879821777 59 0 1.171 0.89999999999999991
 39 8 463 1.6000000000000001 2 4 16 2200 -1.1415926535897931 1.1632468700408936 59 0 0.93400000000000005 0.69999999999999996
 40 8 145 0.40000000000000002 2 3 16 2000 -1.1415926535897931 1.1165423393249512 53 1 1.0669999999999999 0.89999999999999991
 41 8 366 1.2 2 4 16 2200 1.8584073464102069 1.1556632518768311 53 1 1.079 1
 42 8 332 1.2 1 4 20 2200 -3.1415926535897931 1.0950324535369873 59 0 0.91500000000000004 1
 43 8 249 0.80000000000000004 2 3 16 2400 2.8584073464102069 1.1316094398498535 59 0 1.147 0.69999999999999996
 44 8 314 1.2 1 4 16 2000 1.8584073464102069 1.4285671710968018 53 1 0.85799999999999998 1
 45 8 423 1.6000000000000001 1 4 20 2000 2.8584073464102069 1.0894381999969482 59 0 1.04 1
 46 8 150 0.40000000000000002 2 3 16 2200 0.85840734641020688 1.1783733367919922 53 1 1.0629999999999999 0.69999999999999996
 47 8 236 0.80000000000000004 1 4 20 2200 2.8584073464102069 1.2303345203399658 59 0 1.127 0.79999999999999993
 48 8 459 1.6000000000000001 2 4 16 2000 -3.1415926535897931 1.8118536472320557 59 0 1.1399999999999999 0.79999999999999993


# name: resolution
# type: matrix
# rows: 1
# columns: 2
 1366 768


# name: hz
# type: scalar
60


# name: pc
# type: sq_string
# elements: 1
# length: 21
gregor-Latitude-E6320


# name: experiment
# type: sq_string
# elements: 1
# length: 4
RFPb


# name: isOctave
# type: bool
1




