# Created by Octave 5.2.0, Tue Apr 05 15:19:31 2022 CEST <student@gregor-Latitude-E6320>
# name: RFP
# type: scalar struct
# ndims: 2
 1 1
# length: 10
# name: vp
# type: sq_string
# elements: 1
# length: 3
V20


# name: mapping
# type: scalar
1


# name: date
# type: sq_string
# elements: 1
# length: 15
20220405T151746


# name: block
# type: scalar
11


# name: outmat
# type: matrix
# rows: 48
# columns: 14
 1 11 437 1.6000000000000001 2 3 16 2200 0.85840734641020688 1.0923433303833008 59 0 1.0349999999999999 1
 2 11 446 1.6000000000000001 2 3 20 2000 -0.14159265358979312 1.0782351493835449 59 0 0.83099999999999996 1
 3 11 264 0.80000000000000004 2 3 20 2400 1.8584073464102069 1.0820348262786865 59 0 0.92500000000000004 0.79999999999999993
 4 11 115 0.40000000000000002 1 3 20 2200 -0.14159265358979312 1.1515145301818848 59 0 1.1930000000000001 0.69999999999999996
 5 11 135 0.40000000000000002 1 4 20 2000 1.8584073464102069 1.0201268196105957 53 1 1.1619999999999999 0.79999999999999993
 6 11 453 1.6000000000000001 2 3 20 2400 1.8584073464102069 0.96588873863220215 59 0 1.05 1
 7 11 525 3 1 4 20 2400 -1.1415926535897931 2.5465502738952637 59 0 0.97099999999999997 1
 8 11 215 0.80000000000000004 1 3 20 2400 -2.1415926535897931 1.2697210311889648 59 0 0.83299999999999996 0.89999999999999991
 9 11 458 1.6000000000000001 2 4 16 2000 -2.1415926535897931 1.0902905464172363 59 0 0.93100000000000005 1
 10 11 187 0.40000000000000002 2 4 20 2200 0.85840734641020688 1.1131155490875244 53 1 1.048 0.79999999999999993
 11 11 468 1.6000000000000001 2 4 16 2400 -3.1415926535897931 1.3234820365905762 59 0 1.153 0.89999999999999991
 12 11 337 1.2 2 3 16 2000 -1.1415926535897931 1.2076125144958496 59 0 1.1200000000000001 0.79999999999999993
 13 11 357 1.2 2 3 20 2400 -0.14159265358979312 1.0334386825561523 59 0 1.151 0.89999999999999991
 14 11 148 0.40000000000000002 2 3 16 2000 0.85840734641020688 1.09828782081604 53 1 1.117 0.79999999999999993
 15 11 449 1.6000000000000001 2 3 20 2200 -0.14159265358979312 1.0503013134002686 59 0 0.82899999999999996 0.89999999999999991
 16 11 281 0.80000000000000004 2 4 20 2200 1.8584073464102069 1.1666209697723389 59 0 1.0860000000000001 0.69999999999999996
 17 11 89 0 2 4 20 2200 2.8584073464102069 1.0556161403656006 53 1 1.0169999999999999 0.69999999999999996
 18 11 377 1.2 2 4 20 2200 1.8584073464102069 1.0978434085845947 59 0 1.0880000000000001 0.79999999999999993
 19 11 240 0.80000000000000004 1 4 20 2400 -3.1415926535897931 1.1028075218200684 59 0 1.127 0.79999999999999993
 20 11 320 1.2 1 4 16 2200 1.8584073464102069 1.206989049911499 59 0 0.93300000000000005 1
 21 11 162 0.40000000000000002 2 3 20 2200 -0.14159265358979312 1.1133685111999512 59 0 0.95899999999999996 0.89999999999999991
 22 11 250 0.80000000000000004 2 3 16 2400 1.8584073464102069 1.1062943935394287 59 0 1.141 0.69999999999999996
 23 11 292 1.2 1 3 16 2000 1.8584073464102069 1.0946886539459229 59 0 0.85299999999999998 0.79999999999999993
 24 11 298 1.2 1 3 16 2400 1.8584073464102069 1.1145386695861816 59 0 0.91800000000000004 1
 25 11 455 1.6000000000000001 2 3 20 2400 0.85840734641020688 1.2593772411346436 59 0 1.1699999999999999 0.89999999999999991
 26 11 15 0 1 3 20 2000 1.8584073464102069 1.0048341751098633 53 1 0.86499999999999999 0.79999999999999993
 27 11 143 0.40000000000000002 1 4 20 2400 0.85840734641020688 1.0483219623565674 59 0 0.90300000000000002 0.69999999999999996
 28 11 7 0 1 3 16 2200 -0.14159265358979312 1.1770343780517578 53 1 1.1220000000000001 0.69999999999999996
 29 11 161 0.40000000000000002 2 3 20 2200 -1.1415926535897931 1.2736968994140625 59 0 1.0449999999999999 0.89999999999999991
 30 11 333 1.2 1 4 20 2400 -0.14159265358979312 1.1752054691314697 59 0 0.89300000000000002 1
 31 11 409 1.6000000000000001 1 4 16 2000 2.8584073464102069 1.4354248046875 53 1 0.83699999999999997 1
 32 11 139 0.40000000000000002 1 4 20 2200 -0.14159265358979312 1.1487200260162354 53 1 0.91300000000000003 0.69999999999999996
 33 11 374 1.2 2 4 20 2000 -1.1415926535897931 1.1014540195465088 59 0 0.86199999999999999 0.69999999999999996
 34 11 355 1.2 2 3 20 2200 -0.14159265358979312 0.9756934642791748 59 0 1.127 1
 35 11 206 0.80000000000000004 1 3 20 2000 -2.1415926535897931 1.2623436450958252 59 0 0.80200000000000005 0.79999999999999993
 36 11 317 1.2 1 4 16 2200 -3.1415926535897931 1.1856026649475098 53 1 1.0069999999999999 0.69999999999999996
 37 11 275 0.80000000000000004 2 4 16 2400 -1.1415926535897931 1.2637076377868652 53 1 0.96599999999999997 0.69999999999999996
 38 11 244 0.80000000000000004 2 3 16 2000 2.8584073464102069 1.6951649188995361 53 1 1.054 0.79999999999999993
 39 11 371 1.2 2 4 16 2400 -2.1415926535897931 1.1442296504974365 59 0 0.90200000000000002 0.89999999999999991
 40 11 494 3 1 3 20 2000 -2.1415926535897931 1.0643234252929688 59 0 0.86099999999999999 0.69999999999999996
 41 11 430 1.6000000000000001 1 4 20 2400 0.85840734641020688 1.190326452255249 59 0 0.90900000000000003 0.69999999999999996
 42 11 216 0.80000000000000004 1 3 20 2400 0.85840734641020688 1.169708251953125 59 0 1.0569999999999999 0.79999999999999993
 43 11 340 1.2 2 3 16 2000 2.8584073464102069 1.1945357322692871 53 1 0.89900000000000002 0.89999999999999991
 44 11 450 1.6000000000000001 2 3 20 2200 1.8584073464102069 1.0845723152160645 59 0 1.139 1
 45 11 348 1.2 2 3 16 2400 -3.1415926535897931 1.1359870433807373 59 0 0.879 0.79999999999999993
 46 11 123 0.40000000000000002 1 4 16 2000 -3.1415926535897931 0.9406893253326416 53 1 0.82499999999999996 1
 47 11 537 3 2 3 16 2400 1.8584073464102069 1.0447745323181152 59 0 0.86399999999999999 0.79999999999999993
 48 11 210 0.80000000000000004 1 3 20 2200 -0.14159265358979312 1.088348388671875 59 0 0.86499999999999999 0.89999999999999991


# name: resolution
# type: matrix
# rows: 1
# columns: 2
 1366 768


# name: hz
# type: scalar
60


# name: pc
# type: sq_string
# elements: 1
# length: 21
gregor-Latitude-E6320


# name: experiment
# type: sq_string
# elements: 1
# length: 4
RFPb


# name: isOctave
# type: bool
1




