# Created by Octave 5.2.0, Tue Apr 05 15:04:45 2022 CEST <student@gregor-Latitude-E6320>
# name: RFP
# type: scalar struct
# ndims: 2
 1 1
# length: 10
# name: vp
# type: sq_string
# elements: 1
# length: 3
V20


# name: mapping
# type: scalar
1


# name: date
# type: sq_string
# elements: 1
# length: 15
20220405T150301


# name: block
# type: scalar
3


# name: outmat
# type: matrix
# rows: 48
# columns: 14
 1 3 570 3 2 4 20 2200 2.8584073464102069 1.0621654987335205 59 0 1.198 1
 2 3 302 1.2 1 3 20 2000 -2.1415926535897931 1.1689624786376953 59 0 0.95399999999999996 0.69999999999999996
 3 3 541 3 2 3 20 2000 1.8584073464102069 1.1702816486358643 59 0 0.97399999999999998 0.79999999999999993
 4 3 566 3 2 4 20 2000 1.8584073464102069 1.0273988246917725 59 0 0.91900000000000004 0.79999999999999993
 5 3 163 0.40000000000000002 2 3 20 2200 -0.14159265358979312 1.0596320629119873 53 1 0.91700000000000004 1
 6 3 238 0.80000000000000004 1 4 20 2400 -1.1415926535897931 1.0887010097503662 59 0 0.89800000000000002 1
 7 3 75 0 2 4 16 2000 1.8584073464102069 1.0729336738586426 53 1 0.84499999999999997 0.89999999999999991
 8 3 261 0.80000000000000004 2 3 20 2400 -2.1415926535897931 0.94258642196655273 59 0 1.173 0.79999999999999993
 9 3 38 0 1 4 20 2000 0.85840734641020688 1.1092863082885742 53 1 1.169 0.89999999999999991
 10 3 96 0 2 4 20 2400 -2.1415926535897931 1.2500379085540771 53 1 1.161 1
 11 3 416 1.6000000000000001 1 4 16 2200 -2.1415926535897931 1.1270508766174316 59 0 1.0620000000000001 0.69999999999999996
 12 3 167 0.40000000000000002 2 3 20 2400 2.8584073464102069 1.1266961097717285 53 1 1.087 0.69999999999999996
 13 3 256 0.80000000000000004 2 3 20 2000 -2.1415926535897931 1.0328257083892822 59 0 0.96299999999999997 1
 14 3 555 3 2 4 16 2000 2.8584073464102069 1.1254732608795166 59 0 0.91700000000000004 1
 15 3 576 3 2 4 20 2400 -0.14159265358979312 1.0977671146392822 59 0 1.0549999999999999 0.69999999999999996
 16 3 189 0.40000000000000002 2 4 20 2400 -0.14159265358979312 1.0806608200073242 53 1 1.091 0.89999999999999991
 17 3 353 1.2 2 3 20 2200 -2.1415926535897931 1.006864070892334 59 0 0.98999999999999999 0.89999999999999991
 18 3 313 1.2 1 4 16 2000 -2.1415926535897931 1.1093540191650391 59 0 0.83999999999999997 0.89999999999999991
 19 3 184 0.40000000000000002 2 4 20 2000 -1.1415926535897931 1.1114082336425781 59 0 1.1579999999999999 0.69999999999999996
 20 3 20 0 1 3 20 2200 -0.14159265358979312 1.0983152389526367 53 1 1.0820000000000001 1
 21 3 37 0 1 4 20 2000 2.8584073464102069 1.0735955238342285 53 1 1.125 0.89999999999999991
 22 3 300 1.2 1 3 16 2400 2.8584073464102069 1.031602144241333 59 0 1.099 0.69999999999999996
 23 3 35 0 1 4 16 2400 -3.1415926535897931 1.071619987487793 53 1 1.077 1
 24 3 316 1.2 1 4 16 2000 2.8584073464102069 1.1453344821929932 59 0 1.0569999999999999 1
 25 3 523 3 1 4 20 2200 -3.1415926535897931 1.1491622924804688 59 0 0.96799999999999997 0.69999999999999996
 26 3 63 0 2 3 20 2000 0.85840734641020688 1.0355095863342285 53 1 0.86199999999999999 0.69999999999999996
 27 3 21 0 1 3 20 2400 -1.1415926535897931 1.1382994651794434 53 1 1.1879999999999999 0.89999999999999991
 28 3 66 0 2 3 20 2200 -3.1415926535897931 1.0892102718353271 53 1 1.03 0.79999999999999993
 29 3 42 0 1 4 20 2200 -0.14159265358979312 1.1561603546142578 53 1 1.1339999999999999 0.79999999999999993
 30 3 241 0.80000000000000004 2 3 16 2000 1.8584073464102069 1.0165445804595947 59 0 1.141 0.69999999999999996
 31 3 185 0.40000000000000002 2 4 20 2200 -2.1415926535897931 1.0638222694396973 59 0 1.105 0.69999999999999996
 32 3 484 3 1 3 16 2000 -1.1415926535897931 1.1111032962799072 59 0 1.0900000000000001 0.89999999999999991
 33 3 112 0.40000000000000002 1 3 20 2000 1.8584073464102069 1.095020055770874 59 0 0.88200000000000001 0.89999999999999991
 34 3 169 0.40000000000000002 2 4 16 2000 2.8584073464102069 1.1348729133605957 53 1 0.86199999999999999 0.69999999999999996
 35 3 24 0 1 3 20 2400 -1.1415926535897931 1.1582040786743164 53 1 1.159 0.89999999999999991
 36 3 18 0 1 3 20 2200 1.8584073464102069 1.3368082046508789 53 1 0.84999999999999998 0.89999999999999991
 37 3 39 0 1 4 20 2000 -0.14159265358979312 1.217259407043457 53 1 1.0169999999999999 0.89999999999999991
 38 3 10 0 1 3 16 2400 2.8584073464102069 1.1579513549804688 53 1 0.83999999999999997 0.89999999999999991
 39 3 506 3 1 4 16 2000 1.8584073464102069 1.1512243747711182 59 0 0.82099999999999995 0.79999999999999993
 40 3 461 1.6000000000000001 2 4 16 2200 -2.1415926535897931 1.2078213691711426 59 0 0.87 0.69999999999999996
 41 3 562 3 2 4 16 2400 2.8584073464102069 1.1779935359954834 59 0 1.147 0.69999999999999996
 42 3 58 0 2 3 16 2400 -3.1415926535897931 1.2097671031951904 53 1 0.86599999999999999 0.89999999999999991
 43 3 393 1.6000000000000001 1 3 16 2400 0.85840734641020688 1.1699364185333252 59 0 0.94399999999999995 0.79999999999999993
 44 3 464 1.6000000000000001 2 4 16 2200 -3.1415926535897931 1.2674977779388428 59 0 1.1779999999999999 1
 45 3 476 1.6000000000000001 2 4 20 2200 -3.1415926535897931 1.1324858665466309 59 0 0.86399999999999999 1
 46 3 284 0.80000000000000004 2 4 20 2200 0.85840734641020688 1.1659326553344727 59 0 0.90600000000000003 0.89999999999999991
 47 3 456 1.6000000000000001 2 3 20 2400 -2.1415926535897931 1.3336594104766846 59 0 0.84999999999999998 1
 48 3 196 0.80000000000000004 1 3 16 2000 -3.1415926535897931 1.3046042919158936 53 1 0.99099999999999999 0.79999999999999993


# name: resolution
# type: matrix
# rows: 1
# columns: 2
 1366 768


# name: hz
# type: scalar
60


# name: pc
# type: sq_string
# elements: 1
# length: 21
gregor-Latitude-E6320


# name: experiment
# type: sq_string
# elements: 1
# length: 4
RFPb


# name: isOctave
# type: bool
1




