# Created by Octave 5.2.0, Tue Apr 05 15:17:35 2022 CEST <student@gregor-Latitude-E6320>
# name: RFP
# type: scalar struct
# ndims: 2
 1 1
# length: 10
# name: vp
# type: sq_string
# elements: 1
# length: 3
V20


# name: mapping
# type: scalar
1


# name: date
# type: sq_string
# elements: 1
# length: 15
20220405T151551


# name: block
# type: scalar
10


# name: outmat
# type: matrix
# rows: 48
# columns: 14
 1 10 295 1.2 1 3 16 2200 2.8584073464102069 1.0743820667266846 53 1 0.89000000000000001 1
 2 10 113 0.40000000000000002 1 3 20 2200 1.8584073464102069 1.1091527938842773 59 0 0.86899999999999999 0.79999999999999993
 3 10 177 0.40000000000000002 2 4 16 2400 1.8584073464102069 1.246319055557251 53 1 1.105 0.89999999999999991
 4 10 516 3 1 4 16 2400 -2.1415926535897931 1.2952883243560791 59 0 0.94699999999999995 0.69999999999999996
 5 10 257 0.80000000000000004 2 3 20 2200 -0.14159265358979312 1.1163027286529541 59 0 1.1000000000000001 0.69999999999999996
 6 10 32 0 1 4 16 2200 0.85840734641020688 1.0599634647369385 53 1 0.96599999999999997 0.69999999999999996
 7 10 477 1.6000000000000001 2 4 20 2400 -2.1415926535897931 0.92141914367675781 59 0 1.1020000000000001 1
 8 10 232 0.80000000000000004 1 4 20 2000 0.85840734641020688 1.4392127990722656 59 0 0.81999999999999995 1
 9 10 227 0.80000000000000004 1 4 16 2400 0.85840734641020688 1.5612514019012451 59 0 0.90200000000000002 0.69999999999999996
 10 10 397 1.6000000000000001 1 3 20 2000 2.8584073464102069 2.7147336006164551 59 0 1.1200000000000001 0.79999999999999993
 11 10 151 0.40000000000000002 2 3 16 2200 2.8584073464102069 1.1231505870819092 53 1 0.94499999999999995 0.79999999999999993
 12 10 166 0.40000000000000002 2 3 20 2400 0.85840734641020688 1.1273434162139893 53 1 0.84999999999999998 0.69999999999999996
 13 10 159 0.40000000000000002 2 3 20 2000 2.8584073464102069 1.1154184341430664 53 1 0.83499999999999996 1
 14 10 533 3 2 3 16 2200 2.8584073464102069 1.0374758243560791 59 0 0.98899999999999999 1
 15 10 398 1.6000000000000001 1 3 20 2000 -3.1415926535897931 1.1144442558288574 59 0 0.877 0.89999999999999991
 16 10 421 1.6000000000000001 1 4 20 2000 1.8584073464102069 1.0558042526245117 59 0 0.95999999999999996 0.89999999999999991
 17 10 429 1.6000000000000001 1 4 20 2400 -2.1415926535897931 1.0799429416656494 59 0 0.95999999999999996 0.69999999999999996
 18 10 462 1.6000000000000001 2 4 16 2200 2.8584073464102069 1.1270825862884521 53 1 0.873 0.69999999999999996
 19 10 119 0.40000000000000002 1 3 20 2400 -2.1415926535897931 1.108051061630249 53 1 0.82899999999999996 0.69999999999999996
 20 10 328 1.2 1 4 20 2000 0.85840734641020688 1.0763344764709473 59 0 0.90900000000000003 0.69999999999999996
 21 10 532 3 2 3 16 2000 -0.14159265358979312 1.1731224060058594 59 0 1.085 1
 22 10 522 3 1 4 20 2200 -0.14159265358979312 1.2749907970428467 59 0 1.143 0.89999999999999991
 23 10 457 1.6000000000000001 2 4 16 2000 -3.1415926535897931 1.1572988033294678 59 0 0.95699999999999996 0.69999999999999996
 24 10 146 0.40000000000000002 2 3 16 2000 0.85840734641020688 1.0316982269287109 53 1 0.88 0.89999999999999991
 25 10 194 0.80000000000000004 1 3 16 2000 -2.1415926535897931 1.5227560997009277 59 0 0.86599999999999999 0.89999999999999991
 26 10 551 3 2 3 20 2400 2.8584073464102069 1.2002930641174316 59 0 0.82499999999999996 0.79999999999999993
 27 10 204 0.80000000000000004 1 3 16 2400 -2.1415926535897931 1.1522047519683838 59 0 0.89300000000000002 0.69999999999999996
 28 10 31 0 1 4 16 2200 1.8584073464102069 1.0390806198120117 53 1 1.0129999999999999 0.79999999999999993
 29 10 475 1.6000000000000001 2 4 20 2200 -0.14159265358979312 1.0792315006256104 59 0 1.012 0.79999999999999993
 30 10 44 0 1 4 20 2200 -0.14159265358979312 1.0199117660522461 53 1 0.85899999999999999 0.89999999999999991
 31 10 50 0 2 3 16 2000 -1.1415926535897931 1.0180258750915527 53 1 0.81200000000000006 0.79999999999999993
 32 10 173 0.40000000000000002 2 4 16 2200 -2.1415926535897931 1.0759594440460205 53 1 0.85399999999999998 1
 33 10 19 0 1 3 20 2200 -3.1415926535897931 0.95447540283203125 53 1 0.93400000000000005 1
 34 10 573 3 2 4 20 2400 2.8584073464102069 2.609835147857666 59 0 0.90400000000000003 0.79999999999999993
 35 10 266 0.80000000000000004 2 4 16 2000 1.8584073464102069 1.0655934810638428 53 1 1.095 0.89999999999999991
 36 10 133 0.40000000000000002 1 4 20 2000 -2.1415926535897931 0.95902872085571289 53 1 1.1379999999999999 0.89999999999999991
 37 10 425 1.6000000000000001 1 4 20 2200 -0.14159265358979312 0.93893718719482422 59 0 0.86499999999999999 0.79999999999999993
 38 10 141 0.40000000000000002 1 4 20 2400 -0.14159265358979312 1.0199215412139893 53 1 0.82999999999999996 1
 39 10 224 0.80000000000000004 1 4 16 2200 -0.14159265358979312 0.97170543670654297 59 0 0.80300000000000005 0.79999999999999993
 40 10 76 0 2 4 16 2000 1.8584073464102069 1.0197553634643555 53 1 1.1930000000000001 0.69999999999999996
 41 10 415 1.6000000000000001 1 4 16 2200 2.8584073464102069 1.4390952587127686 59 0 0.82099999999999995 0.69999999999999996
 42 10 571 3 2 4 20 2200 2.8584073464102069 1.1236200332641602 59 0 1.0620000000000001 0.89999999999999991
 43 10 382 1.2 2 4 20 2400 -1.1415926535897931 1.0544874668121338 59 0 0.95799999999999996 0.79999999999999993
 44 10 235 0.80000000000000004 1 4 20 2200 0.85840734641020688 1.2228436470031738 59 0 0.81499999999999995 0.69999999999999996
 45 10 23 0 1 3 20 2400 2.8584073464102069 1.3091263771057129 53 1 1.0129999999999999 0.89999999999999991
 46 10 390 1.6000000000000001 1 3 16 2200 -1.1415926535897931 1.1420390605926514 59 0 0.80300000000000005 1
 47 10 125 0.40000000000000002 1 4 16 2200 -1.1415926535897931 1.0334944725036621 53 1 1.0169999999999999 0.69999999999999996
 48 10 490 3 1 3 16 2400 -1.1415926535897931 1.172487735748291 59 0 0.98899999999999999 1


# name: resolution
# type: matrix
# rows: 1
# columns: 2
 1366 768


# name: hz
# type: scalar
60


# name: pc
# type: sq_string
# elements: 1
# length: 21
gregor-Latitude-E6320


# name: experiment
# type: sq_string
# elements: 1
# length: 4
RFPb


# name: isOctave
# type: bool
1




