# Created by Octave 5.2.0, Tue Apr 05 15:21:24 2022 CEST <student@gregor-Latitude-E6320>
# name: RFP
# type: scalar struct
# ndims: 2
 1 1
# length: 10
# name: vp
# type: sq_string
# elements: 1
# length: 3
V20


# name: mapping
# type: scalar
1


# name: date
# type: sq_string
# elements: 1
# length: 15
20220405T151942


# name: block
# type: scalar
12


# name: outmat
# type: matrix
# rows: 48
# columns: 14
 1 12 105 0.40000000000000002 1 3 16 2400 0.85840734641020688 1.0845935344696045 53 1 1.153 0.79999999999999993
 2 12 373 1.2 2 4 20 2000 -2.1415926535897931 1.047698974609375 59 0 0.872 0.69999999999999996
 3 12 297 1.2 1 3 16 2400 -1.1415926535897931 1.0320630073547363 59 0 1.04 1
 4 12 83 0 2 4 16 2400 0.85840734641020688 1.1147198677062988 53 1 0.94199999999999995 0.69999999999999996
 5 12 202 0.80000000000000004 1 3 16 2400 -2.1415926535897931 0.98584866523742676 59 0 0.85399999999999998 0.79999999999999993
 6 12 279 0.80000000000000004 2 4 20 2000 0.85840734641020688 0.96429538726806641 59 0 0.92200000000000004 0.79999999999999993
 7 12 508 3 1 4 16 2000 -3.1415926535897931 1.4191646575927734 59 0 0.82199999999999995 0.89999999999999991
 8 12 385 1.6000000000000001 1 3 16 2000 1.8584073464102069 1.2394809722900391 59 0 0.84799999999999998 1
 9 12 214 0.80000000000000004 1 3 20 2400 -3.1415926535897931 1.2761564254760742 59 0 1.04 0.79999999999999993
 10 12 342 1.2 2 3 16 2200 -0.14159265358979312 1.0497443675994873 59 0 1.0720000000000001 0.79999999999999993
 11 12 11 0 1 3 16 2400 -3.1415926535897931 1.0631594657897949 53 1 0.89900000000000002 0.79999999999999993
 12 12 418 1.6000000000000001 1 4 16 2400 -1.1415926535897931 1.0775880813598633 59 0 0.878 0.89999999999999991
 13 12 277 0.80000000000000004 2 4 20 2000 1.8584073464102069 1.1483011245727539 59 0 1.032 0.79999999999999993
 14 12 352 1.2 2 3 20 2000 2.8584073464102069 0.97613286972045898 59 0 1.012 0.89999999999999991
 15 12 528 3 1 4 20 2400 0.85840734641020688 1.0731613636016846 59 0 1.024 0.79999999999999993
 16 12 12 0 1 3 16 2400 -0.14159265358979312 0.9743049144744873 53 1 1.036 1
 17 12 565 3 2 4 20 2000 -2.1415926535897931 1.0182576179504395 59 0 1.0569999999999999 0.79999999999999993
 18 12 174 0.40000000000000002 2 4 16 2200 0.85840734641020688 1.1048977375030518 53 1 1.1140000000000001 0.79999999999999993
 19 12 269 0.80000000000000004 2 4 16 2200 0.85840734641020688 2.0113966464996338 59 0 1.0700000000000001 0.79999999999999993
 20 12 103 0.40000000000000002 1 3 16 2200 0.85840734641020688 1.1290035247802734 53 1 0.91100000000000003 0.79999999999999993
 21 12 165 0.40000000000000002 2 3 20 2400 -0.14159265358979312 1.0404863357543945 53 1 0.82399999999999995 0.79999999999999993
 22 12 274 0.80000000000000004 2 4 16 2400 -3.1415926535897931 0.98611235618591309 53 1 1.111 0.89999999999999991
 23 12 507 3 1 4 16 2000 2.8584073464102069 1.2148420810699463 59 0 1.02 1
 24 12 403 1.6000000000000001 1 3 20 2200 -1.1415926535897931 1.1417005062103271 59 0 1.0409999999999999 0.89999999999999991
 25 12 553 3 2 4 16 2000 2.8584073464102069 1.1779677867889404 59 0 0.80100000000000005 0.79999999999999993
 26 12 48 0 1 4 20 2400 2.8584073464102069 1.1063110828399658 53 1 0.80700000000000005 0.89999999999999991
 27 12 535 3 2 3 16 2200 1.8584073464102069 1.2603709697723389 59 0 0.90400000000000003 1
 28 12 572 3 2 4 20 2200 -1.1415926535897931 1.0952646732330322 59 0 1.194 0.89999999999999991
 29 12 460 1.6000000000000001 2 4 16 2000 0.85840734641020688 1.0619404315948486 59 0 0.81499999999999995 0.89999999999999991
 30 12 154 0.40000000000000002 2 3 16 2400 -2.1415926535897931 1.0706019401550293 53 1 0.80100000000000005 1
 31 12 272 0.80000000000000004 2 4 16 2200 -2.1415926535897931 1.2449092864990234 53 1 1.032 1
 32 12 27 0 1 4 16 2000 0.85840734641020688 1.1122739315032959 53 1 1.103 0.69999999999999996
 33 12 207 0.80000000000000004 1 3 20 2000 2.8584073464102069 1.0859577655792236 59 0 0.96399999999999997 0.89999999999999991
 34 12 179 0.40000000000000002 2 4 16 2400 -1.1415926535897931 0.94810748100280762 53 1 0.92300000000000004 0.89999999999999991
 35 12 99 0.40000000000000002 1 3 16 2000 0.85840734641020688 1.1126694679260254 53 1 0.86399999999999999 0.79999999999999993
 36 12 98 0.40000000000000002 1 3 16 2000 -0.14159265358979312 1.0812852382659912 53 1 1.018 0.69999999999999996
 37 12 95 0 2 4 20 2400 -0.14159265358979312 1.2908854484558105 53 1 0.91100000000000003 0.79999999999999993
 38 12 168 0.40000000000000002 2 3 20 2400 1.8584073464102069 0.96382021903991699 53 1 1.05 0.69999999999999996
 39 12 46 0 1 4 20 2400 1.8584073464102069 1.0383796691894531 53 1 0.94899999999999995 0.79999999999999993
 40 12 55 0 2 3 16 2200 -2.1415926535897931 0.98736953735351562 53 1 0.88600000000000001 1
 41 12 360 1.2 2 3 20 2400 -1.1415926535897931 1.013200044631958 59 0 0.81599999999999995 0.89999999999999991
 42 12 126 0.40000000000000002 1 4 16 2200 2.8584073464102069 1.0128188133239746 53 1 0.873 0.89999999999999991
 43 12 454 1.6000000000000001 2 3 20 2400 -3.1415926535897931 1.1014461517333984 59 0 1.0840000000000001 0.79999999999999993
 44 12 433 1.6000000000000001 2 3 16 2000 1.8584073464102069 1.0891532897949219 59 0 1.044 1
 45 12 350 1.2 2 3 20 2000 -2.1415926535897931 1.1368496417999268 59 0 1.0660000000000001 0.89999999999999991
 46 12 259 0.80000000000000004 2 3 20 2200 2.8584073464102069 1.0185790061950684 59 0 1.0980000000000001 0.89999999999999991
 47 12 388 1.6000000000000001 1 3 16 2000 2.8584073464102069 1.0331835746765137 59 0 1.1910000000000001 1
 48 12 170 0.40000000000000002 2 4 16 2000 -0.14159265358979312 1.0703833103179932 53 1 0.81000000000000005 0.89999999999999991


# name: resolution
# type: matrix
# rows: 1
# columns: 2
 1366 768


# name: hz
# type: scalar
60


# name: pc
# type: sq_string
# elements: 1
# length: 21
gregor-Latitude-E6320


# name: experiment
# type: sq_string
# elements: 1
# length: 4
RFPb


# name: isOctave
# type: bool
1




