# Created by Octave 5.2.0, Tue Apr 05 15:10:12 2022 CEST <student@gregor-Latitude-E6320>
# name: RFP
# type: scalar struct
# ndims: 2
 1 1
# length: 10
# name: vp
# type: sq_string
# elements: 1
# length: 3
V20


# name: mapping
# type: scalar
1


# name: date
# type: sq_string
# elements: 1
# length: 15
20220405T150826


# name: block
# type: scalar
6


# name: outmat
# type: matrix
# rows: 48
# columns: 14
 1 6 51 0 2 3 16 2000 1.8584073464102069 1.038670539855957 53 1 1.0089999999999999 1
 2 6 178 0.40000000000000002 2 4 16 2400 -3.1415926535897931 2.7439794540405273 53 1 0.99199999999999999 1
 3 6 260 0.80000000000000004 2 3 20 2200 -0.14159265358979312 1.1511602401733398 59 0 1.115 0.89999999999999991
 4 6 515 3 1 4 16 2400 -3.1415926535897931 1.2019195556640625 59 0 1.1759999999999999 0.69999999999999996
 5 6 542 3 2 3 20 2000 -2.1415926535897931 1.2551946640014648 59 0 0.82699999999999996 0.69999999999999996
 6 6 329 1.2 1 4 20 2200 -0.14159265358979312 1.3204302787780762 59 0 1.056 0.79999999999999993
 7 6 172 0.40000000000000002 2 4 16 2000 0.85840734641020688 1.1454801559448242 53 1 0.88800000000000001 0.69999999999999996
 8 6 428 1.6000000000000001 1 4 20 2200 0.85840734641020688 1.2310454845428467 59 0 0.95699999999999996 0.89999999999999991
 9 6 87 0 2 4 20 2000 -0.14159265358979312 1.2362174987792969 53 1 0.94199999999999995 1
 10 6 379 1.2 2 4 20 2200 1.8584073464102069 1.21177077293396 59 0 1.1539999999999999 0.89999999999999991
 11 6 422 1.6000000000000001 1 4 20 2000 -1.1415926535897931 1.1628634929656982 59 0 0.98499999999999999 1
 12 6 363 1.2 2 4 16 2000 0.85840734641020688 1.2663466930389404 59 0 0.95699999999999996 1
 13 6 436 1.6000000000000001 2 3 16 2000 0.85840734641020688 1.1535954475402832 59 0 0.85899999999999999 1
 14 6 127 0.40000000000000002 1 4 16 2200 0.85840734641020688 1.1269631385803223 53 1 1.1799999999999999 0.79999999999999993
 15 6 526 3 1 4 20 2400 -0.14159265358979312 1.2142012119293213 59 0 0.81000000000000005 0.69999999999999996
 16 6 72 0 2 3 20 2400 -1.1415926535897931 1.0982024669647217 53 1 0.97899999999999998 0.69999999999999996
 17 6 291 1.2 1 3 16 2000 -2.1415926535897931 1.0745210647583008 59 0 1.1559999999999999 1
 18 6 448 1.6000000000000001 2 3 20 2000 -2.1415926535897931 1.2581510543823242 59 0 1.1479999999999999 0.69999999999999996
 19 6 130 0.40000000000000002 1 4 16 2400 -0.14159265358979312 1.0570812225341797 53 1 0.95999999999999996 0.79999999999999993
 20 6 61 0 2 3 20 2000 0.85840734641020688 1.1099228858947754 53 1 1.1200000000000001 0.89999999999999991
 21 6 228 0.80000000000000004 1 4 16 2400 2.8584073464102069 1.2144067287445068 53 1 0.91600000000000004 0.79999999999999993
 22 6 209 0.80000000000000004 1 3 20 2200 -1.1415926535897931 1.5081067085266113 53 1 1.1519999999999999 0.69999999999999996
 23 6 339 1.2 2 3 16 2000 -1.1415926535897931 1.1700410842895508 59 0 1.1299999999999999 1
 24 6 540 3 2 3 16 2400 -2.1415926535897931 1.2974138259887695 59 0 1.0009999999999999 1
 25 6 372 1.2 2 4 16 2400 0.85840734641020688 1.2856652736663818 59 0 0.88700000000000001 0.69999999999999996
 26 6 157 0.40000000000000002 2 3 20 2000 -3.1415926535897931 1.1293525695800781 53 1 0.85799999999999998 0.89999999999999991
 27 6 22 0 1 3 20 2400 -3.1415926535897931 1.225715160369873 53 1 0.93799999999999994 1
 28 6 278 0.80000000000000004 2 4 20 2000 -1.1415926535897931 1.1289618015289307 53 1 1.099 1
 29 6 411 1.6000000000000001 1 4 16 2000 1.8584073464102069 1.0946314334869385 59 0 1.0780000000000001 1
 30 6 527 3 1 4 20 2400 -1.1415926535897931 1.0180215835571289 59 0 0.84099999999999997 0.79999999999999993
 31 6 336 1.2 1 4 20 2400 2.8584073464102069 1.1515920162200928 59 0 0.89500000000000002 0.69999999999999996
 32 6 392 1.6000000000000001 1 3 16 2200 2.8584073464102069 1.0525023937225342 59 0 0.89600000000000002 0.79999999999999993
 33 6 77 0 2 4 16 2200 1.8584073464102069 1.0235104560852051 53 1 0.89200000000000002 0.89999999999999991
 34 6 559 3 2 4 16 2200 -2.1415926535897931 0.95826935768127441 59 0 0.81599999999999995 0.89999999999999991
 35 6 86 0 2 4 20 2000 -2.1415926535897931 0.99648880958557129 53 1 1.1100000000000001 0.89999999999999991
 36 6 512 3 1 4 16 2200 -3.1415926535897931 0.93676066398620605 59 0 0.92400000000000004 0.69999999999999996
 37 6 550 3 2 3 20 2400 -1.1415926535897931 1.3781836032867432 59 0 0.88800000000000001 0.79999999999999993
 38 6 268 0.80000000000000004 2 4 16 2000 -3.1415926535897931 1.1619791984558105 53 1 1.1919999999999999 0.69999999999999996
 39 6 188 0.40000000000000002 2 4 20 2200 -0.14159265358979312 1.0810062885284424 53 1 0.88100000000000001 0.89999999999999991
 40 6 25 0 1 4 16 2000 2.8584073464102069 1.0553040504455566 53 1 0.95399999999999996 1
 41 6 554 3 2 4 16 2000 -1.1415926535897931 0.96981692314147949 59 0 1.0389999999999999 0.69999999999999996
 42 6 62 0 2 3 20 2000 -1.1415926535897931 0.94382047653198242 53 1 0.90700000000000003 0.69999999999999996
 43 6 92 0 2 4 20 2200 -1.1415926535897931 1.0545194149017334 53 1 0.82199999999999995 0.79999999999999993
 44 6 426 1.6000000000000001 1 4 20 2200 -3.1415926535897931 1.0329048633575439 59 0 1.179 0.79999999999999993
 45 6 376 1.2 2 4 20 2000 2.8584073464102069 1.32354736328125 59 0 1.1950000000000001 0.79999999999999993
 46 6 435 1.6000000000000001 2 3 16 2000 -0.14159265358979312 1.0565204620361328 59 0 1.069 0.69999999999999996
 47 6 107 0.40000000000000002 1 3 16 2400 1.8584073464102069 0.95399332046508789 53 1 1.153 0.69999999999999996
 48 6 399 1.6000000000000001 1 3 20 2000 0.85840734641020688 1.0235905647277832 59 0 0.80000000000000004 1


# name: resolution
# type: matrix
# rows: 1
# columns: 2
 1366 768


# name: hz
# type: scalar
60


# name: pc
# type: sq_string
# elements: 1
# length: 21
gregor-Latitude-E6320


# name: experiment
# type: sq_string
# elements: 1
# length: 4
RFPb


# name: isOctave
# type: bool
1




