# Created by Octave 5.2.0, Tue Apr 05 15:11:54 2022 CEST <student@gregor-Latitude-E6320>
# name: RFP
# type: scalar struct
# ndims: 2
 1 1
# length: 10
# name: vp
# type: sq_string
# elements: 1
# length: 3
V20


# name: mapping
# type: scalar
1


# name: date
# type: sq_string
# elements: 1
# length: 15
20220405T151013


# name: block
# type: scalar
7


# name: outmat
# type: matrix
# rows: 48
# columns: 14
 1 7 267 0.80000000000000004 2 4 16 2000 -3.1415926535897931 0.98611330986022949 53 1 0.80400000000000005 0.89999999999999991
 2 7 474 1.6000000000000001 2 4 20 2200 -0.14159265358979312 1.0544834136962891 59 0 0.85999999999999999 0.79999999999999993
 3 7 323 1.2 1 4 16 2400 2.8584073464102069 1.1091103553771973 59 0 1.1399999999999999 0.69999999999999996
 4 7 205 0.80000000000000004 1 3 20 2000 -0.14159265358979312 1.0788564682006836 59 0 0.99299999999999999 0.79999999999999993
 5 7 114 0.40000000000000002 1 3 20 2200 2.8584073464102069 1.0332033634185791 53 1 1.069 1
 6 7 305 1.2 1 3 20 2200 2.8584073464102069 1.0237956047058105 59 0 0.96699999999999997 0.69999999999999996
 7 7 41 0 1 4 20 2200 2.8584073464102069 1.0515413284301758 53 1 0.98999999999999999 1
 8 7 186 0.40000000000000002 2 4 20 2200 -0.14159265358979312 1.0723030567169189 59 0 0.90400000000000003 0.79999999999999993
 9 7 359 1.2 2 3 20 2400 -0.14159265358979312 1.0108623504638672 59 0 0.80500000000000005 1
 10 7 539 3 2 3 16 2400 -0.14159265358979312 1.0563194751739502 59 0 0.89300000000000002 1
 11 7 318 1.2 1 4 16 2200 -0.14159265358979312 1.0083861351013184 53 1 0.81999999999999995 1
 12 7 568 3 2 4 20 2000 1.8584073464102069 1.1663835048675537 59 0 1.149 1
 13 7 544 3 2 3 20 2000 -0.14159265358979312 1.1889901161193848 59 0 0.91400000000000003 1
 14 7 480 1.6000000000000001 2 4 20 2400 1.8584073464102069 1.0805211067199707 59 0 0.86799999999999999 0.79999999999999993
 15 7 67 0 2 3 20 2200 -1.1415926535897931 1.0523674488067627 53 1 1.1559999999999999 0.69999999999999996
 16 7 78 0 2 4 16 2200 -3.1415926535897931 1.2147319316864014 53 1 0.83399999999999996 1
 17 7 500 3 1 3 20 2200 2.8584073464102069 1.0767226219177246 59 0 1.117 1
 18 7 424 1.6000000000000001 1 4 20 2000 -3.1415926535897931 1.1166210174560547 59 0 1.03 0.79999999999999993
 19 7 28 0 1 4 16 2000 -2.1415926535897931 1.0974149703979492 53 1 1.1419999999999999 0.69999999999999996
 20 7 451 1.6000000000000001 2 3 20 2200 2.8584073464102069 1.0744426250457764 59 0 0.87 0.79999999999999993
 21 7 231 0.80000000000000004 1 4 20 2000 1.8584073464102069 1.1160182952880859 59 0 0.96399999999999997 0.89999999999999991
 22 7 144 0.40000000000000002 1 4 20 2400 -3.1415926535897931 1.0641162395477295 53 1 0.83799999999999997 1
 23 7 356 1.2 2 3 20 2200 -0.14159265358979312 1.0263690948486328 59 0 0.80600000000000005 0.69999999999999996
 24 7 351 1.2 2 3 20 2000 2.8584073464102069 1.194382905960083 59 0 0.91800000000000004 1
 25 7 253 0.80000000000000004 2 3 20 2000 -2.1415926535897931 0.97028350830078125 59 0 0.82699999999999996 0.69999999999999996
 26 7 197 0.80000000000000004 1 3 16 2200 1.8584073464102069 1.4597702026367188 59 0 0.86199999999999999 0.79999999999999993
 27 7 140 0.40000000000000002 1 4 20 2200 -1.1415926535897931 1.2645044326782227 59 0 0.88500000000000001 0.69999999999999996
 28 7 120 0.40000000000000002 1 3 20 2400 2.8584073464102069 1.1163630485534668 53 1 1.089 1
 29 7 558 3 2 4 16 2200 1.8584073464102069 1.0473735332489014 59 0 0.83499999999999996 1
 30 7 142 0.40000000000000002 1 4 20 2400 0.85840734641020688 1.0762887001037598 53 1 0.95499999999999996 0.69999999999999996
 31 7 3 0 1 3 16 2000 -0.14159265358979312 1.1439580917358398 53 1 0.98299999999999998 0.69999999999999996
 32 7 529 3 2 3 16 2000 -1.1415926535897931 1.0422093868255615 59 0 1.1870000000000001 0.79999999999999993
 33 7 406 1.6000000000000001 1 3 20 2400 -3.1415926535897931 1.1087477207183838 59 0 0.88600000000000001 0.79999999999999993
 34 7 255 0.80000000000000004 2 3 20 2000 -2.1415926535897931 1.1455469131469727 59 0 0.998 1
 35 7 547 3 2 3 20 2200 -1.1415926535897931 1.0914433002471924 59 0 1.1799999999999999 0.89999999999999991
 36 7 252 0.80000000000000004 2 3 16 2400 2.8584073464102069 1.1547183990478516 53 1 1.161 1
 37 7 536 3 2 3 16 2200 -2.1415926535897931 0.95948529243469238 59 0 1.1930000000000001 1
 38 7 79 0 2 4 16 2200 -0.14159265358979312 1.0202658176422119 53 1 1.1990000000000001 0.79999999999999993
 39 7 6 0 1 3 16 2200 -2.1415926535897931 1.1237595081329346 53 1 0.83999999999999997 0.89999999999999991
 40 7 441 1.6000000000000001 2 3 16 2400 0.85840734641020688 1.1689915657043457 59 0 0.96499999999999997 0.79999999999999993
 41 7 237 0.80000000000000004 1 4 20 2400 0.85840734641020688 1.1569459438323975 59 0 0.92100000000000004 0.79999999999999993
 42 7 408 1.6000000000000001 1 3 20 2400 -1.1415926535897931 1.0558075904846191 59 0 0.93999999999999995 0.79999999999999993
 43 7 33 0 1 4 16 2400 -2.1415926535897931 1.1370186805725098 53 1 1.04 1
 44 7 81 0 2 4 16 2400 2.8584073464102069 1.2437682151794434 53 1 1.0469999999999999 0.69999999999999996
 45 7 361 1.2 2 4 16 2000 -2.1415926535897931 1.1149389743804932 59 0 0.88 1
 46 7 230 0.80000000000000004 1 4 20 2000 1.8584073464102069 1.1168844699859619 59 0 0.83999999999999997 0.69999999999999996
 47 7 387 1.6000000000000001 1 3 16 2000 -2.1415926535897931 1.0595829486846924 59 0 1.012 0.69999999999999996
 48 7 293 1.2 1 3 16 2200 -3.1415926535897931 1.0745925903320312 59 0 0.84399999999999997 0.89999999999999991


# name: resolution
# type: matrix
# rows: 1
# columns: 2
 1366 768


# name: hz
# type: scalar
60


# name: pc
# type: sq_string
# elements: 1
# length: 21
gregor-Latitude-E6320


# name: experiment
# type: sq_string
# elements: 1
# length: 4
RFPb


# name: isOctave
# type: bool
1




