# Created by Octave 5.2.0, Tue Apr 05 15:15:35 2022 CEST <student@gregor-Latitude-E6320>
# name: RFP
# type: scalar struct
# ndims: 2
 1 1
# length: 10
# name: vp
# type: sq_string
# elements: 1
# length: 3
V20


# name: mapping
# type: scalar
1


# name: date
# type: sq_string
# elements: 1
# length: 15
20220405T151346


# name: block
# type: scalar
9


# name: outmat
# type: matrix
# rows: 48
# columns: 14
 1 9 2 0 1 3 16 2000 1.8584073464102069 1.2101569175720215 53 1 1.1359999999999999 0.79999999999999993
 2 9 285 0.80000000000000004 2 4 20 2400 -2.1415926535897931 1.2319886684417725 59 0 0.92300000000000004 0.79999999999999993
 3 9 432 1.6000000000000001 1 4 20 2400 -0.14159265358979312 1.2246980667114258 59 0 0.82299999999999995 0.69999999999999996
 4 9 447 1.6000000000000001 2 3 20 2000 -0.14159265358979312 1.3174929618835449 59 0 1.01 1
 5 9 501 3 1 3 20 2400 -1.1415926535897931 1.216820240020752 59 0 1.175 0.89999999999999991
 6 9 208 0.80000000000000004 1 3 20 2000 -2.1415926535897931 1.3874802589416504 59 0 1.1279999999999999 0.79999999999999993
 7 9 495 3 1 3 20 2000 -2.1415926535897931 1.2129182815551758 59 0 0.92000000000000004 1
 8 9 273 0.80000000000000004 2 4 16 2400 -3.1415926535897931 1.0833323001861572 53 1 0.91800000000000004 1
 9 9 395 1.6000000000000001 1 3 16 2400 -0.14159265358979312 1.1266617774963379 59 0 1.1579999999999999 1
 10 9 301 1.2 1 3 20 2000 -0.14159265358979312 1.0955231189727783 59 0 0.89700000000000002 0.79999999999999993
 11 9 315 1.2 1 4 16 2000 -0.14159265358979312 1.0789825916290283 59 0 0.88600000000000001 0.79999999999999993
 12 9 502 3 1 3 20 2400 -3.1415926535897931 1.1654963493347168 59 0 1.012 0.69999999999999996
 13 9 327 1.2 1 4 20 2000 1.8584073464102069 1.0354621410369873 59 0 1.0900000000000001 0.79999999999999993
 14 9 56 0 2 3 16 2200 -2.1415926535897931 1.1339166164398193 53 1 0.98899999999999999 0.89999999999999991
 15 9 511 3 1 4 16 2200 -3.1415926535897931 1.1397123336791992 59 0 0.81200000000000006 0.79999999999999993
 16 9 505 3 1 4 16 2000 2.8584073464102069 1.1132235527038574 59 0 0.95699999999999996 0.79999999999999993
 17 9 100 0.40000000000000002 1 3 16 2000 -3.1415926535897931 1.0696322917938232 53 1 0.84799999999999998 0.69999999999999996
 18 9 514 3 1 4 16 2400 1.8584073464102069 1.0665721893310547 59 0 1.01 0.69999999999999996
 19 9 482 3 1 3 16 2000 0.85840734641020688 0.97645688056945801 59 0 1.1839999999999999 0.69999999999999996
 20 9 288 0.80000000000000004 2 4 20 2400 -1.1415926535897931 1.1210956573486328 59 0 1.1519999999999999 1
 21 9 534 3 2 3 16 2200 1.8584073464102069 1.1855714321136475 59 0 0.98799999999999999 0.69999999999999996
 22 9 375 1.2 2 4 20 2000 1.8584073464102069 1.1513888835906982 59 0 1.0640000000000001 0.89999999999999991
 23 9 203 0.80000000000000004 1 3 16 2400 -0.14159265358979312 1.0869333744049072 53 1 0.87 0.79999999999999993
 24 9 183 0.40000000000000002 2 4 20 2000 -1.1415926535897931 1.1597797870635986 59 0 1.1990000000000001 0.79999999999999993
 25 9 30 0 1 4 16 2200 2.8584073464102069 1.1144466400146484 53 1 0.93999999999999995 0.69999999999999996
 26 9 520 3 1 4 20 2000 -0.14159265358979312 1.1468193531036377 59 0 0.85699999999999998 0.89999999999999991
 27 9 49 0 2 3 16 2000 2.8584073464102069 1.0900719165802002 53 1 0.95599999999999996 0.69999999999999996
 28 9 254 0.80000000000000004 2 3 20 2000 -2.1415926535897931 1.1025354862213135 59 0 1.196 0.79999999999999993
 29 9 438 1.6000000000000001 2 3 16 2200 -1.1415926535897931 1.1236143112182617 59 0 0.96299999999999997 0.69999999999999996
 30 9 54 0 2 3 16 2200 2.8584073464102069 1.1225709915161133 53 1 1.113 0.69999999999999996
 31 9 195 0.80000000000000004 1 3 16 2000 2.8584073464102069 1.1505305767059326 53 1 0.98099999999999998 0.69999999999999996
 32 9 134 0.40000000000000002 1 4 20 2000 -1.1415926535897931 1.8148722648620605 53 1 0.97499999999999998 0.69999999999999996
 33 9 552 3 2 3 20 2400 0.85840734641020688 1.1078090667724609 59 0 1.0289999999999999 0.89999999999999991
 34 9 69 0 2 3 20 2400 -0.14159265358979312 1.1857419013977051 53 1 0.83599999999999997 1
 35 9 147 0.40000000000000002 2 3 16 2000 -1.1415926535897931 1.16176438331604 53 1 1.1990000000000001 0.79999999999999993
 36 9 413 1.6000000000000001 1 4 16 2200 -1.1415926535897931 1.1159713268280029 59 0 1.046 0.69999999999999996
 37 9 198 0.80000000000000004 1 3 16 2200 0.85840734641020688 1.2301235198974609 59 0 0.82499999999999996 0.79999999999999993
 38 9 280 0.80000000000000004 2 4 20 2000 -3.1415926535897931 1.1426312923431396 53 1 1.008 0.69999999999999996
 39 9 427 1.6000000000000001 1 4 20 2200 -3.1415926535897931 1.1142024993896484 59 0 1.165 1
 40 9 472 1.6000000000000001 2 4 20 2000 1.8584073464102069 1.1013336181640625 59 0 0.91700000000000004 1
 41 9 270 0.80000000000000004 2 4 16 2200 1.8584073464102069 1.1563053131103516 59 0 1.03 0.79999999999999993
 42 9 219 0.80000000000000004 1 4 16 2000 2.8584073464102069 3.4780261516571045 53 1 1.04 1
 43 9 335 1.2 1 4 20 2400 -0.14159265358979312 1.1649434566497803 59 0 0.96899999999999997 0.69999999999999996
 44 9 471 1.6000000000000001 2 4 20 2000 1.8584073464102069 1.0038495063781738 59 0 1.002 0.89999999999999991
 45 9 311 1.2 1 3 20 2400 -2.1415926535897931 1.2043237686157227 59 0 1.0369999999999999 0.79999999999999993
 46 9 466 1.6000000000000001 2 4 16 2400 -2.1415926535897931 1.4036989212036133 59 0 1.1240000000000001 0.79999999999999993
 47 9 341 1.2 2 3 16 2200 -3.1415926535897931 1.0318622589111328 59 0 0.93200000000000005 0.69999999999999996
 48 9 306 1.2 1 3 20 2200 -3.1415926535897931 2.7753698825836182 59 0 1.026 0.89999999999999991


# name: resolution
# type: matrix
# rows: 1
# columns: 2
 1366 768


# name: hz
# type: scalar
60


# name: pc
# type: sq_string
# elements: 1
# length: 21
gregor-Latitude-E6320


# name: experiment
# type: sq_string
# elements: 1
# length: 4
RFPb


# name: isOctave
# type: bool
1




