# Created by Octave 5.2.0, Tue Apr 05 15:01:05 2022 CEST <student@gregor-Latitude-E6320>
# name: RFP
# type: scalar struct
# ndims: 2
 1 1
# length: 10
# name: vp
# type: sq_string
# elements: 1
# length: 3
V20


# name: mapping
# type: scalar
1


# name: date
# type: sq_string
# elements: 1
# length: 15
20220405T145903


# name: block
# type: scalar
1


# name: outmat
# type: matrix
# rows: 48
# columns: 14
 1 1 245 0.80000000000000004 2 3 16 2200 -1.1415926535897931 1.0542385578155518 59 0 0.93899999999999995 0.89999999999999991
 2 1 345 1.2 2 3 16 2400 -1.1415926535897931 1.4242148399353027 59 0 0.90700000000000003 0.69999999999999996
 3 1 16 0 1 3 20 2000 -2.1415926535897931 1.5013232231140137 59 0 1.119 0.79999999999999993
 4 1 43 0 1 4 20 2200 1.8584073464102069 1.8665056228637695 59 0 0.97599999999999998 0.79999999999999993
 5 1 222 0.80000000000000004 1 4 16 2200 -2.1415926535897931 1.2873837947845459 59 0 0.93200000000000005 0.69999999999999996
 6 1 389 1.6000000000000001 1 3 16 2200 -0.14159265358979312 1.8117849826812744 53 1 1.0720000000000001 0.69999999999999996
 7 1 364 1.2 2 4 16 2000 -0.14159265358979312 1.4297463893890381 59 0 0.96499999999999997 0.79999999999999993
 8 1 488 3 1 3 16 2200 -0.14159265358979312 1.4604675769805908 59 0 1.159 0.89999999999999991
 9 1 296 1.2 1 3 16 2200 -1.1415926535897931 1.5452640056610107 53 1 1.0680000000000001 0.89999999999999991
 10 1 349 1.2 2 3 20 2000 -2.1415926535897931 1.8104970455169678 59 0 1.1719999999999999 0.69999999999999996
 11 1 80 0 2 4 16 2200 0.85840734641020688 2.1201722621917725 53 1 1.135 0.79999999999999993
 12 1 136 0.40000000000000002 1 4 20 2000 2.8584073464102069 1.422208309173584 59 0 0.98099999999999998 0.89999999999999991
 13 1 556 3 2 4 16 2000 1.8584073464102069 1.4830687046051025 59 0 1.1850000000000001 0.69999999999999996
 14 1 354 1.2 2 3 20 2200 -2.1415926535897931 1.2576708793640137 59 0 1.0409999999999999 0.89999999999999991
 15 1 153 0.40000000000000002 2 3 16 2400 2.8584073464102069 1.2181200981140137 53 1 0.83499999999999996 0.69999999999999996
 16 1 312 1.2 1 3 20 2400 1.8584073464102069 1.1979446411132812 59 0 0.95499999999999996 0.79999999999999993
 17 1 365 1.2 2 4 16 2200 1.8584073464102069 1.9093482494354248 53 1 1.05 1
 18 1 8 0 1 3 16 2200 -1.1415926535897931 1.3240845203399658 53 1 1.0960000000000001 0.89999999999999991
 19 1 34 0 1 4 16 2400 -0.14159265358979312 1.3282222747802734 59 0 0.82399999999999995 0.69999999999999996
 20 1 45 0 1 4 20 2400 -0.14159265358979312 1.408273458480835 59 0 1.0149999999999999 1
 21 1 176 0.40000000000000002 2 4 16 2200 -2.1415926535897931 1.4525012969970703 59 0 1.03 0.69999999999999996
 22 1 561 3 2 4 16 2400 -1.1415926535897931 1.1497640609741211 59 0 0.97199999999999998 0.89999999999999991
 23 1 181 0.40000000000000002 2 4 20 2000 1.8584073464102069 1.3834445476531982 59 0 0.96099999999999997 1
 24 1 486 3 1 3 16 2200 0.85840734641020688 1.2739493846893311 59 0 0.86099999999999999 1
 25 1 101 0.40000000000000002 1 3 16 2200 2.8584073464102069 1.240553617477417 53 1 1.1970000000000001 0.79999999999999993
 26 1 347 1.2 2 3 16 2400 -2.1415926535897931 1.7892806529998779 59 0 0.877 1
 27 1 530 3 2 3 16 2000 -2.1415926535897931 1.3235197067260742 59 0 0.96399999999999997 0.89999999999999991
 28 1 307 1.2 1 3 20 2200 0.85840734641020688 1.4009652137756348 59 0 0.87 1
 29 1 538 3 2 3 16 2400 -0.14159265358979312 1.805619478225708 59 0 1.0289999999999999 0.79999999999999993
 30 1 504 3 1 3 20 2400 -1.1415926535897931 1.0230374336242676 53 1 0.86799999999999999 0.79999999999999993
 31 1 64 0 2 3 20 2000 -2.1415926535897931 1.1028068065643311 53 1 0.82599999999999996 1
 32 1 4 0 1 3 16 2000 0.85840734641020688 1.0789146423339844 53 1 1.131 0.89999999999999991
 33 1 246 0.80000000000000004 2 3 16 2200 1.8584073464102069 1.6337802410125732 59 0 1.01 0.89999999999999991
 34 1 262 0.80000000000000004 2 3 20 2400 1.8584073464102069 1.1247563362121582 59 0 1.1819999999999999 0.89999999999999991
 35 1 414 1.6000000000000001 1 4 16 2200 0.85840734641020688 1.9071505069732666 59 0 0.91100000000000003 0.89999999999999991
 36 1 469 1.6000000000000001 2 4 20 2000 -3.1415926535897931 1.3317656517028809 59 0 1.081 1
 37 1 234 0.80000000000000004 1 4 20 2200 -2.1415926535897931 1.1860361099243164 59 0 0.88100000000000001 0.79999999999999993
 38 1 509 3 1 4 16 2200 1.8584073464102069 1.1995799541473389 53 1 0.80800000000000005 0.89999999999999991
 39 1 518 3 1 4 20 2000 2.8584073464102069 1.0992417335510254 59 0 1.0509999999999999 0.79999999999999993
 40 1 164 0.40000000000000002 2 3 20 2200 -1.1415926535897931 1.3803534507751465 59 0 1.111 0.89999999999999991
 41 1 57 0 2 3 16 2400 -3.1415926535897931 0.97104907035827637 53 1 1.1919999999999999 0.69999999999999996
 42 1 190 0.40000000000000002 2 4 20 2400 1.8584073464102069 1.0751910209655762 53 1 1.1739999999999999 1
 43 1 384 1.2 2 4 20 2400 -2.1415926535897931 5.6757745742797852 59 0 1.0349999999999999 0.69999999999999996
 44 1 156 0.40000000000000002 2 3 16 2400 1.8584073464102069 1.8668804168701172 53 1 0.84199999999999997 0.89999999999999991
 45 1 370 1.2 2 4 16 2400 -2.1415926535897931 1.3617396354675293 59 0 1.054 1
 46 1 420 1.6000000000000001 1 4 16 2400 -1.1415926535897931 1.2364370822906494 59 0 1.1120000000000001 0.69999999999999996
 47 1 286 0.80000000000000004 2 4 20 2400 1.8584073464102069 1.3380494117736816 59 0 0.86899999999999999 1
 48 1 247 0.80000000000000004 2 3 16 2200 -3.1415926535897931 1.4190323352813721 59 0 0.89600000000000002 0.69999999999999996


# name: resolution
# type: matrix
# rows: 1
# columns: 2
 1366 768


# name: hz
# type: scalar
60


# name: pc
# type: sq_string
# elements: 1
# length: 21
gregor-Latitude-E6320


# name: experiment
# type: sq_string
# elements: 1
# length: 4
RFPb


# name: isOctave
# type: bool
1




